loss;elapsed time;iteration0.154565;43.65;0
0.123971;43.12;0
0.105140;43.42;0
0.091626;43.32;0
0.082202;42.91;0
0.075206;43.00;0
0.068892;43.32;0
0.063522;43.35;0
0.058261;43.37;0
0.055060;42.95;0
0.051118;43.04;0
0.043870;43.37;0
0.038646;43.32;0
0.034266;43.39;0
0.030860;43.48;0
0.028267;43.27;0
0.025665;43.57;0
0.023443;43.38;0
0.021781;43.87;0
0.019979;43.47;0
0.018638;43.29;0
0.017381;43.22;0
0.016186;43.42;0
0.014936;43.65;0
0.014129;43.27;0
0.012901;43.33;0
0.012269;43.23;0
0.011677;43.15;0
0.010924;43.28;0
0.010173;43.53;0
0.009432;43.66;0
0.008622;43.51;0
0.008217;43.20;0
0.007870;43.23;0
0.007743;43.37;0
0.007455;43.41;0
0.007086;43.23;0
0.006791;43.34;0
0.006639;43.47;0
0.006298;43.32;0
0.006109;43.25;0
0.005902;43.34;0
0.005733;43.26;0
0.005612;43.49;0
0.005469;43.38;0
0.005237;43.25;0
0.005047;43.31;0
0.004936;43.43;0
0.004780;43.33;0
0.004692;43.12;0
0.004611;43.37;0
0.004563;43.26;0
0.004477;43.42;0
0.004418;43.13;0
0.004352;43.65;0
0.004290;43.50;0
0.004216;43.50;0
0.004145;43.11;0
0.004091;43.20;0
0.004036;43.32;0
0.003980;43.22;0
0.003912;43.51;0
0.003834;43.43;0
0.003769;43.28;0
0.003707;43.47;0
0.003647;43.79;0
0.003637;43.25;0
0.003574;43.16;0
0.003526;43.20;0
0.003472;43.28;0
0.003432;43.67;0
0.003406;43.56;0
0.003381;43.49;0
0.003324;43.62;0
0.003311;43.17;0
0.003281;43.18;0
0.003249;43.32;0
0.003211;43.35;0
0.003180;43.39;0
0.003135;43.41;0
0.003093;43.46;0
0.003036;43.43;0
0.002951;43.26;0
0.002892;43.23;0
0.002836;43.32;0
0.002800;43.56;0
0.002772;43.30;0
0.002747;43.30;0
0.002712;43.20;0
0.002676;43.17;0
0.002635;43.39;0
0.002594;43.50;0
0.002548;43.43;0
0.002513;43.42;0
0.002466;43.37;0
0.002406;43.49;0
0.002361;43.61;0
0.002324;43.38;0
0.002282;43.43;0
0.002255;43.56;0
0.260080;43.55;1
0.160423;43.46;1
0.109115;43.24;1
0.086170;43.68;1
0.074450;43.36;1
0.066820;43.45;1
0.060758;43.47;1
0.055496;43.43;1
0.050824;43.85;1
0.046655;43.99;1
0.042880;43.61;1
0.039447;43.54;1
0.036311;43.85;1
0.033311;43.69;1
0.030380;43.46;1
0.027524;43.49;1
0.024733;43.82;1
0.021845;43.69;1
0.018705;43.34;1
0.014852;43.77;1
0.009305;43.93;1
0.006459;43.95;1
0.005787;43.79;1
0.005232;43.75;1
0.004874;43.78;1
0.004586;43.58;1
0.004347;43.62;1
0.004141;43.58;1
0.003963;44.10;1
0.003806;44.21;1
0.003665;44.08;1
0.003537;43.47;1
0.003421;43.57;1
0.003315;43.66;1
0.003219;43.31;1
0.003130;43.35;1
0.003049;43.42;1
0.002976;43.43;1
0.002909;43.44;1
0.002849;43.47;1
0.002793;43.58;1
0.002741;43.49;1
0.002694;43.55;1
0.002650;43.35;1
0.002610;43.43;1
0.002574;43.23;1
0.002540;43.63;1
0.002509;43.59;1
0.002480;43.54;1
0.002454;43.78;1
0.002741;43.79;1
0.002700;43.37;1
0.002650;43.76;1
0.002632;43.64;1
0.002630;43.28;1
0.002630;43.73;1
0.002595;43.86;1
0.002579;43.75;1
0.002561;43.63;1
0.002529;43.70;1
0.002509;43.46;1
0.002494;43.42;1
0.002481;43.57;1
0.002471;43.86;1
0.002462;43.44;1
0.002456;43.77;1
0.002451;43.60;1
0.002445;43.73;1
0.002438;43.71;1
0.002433;43.31;1
0.002426;43.29;1
0.002419;43.42;1
0.002411;43.25;1
0.002403;43.36;1
0.002398;43.66;1
0.002393;43.60;1
0.002389;44.05;1
0.002386;43.99;1
0.002384;43.86;1
0.002382;43.50;1
0.002380;43.68;1
0.002377;43.48;1
0.002375;43.23;1
0.002373;43.53;1
0.002371;43.98;1
0.002369;43.62;1
0.002369;43.45;1
0.002367;43.88;1
0.002364;43.71;1
0.002361;43.37;1
0.002359;43.30;1
0.002359;43.32;1
0.002358;43.94;1
0.002357;43.95;1
0.002356;43.76;1
0.002355;44.03;1
0.002354;44.02;1
0.002354;43.94;1
0.002353;43.29;1
0.002352;43.83;1
0.002264;43.71;2
0.002243;43.97;2
0.002224;44.12;2
0.002206;43.50;2
0.002189;43.48;2
0.002174;43.55;2
0.002160;43.97;2
0.002147;43.37;2
0.002136;43.49;2
0.002125;43.45;2
0.002115;43.62;2
0.002106;43.84;2
0.002098;43.75;2
0.002090;43.38;2
0.002083;43.52;2
0.002076;43.64;2
0.002070;43.56;2
0.002064;43.86;2
0.002059;43.84;2
0.002054;43.94;2
0.002050;43.74;2
0.002046;43.61;2
0.002042;43.37;2
0.002039;43.56;2
0.002036;43.66;2
0.002033;43.55;2
0.002030;43.50;2
0.002028;43.37;2
0.002026;43.45;2
0.002024;43.44;2
0.002022;43.43;2
0.002020;43.63;2
0.002019;43.60;2
0.002017;43.85;2
0.002016;43.59;2
0.002015;43.64;2
0.002013;43.71;2
0.002012;43.86;2
0.002011;43.55;2
0.002011;43.75;2
0.002010;43.96;2
0.002009;44.04;2
0.002008;43.78;2
0.002008;43.57;2
0.002007;43.52;2
0.002007;43.83;2
0.002006;43.73;2
0.002006;43.81;2
0.002005;43.56;2
0.002005;43.44;2
0.002008;43.72;2
0.002008;43.90;2
0.002008;43.69;2
0.002007;43.99;2
0.002007;43.66;2
0.002007;43.73;2
0.002007;43.89;2
0.002007;43.70;2
0.002007;43.56;2
0.002007;43.54;2
0.002006;43.58;2
0.002006;43.57;2
0.002006;44.03;2
0.002006;43.57;2
0.002006;43.92;2
0.002006;43.62;2
0.002006;43.75;2
0.002006;43.57;2
0.002006;43.48;2
0.002006;43.79;2
0.002005;43.76;2
0.002005;43.70;2
0.002005;43.70;2
0.002005;43.93;2
0.002005;43.78;2
0.002005;43.79;2
0.002005;43.78;2
0.002005;43.73;2
0.002005;43.79;2
0.002005;43.71;2
0.002005;43.93;2
0.002005;43.64;2
0.002005;43.78;2
0.002004;43.75;2
0.002004;43.58;2
0.002004;43.82;2
0.002004;43.93;2
0.002004;43.48;2
0.002004;43.53;2
0.002004;43.50;2
0.002004;43.35;2
0.002004;43.56;2
0.002004;43.64;2
0.002004;43.43;2
0.002004;43.93;2
0.002004;43.92;2
0.002003;43.60;2
0.002003;43.54;2
0.002003;43.64;2
0.002003;43.54;2
0.002005;43.43;3
0.002005;43.83;3
0.002005;43.70;3
0.002004;43.41;3
0.002004;43.61;3
0.002004;43.84;3
0.002004;43.78;3
0.002004;44.12;3
0.002004;43.83;3
0.002003;43.52;3
0.002003;43.71;3
0.002003;43.35;3
0.002003;43.49;3
0.002003;43.68;3
0.002003;43.79;3
0.002003;43.80;3
0.002003;43.79;3
0.002003;43.55;3
0.002003;43.44;3
0.002003;43.70;3
0.002002;43.69;3
0.002002;43.96;3
0.002002;43.65;3
0.002002;43.45;3
0.002002;43.47;3
0.002002;43.51;3
0.002002;43.40;3
0.002002;43.62;3
0.002002;43.92;3
0.002002;43.53;3
0.002002;43.38;3
0.002002;43.52;3
0.002002;43.73;3
0.002002;43.84;3
0.002002;43.91;3
0.002002;43.51;3
0.002002;43.48;3
0.002002;43.39;3
0.002001;43.91;3
0.002001;43.84;3
0.002001;43.75;3
0.002001;43.56;3
0.002001;43.64;3
0.002001;43.74;3
0.002001;43.63;3
0.002001;43.45;3
0.002001;43.59;3
0.002001;43.86;3
0.002001;43.51;3
0.002001;43.53;3
0.001998;43.63;3
0.001998;43.53;3
0.001998;43.43;3
0.001998;43.94;3
0.001998;43.59;3
0.001998;43.75;3
0.001998;43.51;3
0.001998;43.61;3
0.001998;43.50;3
0.001998;43.46;3
0.001998;43.78;3
0.001998;43.68;3
0.001998;43.50;3
0.001998;43.37;3
0.001998;43.36;3
0.001998;43.47;3
0.001998;43.74;3
0.001998;44.00;3
0.001998;43.55;3
0.001998;43.37;3
0.001998;43.90;3
0.001998;44.24;3
0.001998;43.72;3
0.001998;43.57;3
0.001998;43.51;3
0.001998;43.62;3
0.001998;43.53;3
0.001998;43.46;3
0.001997;43.38;3
0.001997;43.21;3
0.001997;43.49;3
0.001997;43.57;3
0.001997;43.46;3
0.001997;43.70;3
0.001997;43.64;3
0.001997;43.46;3
0.001997;43.52;3
0.001997;43.67;3
0.001997;43.70;3
0.001997;43.69;3
0.001997;43.56;3
0.001997;43.56;3
0.001997;43.84;3
0.001997;43.95;3
0.001997;43.92;3
0.001997;43.79;3
0.001997;43.40;3
0.001997;43.36;3
0.001997;43.44;3
0.001997;43.55;3
0.002001;43.63;4
0.002001;43.89;4
0.002001;43.79;4
0.002001;43.62;4
0.002001;43.51;4
0.002001;43.48;4
0.002001;43.29;4
0.002001;43.38;4
0.002000;43.93;4
0.002000;43.64;4
0.002000;43.71;4
0.002000;43.63;4
0.002000;43.67;4
0.002000;43.69;4
0.002000;43.82;4
0.002000;43.63;4
0.002000;43.80;4
0.002000;43.67;4
0.002000;43.62;4
0.002000;43.60;4
0.002000;43.43;4
0.002000;43.56;4
0.001999;43.37;4
0.001999;43.37;4
0.001999;43.46;4
0.001999;43.64;4
0.001999;43.60;4
0.001999;43.91;4
0.001999;44.06;4
0.001999;44.01;4
0.001999;44.19;4
0.001999;43.89;4
0.001999;43.78;4
0.001999;43.45;4
0.001998;43.52;4
0.001998;43.52;4
0.001998;43.61;4
0.001998;43.63;4
0.001998;43.74;4
0.001998;43.97;4
0.001998;43.72;4
0.001998;43.58;4
0.001998;43.74;4
0.001998;43.73;4
0.001998;43.60;4
0.001998;43.79;4
0.001998;43.71;4
0.001998;43.73;4
0.001997;43.67;4
0.001997;43.88;4
0.001985;43.76;4
0.001985;43.98;4
0.001985;44.00;4
0.001985;43.85;4
0.001985;43.48;4
0.001985;43.42;4
0.001985;43.29;4
0.001985;43.44;4
0.001985;43.61;4
0.001985;43.67;4
0.001985;43.67;4
0.001985;43.58;4
0.001985;43.47;4
0.001985;43.54;4
0.001985;43.37;4
0.001985;43.60;4
0.001985;43.81;4
0.001985;44.00;4
0.001985;43.56;4
0.001985;43.42;4
0.001985;43.38;4
0.001985;43.50;4
0.001985;43.41;4
0.001985;43.66;4
0.001985;43.74;4
0.001985;43.36;4
0.001985;43.88;4
0.001985;43.55;4
0.001985;43.37;4
0.001985;43.56;4
0.001985;43.38;4
0.001985;43.75;4
0.001985;43.71;4
0.001985;43.52;4
0.001985;43.37;4
0.001985;43.45;4
0.001985;43.52;4
0.001985;43.44;4
0.001985;43.55;4
0.001985;43.59;4
0.001985;43.55;4
0.001985;43.54;4
0.001985;43.71;4
0.001985;43.50;4
0.001985;43.41;4
0.001985;43.50;4
0.001985;43.43;4
0.001985;43.29;4
0.001985;43.43;4
0.001985;43.58;4
0.001994;43.62;5
0.001994;43.58;5
0.001994;43.43;5
0.001994;43.63;5
0.001994;43.52;5
0.001994;43.81;5
0.001994;43.51;5
0.001994;43.66;5
0.001994;43.40;5
0.001994;43.41;5
0.001993;43.65;5
0.001993;43.36;5
0.001993;43.57;5
0.001993;43.69;5
0.001993;43.77;5
0.001993;43.46;5
0.001993;43.37;5
0.001993;43.49;5
0.001993;43.46;5
0.001993;43.68;5
0.001993;43.49;5
0.001993;43.58;5
0.001993;43.30;5
0.001993;43.42;5
0.001993;43.45;5
0.001993;43.64;5
0.001993;43.92;5
0.001993;43.39;5
0.001993;43.59;5
0.001993;43.54;5
0.001993;43.33;5
0.001993;43.46;5
0.001993;43.82;5
0.001993;43.80;5
0.001993;43.85;5
0.001993;43.84;5
0.001993;43.77;5
0.001993;43.85;5
0.001993;44.02;5
0.001992;43.49;5
0.001992;43.89;5
0.001992;43.67;5
0.001992;43.52;5
0.001992;43.51;5
0.001992;43.29;5
0.001992;43.58;5
0.001992;43.88;5
0.001992;43.60;5
0.001992;43.54;5
0.001992;43.49;5
0.001982;43.28;5
0.001982;43.36;5
0.001982;43.45;5
0.001982;43.49;5
0.001982;43.55;5
0.001982;43.65;5
0.001982;43.52;5
0.001982;43.86;5
0.001982;43.85;5
0.001982;44.20;5
0.001982;43.60;5
0.001982;43.92;5
0.001982;43.89;5
0.001982;43.90;5
0.001982;44.01;5
0.001982;43.76;5
0.001982;43.67;5
0.001982;43.66;5
0.001982;43.79;5
0.001982;43.68;5
0.001982;44.06;5
0.001982;43.96;5
0.001982;43.66;5
0.001982;43.87;5
0.001982;43.76;5
0.001982;43.72;5
0.001982;43.67;5
0.001982;43.56;5
0.001982;43.38;5
0.001982;43.44;5
0.001982;43.92;5
0.001982;43.99;5
0.001982;44.09;5
0.001982;44.26;5
0.001982;44.16;5
0.001982;43.73;5
0.001982;43.41;5
0.001982;43.41;5
0.001982;43.22;5
0.001982;43.63;5
0.001982;43.84;5
0.001982;43.72;5
0.001982;43.94;5
0.001982;44.04;5
0.001982;44.07;5
0.001982;43.67;5
0.001982;43.77;5
0.001981;43.66;5
0.001981;43.66;5
0.001981;43.91;5
0.002001;43.82;6
0.002001;43.92;6
0.002001;44.14;6
0.002001;43.79;6
0.002001;43.60;6
0.002001;43.69;6
0.002001;43.47;6
0.002001;43.54;6
0.002001;43.72;6
0.002001;43.81;6
0.002001;43.41;6
0.002001;43.50;6
0.002001;44.12;6
0.002001;43.94;6
0.002001;43.64;6
0.002001;43.74;6
0.002001;43.57;6
0.002001;44.02;6
0.002001;43.62;6
0.002001;43.77;6
0.002001;43.40;6
0.002001;43.50;6
0.002001;43.62;6
0.002001;43.77;6
0.002001;43.73;6
0.002001;43.63;6
0.002001;43.43;6
0.002001;43.56;6
0.002001;43.46;6
0.002001;43.44;6
0.002001;43.56;6
0.002001;43.60;6
0.002001;43.63;6
0.002001;43.82;6
0.002001;43.77;6
0.002001;43.68;6
0.002001;43.55;6
0.002001;43.74;6
0.002001;43.55;6
0.002001;43.78;6
0.002001;43.50;6
0.002001;43.95;6
0.002001;43.94;6
0.002001;44.11;6
0.002001;44.14;6
0.002001;44.13;6
0.002001;44.18;6
0.002001;43.71;6
0.002001;43.43;6
0.002001;43.40;6
0.001983;43.47;6
0.001983;43.46;6
0.001983;43.37;6
0.001983;43.42;6
0.001983;43.61;6
0.001983;43.43;6
0.001983;43.88;6
0.001983;43.84;6
0.001983;43.77;6
0.001983;43.63;6
0.001983;43.76;6
0.001983;43.56;6
0.001983;43.81;6
0.001983;43.92;6
0.001983;44.04;6
0.001983;43.86;6
0.001983;43.65;6
0.001983;43.82;6
0.001983;43.79;6
0.001983;43.88;6
0.001983;43.69;6
0.001983;43.91;6
0.001983;43.64;6
0.001983;43.73;6
0.001983;43.79;6
0.001983;43.89;6
0.001983;43.86;6
0.001983;43.82;6
0.001983;43.99;6
0.001983;43.89;6
0.001982;43.59;6
0.001982;43.61;6
0.001982;43.51;6
0.001982;43.55;6
0.001982;43.78;6
0.001982;43.82;6
0.001982;43.74;6
0.001982;43.98;6
0.001982;44.08;6
0.001982;43.73;6
0.001982;43.60;6
0.001982;43.74;6
0.001982;43.95;6
0.001982;43.79;6
0.001982;43.95;6
0.001982;43.86;6
0.001982;44.17;6
0.001982;43.90;6
0.001982;43.63;6
0.001982;43.76;6
0.002005;43.30;7
0.002005;43.45;7
0.002005;43.55;7
0.002005;43.79;7
0.002005;43.90;7
0.002005;44.08;7
0.002005;43.53;7
0.002005;43.79;7
0.002005;43.52;7
0.002005;43.44;7
0.002005;43.71;7
0.002004;43.45;7
0.002004;43.64;7
0.002004;43.58;7
0.002004;43.77;7
0.002004;43.71;7
0.002004;43.85;7
0.002004;43.59;7
0.002004;43.56;7
0.002004;43.44;7
0.002004;43.83;7
0.002004;43.88;7
0.002004;44.11;7
0.002004;44.27;7
0.002004;44.19;7
0.002004;44.01;7
0.002004;44.21;7
0.002004;43.74;7
0.002004;43.67;7
0.002004;43.70;7
0.002004;43.50;7
0.002004;43.35;7
0.002004;43.88;7
0.002004;43.67;7
0.002004;43.63;7
0.002004;43.72;7
0.002004;43.56;7
0.002004;43.99;7
0.002004;43.65;7
0.002004;43.60;7
0.002004;43.49;7
0.002004;43.78;7
0.002004;43.50;7
0.002004;43.49;7
0.002004;43.46;7
0.002004;43.46;7
0.002004;43.31;7
0.002004;43.47;7
0.002004;44.05;7
0.002004;43.91;7
0.001974;43.51;7
0.001973;43.36;7
0.001973;43.78;7
0.001973;43.87;7
0.001973;44.08;7
0.001973;43.99;7
0.001973;43.86;7
0.001973;43.82;7
0.001973;44.21;7
0.001973;44.04;7
0.001973;43.53;7
0.001973;43.39;7
0.001973;43.58;7
0.001973;43.51;7
0.001973;43.45;7
0.001973;43.46;7
0.001973;43.84;7
0.001973;43.79;7
0.001973;43.59;7
0.001973;43.52;7
0.001973;43.38;7
0.001973;43.64;7
0.001973;43.52;7
0.001973;43.53;7
0.001973;43.45;7
0.001973;43.58;7
0.001973;43.80;7
0.001973;43.93;7
0.001973;43.64;7
0.001973;43.64;7
0.001973;43.60;7
0.001973;43.61;7
0.001973;43.35;7
0.001972;43.84;7
0.001972;43.98;7
0.001972;43.82;7
0.001972;43.57;7
0.001972;43.33;7
0.001972;43.49;7
0.001972;43.87;7
0.001972;44.35;7
0.001972;43.88;7
0.001972;43.60;7
0.001972;43.87;7
0.001972;43.52;7
0.001972;43.66;7
0.001972;43.45;7
0.001972;43.36;7
0.001972;43.45;7
0.001972;43.44;7
0.001999;43.71;8
0.001999;43.64;8
0.001999;43.55;8
0.001999;43.58;8
0.001998;43.77;8
0.001998;43.49;8
0.001998;43.65;8
0.001998;43.73;8
0.001998;43.86;8
0.001998;43.67;8
0.001998;43.80;8
0.001998;43.55;8
0.001998;43.46;8
0.001998;43.60;8
0.001998;43.37;8
0.001998;43.40;8
0.001998;43.43;8
0.001998;43.59;8
0.001998;43.71;8
0.001998;43.51;8
0.001998;43.54;8
0.001998;43.64;8
0.001998;43.43;8
0.001998;43.25;8
0.001998;43.46;8
0.001998;43.64;8
0.001998;43.63;8
0.001998;43.64;8
0.001998;43.89;8
0.001998;43.86;8
0.001998;43.73;8
0.001998;43.81;8
0.001998;44.02;8
0.001997;43.98;8
0.001997;44.15;8
0.001997;43.83;8
0.001997;43.79;8
0.001997;43.51;8
0.001997;43.66;8
0.001997;43.43;8
0.001997;43.58;8
0.001997;43.48;8
0.001997;43.47;8
0.001997;43.63;8
0.001997;43.69;8
0.001997;43.64;8
0.001997;43.57;8
0.001997;43.58;8
0.001997;43.56;8
0.001997;43.53;8
0.001969;43.34;8
0.001969;43.55;8
0.001969;43.83;8
0.001969;43.80;8
0.001969;43.82;8
0.001969;43.92;8
0.001969;43.57;8
0.001969;43.65;8
0.001969;43.88;8
0.001969;43.46;8
0.001969;43.59;8
0.001969;43.39;8
0.001969;43.63;8
0.001969;43.48;8
0.001968;43.56;8
0.001968;43.47;8
0.001968;43.56;8
0.001968;43.62;8
0.001968;43.53;8
0.001968;43.67;8
0.001968;43.55;8
0.001968;43.45;8
0.001968;43.30;8
0.001967;43.52;8
0.001967;43.33;8
0.001967;43.54;8
0.001967;43.60;8
0.001967;43.45;8
0.001967;43.30;8
0.001966;43.41;8
0.001966;43.49;8
0.001966;43.47;8
0.001966;43.48;8
0.001966;43.39;8
0.001965;43.58;8
0.001965;43.39;8
0.001965;43.33;8
0.001965;43.22;8
0.001965;43.28;8
0.001964;43.40;8
0.001964;43.48;8
0.001964;43.54;8
0.001964;43.61;8
0.001964;43.47;8
0.001963;43.79;8
0.001963;43.57;8
0.001963;43.37;8
0.001963;43.30;8
0.001962;43.46;8
0.001962;43.53;8
0.001997;43.80;9
0.001997;43.80;9
0.001997;43.46;9
0.001997;43.67;9
0.001997;43.53;9
0.001997;43.30;9
0.001997;43.48;9
0.001997;43.48;9
0.001997;43.88;9
0.001997;44.19;9
0.001997;43.79;9
0.001997;43.68;9
0.001997;44.13;9
0.001997;43.55;9
0.001997;43.60;9
0.001997;43.50;9
0.001997;43.65;9
0.001997;44.15;9
0.001997;43.64;9
0.001997;43.63;9
0.001997;43.48;9
0.001997;43.74;9
0.001997;43.66;9
0.001997;43.86;9
0.001997;43.57;9
0.001996;43.39;9
0.001996;43.45;9
0.001996;43.66;9
0.001996;43.48;9
0.001996;43.46;9
0.001996;43.38;9
0.001996;43.87;9
0.001996;43.68;9
0.001996;43.61;9
0.001996;43.54;9
0.001996;43.61;9
0.001996;43.65;9
0.001996;43.68;9
0.001996;43.73;9
0.001996;43.57;9
0.001996;43.61;9
0.001996;43.89;9
0.001996;43.78;9
0.001996;43.67;9
0.001996;43.82;9
0.001996;43.57;9
0.001996;43.57;9
0.001996;43.73;9
0.001996;43.54;9
0.001996;43.72;9
0.001956;43.44;9
0.001956;43.68;9
0.001955;43.81;9
0.001955;43.66;9
0.001955;43.69;9
0.001954;43.68;9
0.001954;43.80;9
0.001954;43.74;9
0.001954;43.96;9
0.001953;43.94;9
0.001953;43.86;9
0.001953;43.69;9
0.001952;43.82;9
0.001952;44.20;9
0.001952;43.86;9
0.001952;43.87;9
0.001952;43.72;9
0.001951;43.38;9
0.001951;43.50;9
0.001951;43.47;9
0.001951;43.68;9
0.001951;43.31;9
0.001950;43.61;9
0.001950;43.53;9
0.001950;43.71;9
0.001950;43.74;9
0.001950;43.64;9
0.001950;43.84;9
0.001949;43.72;9
0.001949;43.65;9
0.001949;43.52;9
0.001949;43.48;9
0.001949;43.61;9
0.001949;43.57;9
0.001949;43.37;9
0.001948;43.56;9
0.001948;43.54;9
0.001948;43.44;9
0.001948;43.36;9
0.001948;43.51;9
0.001948;43.97;9
0.001948;43.84;9
0.001948;44.34;9
0.001947;43.97;9
0.001947;43.71;9
0.001947;43.33;9
0.001947;43.47;9
0.001947;43.78;9
0.001947;43.75;9
0.001947;43.86;9
0.001976;44.06;10
0.001976;44.04;10
0.001976;43.52;10
0.001976;43.57;10
0.001976;43.51;10
0.001975;43.52;10
0.001975;43.53;10
0.001975;43.43;10
0.001975;43.44;10
0.001975;43.67;10
0.001975;43.70;10
0.001975;43.94;10
0.001975;43.80;10
0.001975;43.82;10
0.001975;43.83;10
0.001975;43.72;10
0.001975;43.57;10
0.001975;43.50;10
0.001975;43.45;10
0.001975;43.47;10
0.001975;43.85;10
0.001975;43.98;10
0.001975;43.67;10
0.001975;43.92;10
0.001975;44.04;10
0.001975;43.82;10
0.001975;43.69;10
0.001975;43.73;10
0.001975;43.68;10
0.001975;43.67;10
0.001974;43.66;10
0.001974;44.00;10
0.001974;43.62;10
0.001974;43.97;10
0.001974;43.88;10
0.001974;43.80;10
0.001974;43.78;10
0.001974;43.80;10
0.001974;43.85;10
0.001974;43.65;10
0.001974;43.59;10
0.001974;43.55;10
0.001974;43.55;10
0.001974;43.41;10
0.001974;43.65;10
0.001974;43.54;10
0.001974;43.56;10
0.001974;43.42;10
0.001974;43.54;10
0.001974;43.66;10
0.001935;43.78;10
0.001935;43.52;10
0.001935;43.67;10
0.001935;43.60;10
0.001935;43.66;10
0.001935;43.85;10
0.001934;43.62;10
0.001934;43.83;10
0.001934;43.94;10
0.001934;43.69;10
0.001934;43.41;10
0.001934;43.59;10
0.001934;43.92;10
0.001934;43.83;10
0.001934;43.80;10
0.001934;43.86;10
0.001934;43.77;10
0.001934;43.37;10
0.001934;43.37;10
0.001934;43.52;10
0.001934;43.60;10
0.001934;44.17;10
0.001934;43.78;10
0.001934;43.89;10
0.001934;43.90;10
0.001933;43.61;10
0.001933;43.53;10
0.001933;43.51;10
0.001933;43.28;10
0.001933;43.46;10
0.001933;43.55;10
0.001933;43.59;10
0.001933;43.63;10
0.001933;43.85;10
0.001933;43.71;10
0.001933;43.73;10
0.001933;43.51;10
0.001933;43.52;10
0.001933;43.64;10
0.001933;43.62;10
0.001933;43.49;10
0.001933;43.38;10
0.001933;43.87;10
0.001933;44.06;10
0.001933;44.03;10
0.001933;44.00;10
0.001933;43.97;10
0.001933;43.87;10
0.001933;43.89;10
0.001933;43.52;10
0.001977;43.50;11
0.001977;43.84;11
0.001977;43.96;11
0.001977;43.74;11
0.001977;43.62;11
0.001977;43.66;11
0.001977;43.53;11
0.001977;43.52;11
0.001977;43.64;11
0.001977;43.28;11
0.001977;43.55;11
0.001977;43.97;11
0.001977;43.37;11
0.001977;43.46;11
0.001976;43.69;11
0.001976;43.84;11
0.001976;43.50;11
0.001976;43.57;11
0.001976;43.90;11
0.001976;43.71;11
0.001976;43.57;11
0.001976;43.70;11
0.001976;43.48;11
0.001976;43.75;11
0.001976;43.95;11
0.001976;43.47;11
0.001976;43.85;11
0.001976;44.03;11
0.001976;43.93;11
0.001976;44.01;11
0.001976;44.05;11
0.001976;43.75;11
0.001976;43.59;11
0.001976;43.62;11
0.001976;43.78;11
0.001976;43.43;11
0.001976;43.55;11
0.001976;43.40;11
0.001976;43.48;11
0.001975;43.53;11
0.001975;43.71;11
0.001975;43.75;11
0.001975;43.61;11
0.001975;43.55;11
0.001975;43.67;11
0.001975;43.60;11
0.001975;43.56;11
0.001975;43.40;11
0.001975;43.34;11
0.001975;43.50;11
0.001928;44.19;11
0.001928;43.84;11
0.001928;43.54;11
0.001928;44.02;11
0.001928;43.72;11
0.001928;43.59;11
0.001928;43.48;11
0.001928;43.61;11
0.001928;43.53;11
0.001928;43.60;11
0.001928;43.86;11
0.001928;43.97;11
0.001928;43.81;11
0.001928;43.39;11
0.001928;43.97;11
0.001928;43.58;11
0.001928;43.68;11
0.001928;43.57;11
0.001928;43.63;11
0.001927;43.47;11
0.001927;43.42;11
0.001927;43.36;11
0.001927;43.71;11
0.001927;43.23;11
0.001927;43.62;11
0.001927;43.82;11
0.001927;43.59;11
0.001927;43.68;11
0.001927;43.99;11
0.001927;43.73;11
0.001927;43.38;11
0.001927;43.37;11
0.001927;43.40;11
0.001927;43.32;11
0.001927;43.54;11
0.001927;43.67;11
0.001927;43.82;11
0.001927;43.66;11
0.001927;43.70;11
0.001927;43.78;11
0.001927;43.60;11
0.001927;43.52;11
0.001927;43.20;11
0.001927;43.29;11
0.001927;43.46;11
0.001927;43.23;11
0.001927;43.49;11
0.001927;43.84;11
0.001927;43.58;11
0.001927;43.60;11
0.001975;43.59;12
0.001975;43.34;12
0.001975;43.46;12
0.001975;43.29;12
0.001975;43.39;12
0.001975;43.66;12
0.001975;43.49;12
0.001975;43.59;12
0.001975;43.68;12
0.001975;43.58;12
0.001975;43.47;12
0.001975;43.46;12
0.001975;43.46;12
0.001975;43.47;12
0.001975;43.46;12
0.001975;43.47;12
0.001975;43.51;12
0.001975;43.41;12
0.001975;43.45;12
0.001975;43.26;12
0.001975;43.75;12
0.001975;43.67;12
0.001975;43.57;12
0.001975;43.77;12
0.001975;43.57;12
0.001975;43.57;12
0.001975;43.53;12
0.001975;43.31;12
0.001975;43.29;12
0.001975;43.39;12
0.001975;43.71;12
0.001975;44.06;12
0.001975;44.01;12
0.001975;43.95;12
0.001975;43.53;12
0.001975;43.55;12
0.001975;43.57;12
0.001975;43.47;12
0.001975;43.44;12
0.001975;43.56;12
0.001975;43.51;12
0.001974;43.52;12
0.001974;43.49;12
0.001974;43.39;12
0.001974;43.40;12
0.001974;43.35;12
0.001974;43.47;12
0.001974;43.55;12
0.001974;43.38;12
0.001974;43.37;12
0.001928;43.38;12
0.001928;43.56;12
0.001928;43.76;12
0.001928;43.86;12
0.001928;43.55;12
0.001928;43.52;12
0.001928;43.95;12
0.001928;43.62;12
0.001928;43.75;12
0.001928;43.51;12
0.001928;43.40;12
0.001928;43.29;12
0.001928;43.25;12
0.001928;43.45;12
0.001928;43.53;12
0.001928;43.37;12
0.001928;43.46;12
0.001928;43.48;12
0.001928;43.93;12
0.001928;43.52;12
0.001928;43.74;12
0.001928;43.72;12
0.001928;43.54;12
0.001928;43.48;12
0.001928;43.36;12
0.001927;43.50;12
0.001927;43.80;12
0.001927;43.78;12
0.001927;43.77;12
0.001927;43.56;12
0.001927;43.67;12
0.001927;43.71;12
0.001927;43.29;12
0.001927;43.13;12
0.001927;43.17;12
0.001927;43.32;12
0.001927;43.60;12
0.001927;43.64;12
0.001927;43.84;12
0.001927;44.05;12
0.001927;43.57;12
0.001927;43.32;12
0.001927;43.39;12
0.001927;43.44;12
0.001927;43.66;12
0.001927;43.61;12
0.001927;43.37;12
0.001927;43.63;12
0.001927;43.69;12
0.001927;43.64;12
0.001973;43.58;13
0.001973;43.40;13
0.001973;43.73;13
0.001973;43.52;13
0.001973;43.73;13
0.001973;44.06;13
0.001973;43.80;13
0.001973;43.69;13
0.001973;43.80;13
0.001973;43.74;13
0.001973;43.84;13
0.001973;44.05;13
0.001973;43.96;13
0.001973;43.82;13
0.001973;43.61;13
0.001973;44.05;13
0.001973;43.66;13
0.001973;43.74;13
0.001973;43.57;13
0.001973;43.86;13
0.001973;43.79;13
0.001973;43.62;13
0.001973;43.52;13
0.001973;43.35;13
0.001973;43.80;13
0.001973;43.46;13
0.001973;43.59;13
0.001973;44.09;13
0.001973;43.48;13
0.001973;43.49;13
0.001973;43.45;13
0.001973;43.57;13
0.001973;43.86;13
0.001973;44.08;13
0.001973;43.84;13
0.001973;43.52;13
0.001973;43.29;13
0.001973;43.70;13
0.001973;43.64;13
0.001973;44.17;13
0.001973;43.79;13
0.001973;43.52;13
0.001973;43.55;13
0.001973;43.53;13
0.001973;43.63;13
0.001973;43.50;13
0.001973;43.57;13
0.001973;44.07;13
0.001973;43.97;13
0.001973;43.84;13
0.001932;43.91;13
0.001932;43.92;13
0.001932;43.77;13
0.001932;43.75;13
0.001932;43.81;13
0.001932;43.71;13
0.001932;43.66;13
0.001932;43.54;13
0.001932;43.30;13
0.001932;43.30;13
0.001932;43.28;13
0.001932;43.41;13
0.001932;43.40;13
0.001932;43.28;13
0.001932;43.78;13
0.001932;43.80;13
0.001932;43.68;13
0.001932;44.02;13
0.001932;43.79;13
0.001932;43.90;13
0.001932;43.55;13
0.001932;43.40;13
0.001932;43.32;13
0.001932;43.42;13
0.001932;43.47;13
0.001932;43.51;13
0.001932;43.48;13
0.001932;43.78;13
0.001932;43.61;13
0.001932;43.46;13
0.001932;43.29;13
0.001932;43.32;13
0.001932;43.46;13
0.001932;43.83;13
0.001932;44.05;13
0.001932;43.91;13
0.001932;43.72;13
0.001932;43.67;13
0.001932;43.83;13
0.001932;43.62;13
0.001932;43.61;13
0.001932;43.58;13
0.001932;43.66;13
0.001932;43.58;13
0.001932;43.52;13
0.001932;43.40;13
0.001932;43.42;13
0.001932;43.31;13
0.001932;43.47;13
0.001932;43.63;13
0.001973;43.70;14
0.001973;43.77;14
0.001973;43.67;14
0.001973;43.51;14
0.001973;43.53;14
0.001973;43.30;14
0.001973;43.51;14
0.001973;43.59;14
0.001973;43.70;14
0.001973;43.85;14
0.001973;43.56;14
0.001973;43.46;14
0.001973;43.40;14
0.001973;43.43;14
0.001973;43.45;14
0.001973;43.50;14
0.001973;43.72;14
0.001973;43.64;14
0.001973;43.74;14
0.001973;43.32;14
0.001973;43.22;14
0.001973;43.42;14
0.001973;43.30;14
0.001973;43.81;14
0.001973;43.60;14
0.001973;44.02;14
0.001973;44.07;14
0.001973;43.86;14
0.001973;43.67;14
0.001973;43.42;14
0.001973;43.27;14
0.001973;43.26;14
0.001973;43.93;14
0.001972;43.85;14
0.001972;43.78;14
0.001972;43.37;14
0.001972;43.45;14
0.001972;43.78;14
0.001972;43.65;14
0.001972;43.29;14
0.001972;43.34;14
0.001972;43.48;14
0.001972;43.53;14
0.001972;43.49;14
0.001972;43.85;14
0.001972;43.60;14
0.001972;43.64;14
0.001972;43.54;14
0.001972;43.54;14
0.001972;43.35;14
0.001926;43.66;14
0.001926;43.85;14
0.001926;44.23;14
0.001926;44.08;14
0.001926;43.57;14
0.001926;43.36;14
0.001926;43.66;14
0.001926;43.84;14
0.001926;44.09;14
0.001926;44.07;14
0.001926;43.50;14
0.001926;43.26;14
0.001926;43.16;14
0.001926;43.90;14
0.001926;44.00;14
0.001926;43.66;14
0.001926;43.59;14
0.001926;43.51;14
0.001925;43.46;14
0.001925;43.58;14
0.001925;43.67;14
0.001925;43.74;14
0.001925;43.59;14
0.001925;43.42;14
0.001925;43.61;14
0.001925;43.61;14
0.001925;43.38;14
0.001925;43.63;14
0.001925;43.44;14
0.001925;43.51;14
0.001925;43.71;14
0.001925;43.65;14
0.001925;43.61;14
0.001925;43.97;14
0.001925;43.99;14
0.001925;43.90;14
0.001925;43.73;14
0.001925;43.38;14
0.001925;43.66;14
0.001925;43.65;14
0.001925;43.67;14
0.001925;43.66;14
0.001925;43.75;14
0.001925;43.37;14
0.001925;43.44;14
0.001925;43.37;14
0.001925;43.49;14
0.001925;43.38;14
0.001925;43.45;14
0.001925;43.72;14
0.001969;43.53;15
0.001969;43.57;15
0.001969;43.91;15
0.001969;43.39;15
0.001969;43.53;15
0.001969;43.74;15
0.001969;43.65;15
0.001969;44.11;15
0.001969;43.77;15
0.001969;43.87;15
0.001969;43.51;15
0.001969;43.49;15
0.001969;43.55;15
0.001969;43.87;15
0.001969;43.64;15
0.001969;43.86;15
0.001969;44.07;15
0.001969;43.89;15
0.001969;43.76;15
0.001969;43.92;15
0.001969;43.77;15
0.001969;43.48;15
0.001969;43.76;15
0.001969;43.58;15
0.001969;43.62;15
0.001969;43.54;15
0.001969;43.81;15
0.001969;43.53;15
0.001969;43.59;15
0.001969;43.85;15
0.001969;43.87;15
0.001969;43.98;15
0.001969;44.10;15
0.001969;43.88;15
0.001969;44.05;15
0.001969;43.34;15
0.001969;43.50;15
0.001969;43.38;15
0.001969;43.51;15
0.001969;43.48;15
0.001969;43.73;15
0.001969;43.57;15
0.001969;43.75;15
0.001969;43.69;15
0.001969;43.53;15
0.001968;43.65;15
0.001968;43.49;15
0.001968;43.53;15
0.001968;44.03;15
0.001968;43.93;15
0.001921;43.74;15
0.001921;43.88;15
0.001921;43.96;15
0.001921;43.96;15
0.001921;43.45;15
0.001921;43.37;15
0.001921;43.54;15
0.001921;43.82;15
0.001921;43.59;15
0.001921;43.48;15
0.001921;43.61;15
0.001921;43.83;15
0.001921;44.20;15
0.001921;43.66;15
0.001921;43.45;15
0.001921;43.46;15
0.001921;43.36;15
0.001921;43.41;15
0.001921;43.73;15
0.001921;44.15;15
0.001921;43.82;15
0.001921;43.78;15
0.001921;43.49;15
0.001921;43.70;15
0.001921;43.59;15
0.001921;43.54;15
0.001921;43.35;15
0.001921;43.51;15
0.001921;43.57;15
0.001921;43.83;15
0.001921;43.58;15
0.001921;43.88;15
0.001920;43.93;15
0.001920;43.76;15
0.001920;43.72;15
0.001920;43.73;15
0.001920;43.86;15
0.001920;43.94;15
0.001920;43.90;15
0.001920;44.03;15
0.001920;43.77;15
0.001920;43.65;15
0.001920;43.55;15
0.001920;43.41;15
0.001920;43.38;15
0.001920;43.44;15
0.001920;43.52;15
0.001920;43.73;15
0.001920;43.57;15
0.001920;43.68;15
0.001974;43.74;16
0.001974;43.65;16
0.001974;43.58;16
0.001974;43.49;16
0.001974;43.58;16
0.001974;43.50;16
0.001974;43.61;16
0.001974;43.55;16
0.001974;43.45;16
0.001974;43.58;16
0.001974;43.92;16
0.001974;43.53;16
0.001974;43.42;16
0.001974;43.54;16
0.001974;43.48;16
0.001974;43.35;16
0.001974;43.55;16
0.001974;43.58;16
0.001974;43.54;16
0.001974;43.46;16
0.001974;43.48;16
0.001974;43.64;16
0.001974;43.44;16
0.001974;43.49;16
0.001974;43.34;16
0.001974;43.29;16
0.001974;43.48;16
0.001974;43.56;16
0.001974;43.57;16
0.001974;43.78;16
0.001974;43.62;16
0.001974;43.61;16
0.001974;43.85;16
0.001974;43.59;16
0.001974;43.52;16
0.001974;43.41;16
0.001974;43.47;16
0.001974;43.36;16
0.001974;43.64;16
0.001974;43.60;16
0.001974;43.74;16
0.001973;43.71;16
0.001973;43.61;16
0.001973;43.77;16
0.001973;43.54;16
0.001973;43.54;16
0.001973;43.41;16
0.001973;43.34;16
0.001973;43.48;16
0.001973;43.40;16
0.001922;43.79;16
0.001922;43.90;16
0.001922;43.69;16
0.001922;43.85;16
0.001922;43.49;16
0.001922;43.45;16
0.001922;43.38;16
0.001922;43.64;16
0.001922;43.77;16
0.001922;43.97;16
0.001922;43.92;16
0.001922;43.78;16
0.001922;43.59;16
0.001922;43.59;16
0.001922;43.52;16
0.001922;43.59;16
0.001922;43.48;16
0.001922;43.49;16
0.001922;43.74;16
0.001922;43.59;16
0.001922;43.44;16
0.001922;43.64;16
0.001922;43.66;16
0.001922;43.55;16
0.001922;43.62;16
0.001922;43.52;16
0.001922;43.78;16
0.001922;43.68;16
0.001922;43.74;16
0.001922;43.68;16
0.001922;43.61;16
0.001922;43.66;16
0.001922;43.83;16
0.001922;43.52;16
0.001922;43.69;16
0.001922;43.54;16
0.001922;43.53;16
0.001922;43.59;16
0.001922;43.38;16
0.001922;43.31;16
0.001922;43.39;16
0.001922;43.58;16
0.001922;43.41;16
0.001922;43.57;16
0.001922;43.46;16
0.001922;43.33;16
0.001922;43.78;16
0.001922;43.59;16
0.001922;43.57;16
0.001922;43.92;16
0.001973;43.76;17
0.001973;43.72;17
0.001973;43.74;17
0.001973;43.55;17
0.001973;43.65;17
0.001973;43.82;17
0.001973;44.07;17
0.001973;44.02;17
0.001973;43.85;17
0.001973;43.64;17
0.001973;43.44;17
0.001973;43.40;17
0.001973;43.48;17
0.001973;43.87;17
0.001973;43.61;17
0.001973;43.47;17
0.001973;43.69;17
0.001973;43.53;17
0.001973;43.55;17
0.001973;43.51;17
0.001973;43.76;17
0.001973;43.66;17
0.001973;43.63;17
0.001972;43.86;17
0.001972;43.52;17
0.001972;43.56;17
0.001972;43.54;17
0.001972;43.55;17
0.001972;43.54;17
0.001972;43.63;17
0.001972;43.58;17
0.001972;43.42;17
0.001972;43.60;17
0.001972;43.52;17
0.001972;43.68;17
0.001972;43.62;17
0.001972;43.85;17
0.001972;43.88;17
0.001972;43.71;17
0.001972;43.57;17
0.001972;43.48;17
0.001972;43.52;17
0.001972;43.41;17
0.001972;43.64;17
0.001972;43.77;17
0.001972;43.77;17
0.001972;43.67;17
0.001972;43.61;17
0.001972;43.65;17
0.001972;43.73;17
0.001924;43.67;17
0.001924;43.57;17
0.001924;43.72;17
0.001924;43.49;17
0.001924;43.64;17
0.001924;43.52;17
0.001924;43.48;17
0.001924;43.50;17
0.001924;43.36;17
0.001924;43.43;17
0.001924;43.48;17
0.001924;43.70;17
0.001924;43.53;17
0.001924;43.56;17
0.001924;43.62;17
0.001924;43.65;17
0.001924;43.77;17
0.001924;44.09;17
0.001924;43.68;17
0.001924;43.88;17
0.001924;43.77;17
0.001924;43.67;17
0.001924;43.60;17
0.001924;43.46;17
0.001924;43.60;17
0.001924;43.52;17
0.001924;43.52;17
0.001924;43.63;17
0.001924;43.99;17
0.001924;43.83;17
0.001924;43.80;17
0.001924;43.85;17
0.001924;43.70;17
0.001924;43.47;17
0.001924;43.33;17
0.001924;43.54;17
0.001924;43.85;17
0.001924;43.91;17
0.001924;43.85;17
0.001924;44.09;17
0.001924;44.15;17
0.001924;43.99;17
0.001924;44.07;17
0.001924;43.74;17
0.001924;43.59;17
0.001924;43.69;17
0.001924;43.41;17
0.001924;43.60;17
0.001924;43.75;17
0.001924;43.93;17
0.001967;43.85;18
0.001967;43.35;18
0.001967;43.45;18
0.001967;43.31;18
0.001967;43.42;18
0.001967;43.52;18
0.001967;43.34;18
0.001967;43.57;18
0.001967;43.73;18
0.001967;43.61;18
0.001967;43.66;18
0.001967;43.70;18
0.001967;43.65;18
0.001967;43.54;18
0.001967;43.54;18
0.001967;43.46;18
0.001967;43.48;18
0.001967;43.18;18
0.001967;43.52;18
0.001967;43.70;18
0.001967;43.95;18
0.001967;44.22;18
0.001967;43.56;18
0.001967;43.38;18
0.001967;43.63;18
0.001967;43.88;18
0.001967;43.94;18
0.001967;43.52;18
0.001967;43.63;18
0.001967;43.51;18
0.001967;43.83;18
0.001967;44.15;18
0.001967;44.12;18
0.001967;43.73;18
0.001967;43.98;18
0.001967;43.61;18
0.001967;43.58;18
0.001967;43.55;18
0.001967;43.55;18
0.001967;43.40;18
0.001967;43.59;18
0.001967;43.93;18
0.001967;43.62;18
0.001967;43.68;18
0.001967;43.68;18
0.001967;43.80;18
0.001967;43.39;18
0.001967;43.47;18
0.001967;43.35;18
0.001967;43.56;18
0.001918;43.38;18
0.001918;43.67;18
0.001918;43.70;18
0.001918;43.54;18
0.001918;43.60;18
0.001918;43.38;18
0.001918;43.52;18
0.001918;43.35;18
0.001918;43.70;18
0.001918;44.12;18
0.001918;44.21;18
0.001918;43.87;18
0.001918;44.02;18
0.001918;43.57;18
0.001918;43.56;18
0.001918;43.68;18
0.001918;43.36;18
0.001918;43.76;18
0.001918;43.69;18
0.001918;43.53;18
0.001918;43.73;18
0.001918;43.60;18
0.001918;43.45;18
