loss;elapsed_time;iteration
0.339654;33.84;0
0.323838;34.20;0
0.307873;36.29;0
0.291881;37.28;0
0.276276;36.17;0
0.261259;35.42;0
0.246661;32.70;0
0.232147;32.29;0
0.217363;34.64;0
0.202472;33.38;0
0.187976;33.06;0
0.174300;32.79;0
0.162137;32.78;0
0.151310;32.98;0
0.141583;32.44;0
0.132908;31.44;0
0.124946;31.10;0
0.117678;31.14;0
0.111013;31.13;0
0.104909;31.27;0
0.099237;31.17;0
0.093905;30.98;0
0.088922;31.20;0
0.084257;31.45;0
0.079857;31.05;0
0.075716;31.07;0
0.071866;31.12;0
0.068290;31.17;0
0.064951;31.26;0
0.061820;31.12;0
0.058878;31.21;0
0.056107;31.25;0
0.053488;31.22;0
0.051007;31.12;0
0.048660;31.20;0
0.046451;31.23;0
0.044380;31.21;0
0.042438;31.33;0
0.040619;31.35;0
0.038914;31.35;0
0.037319;31.45;0
0.035827;31.39;0
0.034433;31.40;0
0.033128;31.55;0
0.031907;31.39;0
0.030762;31.41;0
0.029686;31.20;0
0.028671;31.25;0
0.027713;31.37;0
0.026803;31.32;0
0.025937;31.37;0
0.025111;31.42;0
0.024319;31.34;0
0.023558;31.44;0
0.022827;31.42;0
0.022125;31.48;0
0.021451;31.55;0
0.020804;31.69;0
0.020185;31.50;0
0.019591;31.25;0
0.019018;30.68;0
0.018464;30.70;0
0.017922;30.76;0
0.017390;30.71;0
0.016865;30.80;0
0.016345;30.80;0
0.015831;30.96;0
0.015324;31.27;0
0.014827;31.29;0
0.014342;31.68;0
0.013872;31.51;0
0.013420;31.92;0
0.012987;31.45;0
0.012576;31.79;0
0.012187;31.23;0
0.011820;31.84;0
0.011475;32.43;0
0.011148;33.33;0
0.010837;32.43;0
0.010540;32.50;0
0.010252;32.59;0
0.009973;32.07;0
0.009701;32.52;0
0.009434;34.05;0
0.009174;33.58;0
0.008919;33.40;0
0.008670;32.24;0
0.008426;32.34;0
0.008189;32.77;0
0.007957;33.17;0
0.007732;33.20;0
0.007513;33.21;0
0.007299;33.13;0
0.007091;32.73;0
0.006889;32.63;0
0.006692;33.32;0
0.006501;32.07;0
0.006314;32.15;0
0.006133;32.00;0
0.005958;32.23;0
0.333185;31.92;1
0.316806;31.91;1
0.301006;32.52;1
0.285617;33.21;1
0.270581;31.74;1
0.255861;31.82;1
0.241586;31.89;1
0.227898;32.02;1
0.214761;31.92;1
0.202177;31.89;1
0.190182;31.88;1
0.178806;31.93;1
0.168082;31.98;1
0.158019;32.41;1
0.148611;31.88;1
0.139833;31.90;1
0.131648;31.86;1
0.124023;31.89;1
0.116934;31.87;1
0.110360;32.05;1
0.104284;31.75;1
0.098682;31.82;1
0.093530;31.78;1
0.088799;31.95;1
0.084458;31.92;1
0.080473;31.79;1
0.076809;32.30;1
0.073432;31.82;1
0.070312;31.88;1
0.067420;31.96;1
0.064737;31.97;1
0.062244;32.04;1
0.059926;31.79;1
0.057771;31.90;1
0.055768;32.07;1
0.053902;31.93;1
0.052162;32.10;1
0.050530;31.99;1
0.048992;31.85;1
0.047533;31.87;1
0.046139;32.07;1
0.044795;31.93;1
0.043485;30.98;1
0.042197;30.63;1
0.040919;30.71;1
0.039645;30.73;1
0.038372;30.53;1
0.037104;30.64;1
0.035846;30.48;1
0.034610;30.41;1
0.027770;30.99;1
0.025137;31.14;1
0.023421;31.27;1
0.022145;31.19;1
0.021125;31.03;1
0.020265;31.16;1
0.019509;31.07;1
0.018825;31.08;1
0.018192;30.95;1
0.017595;31.07;1
0.017025;31.37;1
0.016473;30.93;1
0.015935;30.78;1
0.015406;30.74;1
0.014883;30.76;1
0.014363;30.90;1
0.013844;30.81;1
0.013324;30.88;1
0.012803;30.91;1
0.012281;30.95;1
0.011760;30.91;1
0.011241;30.78;1
0.010727;30.76;1
0.010218;30.85;1
0.009714;30.89;1
0.009214;31.01;1
0.008718;31.10;1
0.008234;30.88;1
0.007783;31.04;1
0.007381;31.14;1
0.007025;30.99;1
0.006705;31.12;1
0.006419;31.28;1
0.006162;31.61;1
0.005929;31.36;1
0.005716;31.43;1
0.005520;31.56;1
0.005338;30.99;1
0.005171;31.28;1
0.005018;30.60;1
0.004876;31.40;1
0.004745;30.94;1
0.004622;30.92;1
0.004507;30.89;1
0.004398;30.90;1
0.004296;30.55;1
0.004201;30.63;1
0.004112;30.49;1
0.004030;30.44;1
0.003954;30.46;1
0.003627;31.16;2
0.003481;31.29;2
0.003371;31.49;2
0.003277;31.48;2
0.003191;31.22;2
0.003109;30.95;2
0.003031;31.17;2
0.002956;31.24;2
0.002883;31.00;2
0.002813;31.04;2
0.002745;31.10;2
0.002679;31.09;2
0.002617;30.95;2
0.002557;31.30;2
0.002501;30.88;2
0.002449;30.94;2
0.002400;30.83;2
0.002356;30.66;2
0.002315;30.68;2
0.002279;30.61;2
0.002246;30.57;2
0.002218;30.75;2
0.002193;30.74;2
0.002171;30.69;2
0.002153;30.67;2
0.002137;30.75;2
0.002123;30.75;2
0.002111;30.58;2
0.002101;30.78;2
0.002092;30.89;2
0.002084;30.72;2
0.002078;31.00;2
0.002071;30.77;2
0.002066;30.71;2
0.002061;30.63;2
0.002056;30.64;2
0.002052;31.81;2
0.002048;31.75;2
0.002045;32.34;2
0.002042;31.97;2
0.002041;31.84;2
0.002039;32.02;2
0.002038;32.38;2
0.002037;32.04;2
0.002035;31.79;2
0.002034;32.26;2
0.002033;31.99;2
0.002032;31.82;2
0.002031;31.37;2
0.002030;31.58;2
0.002015;32.18;2
0.002015;31.28;2
0.002015;31.20;2
0.002015;31.22;2
0.002015;31.16;2
0.002015;31.14;2
0.002015;31.04;2
0.002014;30.65;2
0.002014;30.47;2
0.002014;30.59;2
0.002014;30.93;2
0.002014;31.27;2
0.002014;31.00;2
0.002014;31.08;2
0.002013;30.49;2
0.002013;30.50;2
0.002013;30.72;2
0.002013;30.66;2
0.002013;30.72;2
0.002013;30.79;2
0.002012;30.73;2
0.002012;31.03;2
0.002012;30.89;2
0.002012;30.84;2
0.002012;30.68;2
0.002012;30.62;2
0.002012;30.69;2
0.002011;32.69;2
0.002011;33.59;2
0.002011;34.35;2
0.002011;34.27;2
0.002011;34.49;2
0.002011;34.62;2
0.002011;34.44;2
0.002011;34.30;2
0.002011;34.44;2
0.002010;34.43;2
0.002010;34.03;2
0.002010;34.39;2
0.002010;34.26;2
0.002010;34.42;2
0.002010;34.25;2
0.002010;34.38;2
0.002010;34.27;2
0.002010;30.86;2
0.002010;30.71;2
0.002010;31.39;2
0.002010;30.71;2
0.002010;31.43;2
0.002010;30.56;2
0.002015;31.52;3
0.002014;30.98;3
0.002013;31.45;3
0.002013;31.50;3
0.002012;32.22;3
0.002012;31.19;3
0.002011;30.86;3
0.002011;30.97;3
0.002011;30.69;3
0.002010;30.95;3
0.002010;30.69;3
0.002009;30.76;3
0.002009;30.93;3
0.002009;30.88;3
0.002008;30.84;3
0.002008;30.88;3
0.002008;30.76;3
0.002007;30.75;3
0.002007;30.84;3
0.002007;30.67;3
0.002007;30.86;3
0.002006;32.06;3
0.002006;30.72;3
0.002006;30.83;3
0.002006;30.94;3
0.002005;30.90;3
0.002005;30.76;3
0.002005;30.86;3
0.002005;30.53;3
0.002005;30.70;3
0.002005;30.75;3
0.002004;30.73;3
0.002004;30.84;3
0.002004;30.73;3
0.002004;30.65;3
0.002004;30.92;3
0.002004;31.53;3
0.002004;30.91;3
0.002003;31.48;3
0.002003;32.44;3
0.002003;30.77;3
0.002003;30.50;3
0.002003;30.71;3
0.002003;30.75;3
0.002003;30.55;3
0.002003;30.47;3
0.002003;30.58;3
0.002003;30.47;3
0.002003;30.50;3
0.002002;30.59;3
0.002002;30.77;3
0.002002;30.61;3
0.002002;30.38;3
0.002002;30.68;3
0.002002;30.68;3
0.002002;30.71;3
0.002002;30.98;3
0.002002;30.65;3
0.002002;30.73;3
0.002002;30.47;3
0.002002;30.56;3
0.002002;30.86;3
0.002002;30.53;3
0.002002;30.73;3
0.002002;30.86;3
0.002002;30.71;3
0.002002;31.25;3
0.002002;30.99;3
0.002002;30.94;3
0.002002;30.86;3
0.002002;30.75;3
0.002002;30.81;3
0.002002;30.91;3
0.002002;30.88;3
0.002002;30.97;3
0.002002;31.37;3
0.002002;31.50;3
0.002002;31.38;3
0.002002;31.50;3
0.002002;31.00;3
0.002002;31.15;3
0.002002;31.07;3
0.002002;31.19;3
0.002002;30.91;3
0.002002;30.62;3
0.002002;30.66;3
0.002002;30.68;3
0.002002;30.66;3
0.002002;30.73;3
0.002002;30.75;3
0.002002;30.64;3
0.002002;30.90;3
0.002002;30.64;3
0.002002;30.88;3
0.002002;30.79;3
0.002002;30.82;3
0.002002;30.88;3
0.002002;31.06;3
0.002002;30.68;3
0.002002;30.98;3
0.001996;30.97;4
0.001996;31.09;4
0.001996;30.98;4
0.001996;30.94;4
0.001996;30.82;4
0.001996;30.59;4
0.001996;30.73;4
0.001996;30.52;4
0.001996;30.72;4
0.001996;30.64;4
0.001996;31.08;4
0.001996;30.99;4
0.001996;31.41;4
0.001995;31.27;4
0.001995;31.92;4
0.001995;31.13;4
0.001995;31.95;4
0.001995;31.29;4
0.001995;31.21;4
0.001995;30.80;4
0.001995;31.43;4
0.001995;31.04;4
0.001995;31.32;4
0.001995;30.51;4
0.001995;30.42;4
0.001995;30.28;4
0.001995;30.34;4
0.001995;30.47;4
0.001995;30.59;4
0.001995;30.53;4
0.001995;30.58;4
0.001995;30.41;4
0.001995;30.47;4
0.001995;30.68;4
0.001995;31.04;4
0.001995;30.56;4
0.001995;30.49;4
0.001995;30.42;4
0.001995;30.27;4
0.001995;30.37;4
0.001995;30.57;4
0.001995;30.40;4
0.001995;30.63;4
0.001995;30.58;4
0.001995;30.56;4
0.001995;30.65;4
0.001995;30.49;4
0.001995;30.48;4
0.001995;30.61;4
0.001995;30.48;4
0.002004;30.62;4
0.002004;30.56;4
0.002004;30.77;4
0.002004;30.65;4
0.002004;30.58;4
0.002004;30.56;4
0.002004;30.65;4
0.002004;30.78;4
0.002004;30.77;4
0.002004;30.69;4
0.002004;30.73;4
0.002004;30.87;4
0.002004;30.63;4
0.002004;30.80;4
0.002004;30.81;4
0.002004;30.70;4
0.002004;30.71;4
0.002004;30.54;4
0.002004;30.59;4
0.002004;30.51;4
0.002004;30.45;4
0.002004;30.63;4
0.002004;30.86;4
0.002004;31.08;4
0.002004;30.79;4
0.002004;30.67;4
0.002004;30.59;4
0.002004;30.63;4
0.002004;30.52;4
0.002004;30.52;4
0.002004;30.67;4
0.002004;30.56;4
0.002004;30.34;4
0.002004;30.39;4
0.002004;30.27;4
0.002004;30.31;4
0.002004;30.32;4
0.002004;30.26;4
0.002004;30.22;4
0.002004;30.26;4
0.002004;30.26;4
0.002004;30.58;4
0.002004;30.42;4
0.002004;30.98;4
0.002004;30.87;4
0.002004;30.50;4
0.002004;31.17;4
0.002004;31.24;4
0.002004;31.16;4
0.002004;30.89;4
0.002001;30.97;5
0.002001;30.70;5
0.002001;30.79;5
0.002001;31.58;5
0.002001;31.56;5
0.002001;31.75;5
0.002001;30.60;5
0.002001;31.59;5
0.002001;31.35;5
0.002001;31.84;5
0.002001;31.15;5
0.002001;31.16;5
0.002001;30.36;5
0.002001;30.26;5
0.002001;30.79;5
0.002001;31.92;5
0.002001;31.33;5
0.002001;30.99;5
0.002001;31.01;5
0.002001;31.08;5
0.002001;31.59;5
0.002001;31.73;5
0.002001;30.97;5
0.002001;30.94;5
0.002001;31.67;5
0.002001;31.59;5
0.002001;31.16;5
0.002001;30.94;5
0.002001;31.04;5
0.002001;31.64;5
0.002001;30.59;5
0.002001;31.58;5
0.002001;30.47;5
0.002001;31.53;5
0.002001;30.45;5
0.002001;31.20;5
0.002001;30.52;5
0.002001;31.37;5
0.002001;30.82;5
0.002001;31.01;5
0.002001;30.81;5
0.002001;30.71;5
0.002001;30.51;5
0.002001;30.80;5
0.002001;30.71;5
0.002001;30.77;5
0.002001;30.61;5
0.002001;31.03;5
0.002001;31.41;5
0.002001;31.21;5
0.002000;31.84;5
0.002000;31.32;5
0.002000;31.15;5
0.002000;31.31;5
0.002000;31.07;5
0.002000;30.92;5
0.002000;31.37;5
0.002000;30.98;5
0.002000;30.97;5
0.002000;31.06;5
0.002000;30.88;5
0.002000;30.64;5
0.002000;30.96;5
0.002000;31.27;5
0.002000;31.72;5
0.002000;30.63;5
0.002000;30.63;5
0.002000;30.28;5
0.002000;30.59;5
0.002000;30.49;5
0.002000;30.58;5
0.002000;30.47;5
0.002000;30.58;5
0.002000;30.40;5
0.002000;30.59;5
0.002000;30.47;5
0.002000;30.35;5
0.002000;30.35;5
0.002000;30.57;5
0.002000;30.41;5
0.002000;30.41;5
0.002000;30.30;5
0.002000;30.26;5
0.002000;30.92;5
0.002000;31.19;5
0.002000;30.77;5
0.002000;30.65;5
0.002000;30.56;5
0.002000;30.73;5
0.002000;30.53;5
0.002000;31.06;5
0.002000;30.52;5
0.002000;30.39;5
0.002000;30.50;5
0.002000;30.60;5
0.002000;30.62;5
0.002000;32.13;5
0.002000;32.18;5
0.002000;32.51;5
0.002000;31.97;5
0.002000;31.60;6
0.002000;31.82;6
0.002000;31.42;6
0.002000;30.78;6
0.002000;31.04;6
0.002000;31.03;6
0.002000;30.92;6
0.002000;30.83;6
0.002000;30.85;6
0.002000;30.72;6
0.002000;30.86;6
0.002000;31.48;6
0.002000;31.43;6
0.002000;30.91;6
0.002000;30.91;6
0.002000;31.27;6
0.002000;31.86;6
0.002000;32.30;6
0.002000;32.07;6
0.002000;31.82;6
0.002000;31.87;6
0.002000;31.61;6
0.002000;31.66;6
0.002000;31.62;6
0.002000;31.17;6
0.002000;31.10;6
0.002000;31.15;6
0.002000;31.10;6
0.002000;31.15;6
0.002000;30.96;6
0.002000;31.04;6
0.002000;30.97;6
0.002000;30.81;6
0.002000;30.80;6
0.002000;30.70;6
0.002000;30.58;6
0.002000;30.71;6
0.002000;31.15;6
0.002000;31.14;6
0.002000;31.29;6
0.002000;30.50;6
0.002000;30.89;6
0.002000;31.36;6
0.002000;30.97;6
0.002000;30.82;6
0.002000;31.70;6
0.002000;30.92;6
0.002000;31.66;6
0.002000;31.17;6
0.002000;32.29;6
0.001998;33.17;6
0.001998;32.57;6
0.001998;32.94;6
0.001998;32.48;6
0.001998;32.10;6
0.001998;31.41;6
0.001998;31.24;6
0.001998;30.97;6
0.001998;31.71;6
0.001998;32.55;6
0.001998;32.58;6
0.001998;32.36;6
0.001998;32.49;6
0.001998;32.41;6
0.001998;31.44;6
0.001998;31.06;6
0.001998;30.91;6
0.001998;31.17;6
0.001998;32.26;6
0.001998;32.45;6
0.001998;31.51;6
0.001998;31.33;6
0.001998;31.96;6
0.001998;32.30;6
0.001998;32.38;6
0.001998;32.37;6
0.001998;32.48;6
0.001998;32.33;6
0.001998;32.36;6
0.001998;32.14;6
0.001998;32.05;6
0.001998;31.99;6
0.001998;32.59;6
0.001998;33.51;6
0.001998;34.83;6
0.001998;34.86;6
0.001998;34.61;6
0.001998;32.69;6
0.001998;31.01;6
0.001998;31.01;6
0.001998;31.02;6
0.001998;31.16;6
0.001998;31.04;6
0.001998;31.01;6
0.001998;31.00;6
0.001998;31.02;6
0.001998;30.99;6
0.001998;30.96;6
0.001998;30.84;6
0.001998;31.17;6
0.002003;31.15;7
0.002003;31.09;7
0.002003;31.76;7
0.002003;31.23;7
0.002003;30.80;7
0.002003;30.84;7
0.002003;32.41;7
0.002003;34.82;7
0.002003;34.54;7
0.002003;32.75;7
0.002003;31.00;7
0.002003;30.82;7
0.002003;30.79;7
0.002003;30.66;7
0.002003;30.70;7
0.002003;30.70;7
0.002003;30.78;7
0.002003;30.60;7
0.002003;30.59;7
0.002003;30.73;7
0.002003;30.70;7
0.002003;30.71;7
0.002003;30.72;7
0.002003;30.65;7
0.002003;30.68;7
0.002003;30.57;7
0.002003;30.63;7
0.002003;30.68;7
0.002003;30.72;7
0.002003;30.61;7
0.002003;30.64;7
0.002003;30.65;7
0.002003;30.86;7
0.002003;30.69;7
0.002003;30.65;7
0.002003;30.54;7
0.002003;30.64;7
0.002003;30.60;7
0.002003;30.71;7
0.002003;30.57;7
0.002003;30.63;7
0.002003;30.60;7
0.002003;30.58;7
0.002003;30.41;7
0.002003;31.85;7
0.002003;31.76;7
0.002003;33.31;7
0.002003;34.18;7
0.002003;33.98;7
0.002003;30.31;7
0.002001;34.51;7
0.002001;34.30;7
0.002001;34.78;7
0.002001;31.56;7
0.002001;30.54;7
0.002001;30.60;7
0.002001;30.70;7
0.002001;30.69;7
0.002001;31.17;7
0.002001;30.74;7
0.002001;31.24;7
0.002001;30.55;7
0.002001;31.12;7
0.002001;30.64;7
0.002001;34.07;7
0.002001;32.65;7
0.002001;31.22;7
0.002001;30.61;7
0.002001;30.60;7
0.002001;30.61;7
0.002001;30.55;7
0.002001;30.56;7
0.002001;31.84;7
0.002001;34.47;7
0.002001;34.13;7
0.002001;30.65;7
0.002001;30.61;7
0.002001;30.51;7
0.002001;30.69;7
0.002001;30.61;7
0.002001;30.58;7
0.002001;30.60;7
0.002001;30.37;7
0.002001;30.46;7
0.002001;30.36;7
0.002001;30.56;7
0.002001;30.64;7
0.002001;30.70;7
0.002001;30.71;7
0.002001;30.63;7
0.002001;30.34;7
0.002001;30.44;7
0.002001;30.58;7
0.002001;30.61;7
0.002001;30.73;7
0.002001;30.76;7
0.002001;30.71;7
0.002001;30.69;7
0.002001;30.59;7
0.002001;30.48;7
0.002000;30.70;8
0.002000;31.12;8
0.002000;31.40;8
0.002000;32.43;8
0.002000;32.32;8
0.002000;31.19;8
0.002000;31.29;8
0.002000;31.30;8
0.002000;30.93;8
0.002000;30.48;8
0.002000;30.67;8
0.002000;30.59;8
0.002000;30.62;8
0.002000;30.78;8
0.002000;30.84;8
0.002000;32.00;8
0.002000;31.13;8
0.002000;30.62;8
0.002000;30.78;8
0.002000;30.62;8
0.002000;30.52;8
0.002000;30.80;8
0.002000;30.50;8
0.002000;30.39;8
0.002000;30.36;8
0.002000;30.50;8
0.002000;30.70;8
0.002000;30.55;8
0.002000;30.67;8
0.002000;30.72;8
0.002000;30.63;8
0.002000;30.66;8
0.002000;30.70;8
0.002000;30.68;8
0.002000;30.75;8
0.002000;30.80;8
0.002000;30.58;8
0.002000;30.60;8
0.002000;30.57;8
0.002000;30.50;8
0.002000;30.84;8
0.002000;30.68;8
0.002000;30.36;8
0.002000;30.50;8
0.002000;30.46;8
0.002000;30.43;8
0.002000;30.45;8
0.002000;30.42;8
0.002000;30.63;8
0.002000;30.39;8
0.002001;30.73;8
0.002001;30.80;8
0.002001;30.72;8
0.002001;30.68;8
0.002001;30.74;8
0.002001;30.73;8
0.002001;30.76;8
0.002001;30.76;8
0.002001;30.76;8
0.002001;30.66;8
0.002001;30.75;8
0.002001;30.63;8
0.002001;30.77;8
0.002001;30.74;8
0.002001;30.78;8
0.002001;30.51;8
0.002001;30.63;8
0.002001;30.34;8
0.002001;30.43;8
0.002001;30.42;8
0.002001;30.48;8
0.002001;30.38;8
0.002001;30.55;8
0.002001;30.39;8
0.002001;30.70;8
0.002001;30.85;8
0.002001;30.87;8
0.002001;30.78;8
0.002001;30.91;8
0.002001;30.64;8
0.002001;30.71;8
0.002001;30.70;8
0.002001;30.99;8
0.002001;30.68;8
0.002001;30.60;8
0.002001;30.50;8
0.002001;30.53;8
0.002001;30.50;8
0.002001;30.52;8
0.002001;30.64;8
0.002001;30.60;8
0.002001;30.45;8
0.002001;30.27;8
0.002001;30.24;8
0.002001;30.37;8
0.002001;30.35;8
0.002001;30.28;8
0.002001;30.39;8
0.002001;30.31;8
0.002001;30.29;8
0.001999;30.56;9
0.001999;30.73;9
0.001999;30.73;9
0.001999;30.59;9
0.001999;30.61;9
0.001999;30.52;9
0.001999;30.67;9
0.001999;30.69;9
0.001999;30.65;9
0.001999;30.54;9
0.001999;30.68;9
0.001999;30.52;9
0.001999;30.54;9
0.001999;30.74;9
0.001999;30.77;9
0.001999;30.52;9
0.001999;30.50;9
0.001999;30.61;9
0.001999;30.41;9
0.001999;30.62;9
0.001999;30.84;9
0.001999;30.53;9
0.001999;30.59;9
0.001999;30.78;9
0.001999;30.69;9
0.001999;30.75;9
0.001999;30.65;9
0.001999;30.75;9
0.001999;30.67;9
0.001999;30.76;9
0.001999;30.80;9
0.001999;30.65;9
0.001999;30.59;9
0.001999;30.40;9
0.001999;30.57;9
0.001999;30.68;9
0.001999;30.60;9
0.001999;30.57;9
0.001999;30.45;9
0.001999;30.83;9
0.001999;30.75;9
0.001999;30.29;9
0.001999;30.54;9
0.001999;30.75;9
0.001999;30.49;9
0.001999;30.29;9
0.001999;30.34;9
0.001999;30.42;9
0.001999;30.80;9
0.001999;30.69;9
0.001996;30.71;9
0.001996;30.83;9
0.001996;30.91;9
0.001996;30.91;9
0.001996;30.90;9
0.001996;31.02;9
0.001996;30.87;9
0.001996;30.79;9
0.001996;30.79;9
0.001996;30.81;9
0.001996;31.23;9
0.001996;30.84;9
0.001996;30.59;9
0.001996;30.73;9
0.001996;30.80;9
0.001996;30.61;9
0.001996;30.68;9
0.001996;30.71;9
0.001996;31.04;9
0.001996;30.92;9
0.001996;30.56;9
0.001996;30.54;9
0.001996;30.51;9
0.001996;30.61;9
0.001996;30.62;9
0.001996;30.66;9
0.001996;30.75;9
0.001996;30.75;9
0.001996;30.66;9
0.001996;30.58;9
0.001996;30.66;9
0.001996;30.57;9
0.001996;30.86;9
0.001996;30.74;9
0.001996;30.75;9
0.001996;30.80;9
0.001996;30.67;9
0.001996;30.69;9
0.001996;30.86;9
0.001996;30.89;9
0.001996;30.77;9
0.001996;30.81;9
0.001996;31.63;9
0.001996;31.05;9
0.001996;31.28;9
0.001996;31.10;9
0.001996;31.26;9
0.001996;31.21;9
0.001996;30.98;9
0.001996;31.59;9
0.001998;30.52;10
0.001998;30.68;10
0.001998;30.85;10
0.001998;30.95;10
0.001998;30.75;10
0.001998;30.72;10
0.001998;30.74;10
0.001998;30.68;10
0.001998;30.81;10
0.001998;30.74;10
0.001998;30.56;10
0.001998;30.64;10
0.001998;30.77;10
0.001998;30.62;10
0.001998;30.64;10
0.001998;30.59;10
0.001998;30.65;10
0.001998;30.60;10
0.001998;30.94;10
0.001998;30.35;10
0.001998;30.31;10
0.001998;30.49;10
0.001998;30.44;10
0.001998;30.60;10
0.001998;30.73;10
0.001998;30.42;10
0.001998;30.78;10
0.001998;30.80;10
0.001998;30.72;10
0.001998;30.78;10
0.001998;30.54;10
0.001998;30.97;10
0.001998;31.06;10
0.001998;31.00;10
0.001998;30.66;10
0.001998;30.51;10
0.001998;30.71;10
0.001998;30.81;10
0.001998;30.69;10
0.001998;30.77;10
0.001998;30.68;10
0.001998;30.69;10
0.001998;30.71;10
0.001998;30.58;10
0.001998;30.54;10
0.001998;30.78;10
0.001998;30.89;10
0.001998;31.06;10
0.001998;30.99;10
0.001998;30.87;10
0.002001;30.52;10
0.002001;30.45;10
0.002001;30.64;10
0.002001;30.56;10
0.002001;30.53;10
0.002001;30.48;10
0.002001;30.68;10
0.002001;31.54;10
0.002001;30.49;10
0.002001;30.38;10
0.002001;30.80;10
0.002001;30.41;10
0.002001;30.52;10
0.002001;30.59;10
0.002001;30.49;10
0.002001;30.46;10
0.002001;30.47;10
0.002001;30.37;10
0.002001;30.53;10
0.002001;30.63;10
0.002001;30.61;10
0.002001;30.65;10
0.002001;30.63;10
0.002001;30.69;10
0.002001;30.50;10
0.002001;30.57;10
0.002001;30.63;10
0.002001;30.47;10
0.002001;30.44;10
0.002001;30.56;10
0.002001;30.53;10
0.002001;30.55;10
0.002001;30.51;10
0.002001;30.49;10
0.002001;30.45;10
0.002001;30.48;10
0.002001;30.84;10
0.002001;30.80;10
0.002001;30.92;10
0.002001;30.79;10
0.002001;31.09;10
0.002001;31.19;10
0.002001;31.00;10
0.002001;30.99;10
0.002001;30.75;10
0.002001;30.56;10
0.002001;30.45;10
0.002001;30.63;10
0.002001;30.60;10
0.002001;30.59;10
0.002000;30.35;11
0.002000;30.46;11
0.002000;30.61;11
0.002000;30.66;11
0.002000;30.56;11
0.002000;30.92;11
0.002000;30.65;11
0.002000;30.48;11
0.002000;31.49;11
0.002000;30.69;11
0.002000;31.25;11
0.002000;30.45;11
0.002000;31.20;11
0.002000;30.58;11
0.002000;31.15;11
0.002000;30.53;11
0.002000;31.98;11
0.002000;31.14;11
0.002000;30.99;11
0.002000;30.76;11
0.002000;30.85;11
0.002000;30.58;11
0.002000;31.28;11
0.002000;30.93;11
0.002000;30.60;11
0.002000;30.77;11
0.002000;30.52;11
0.002000;30.62;11
0.002000;30.59;11
0.002000;30.70;11
0.002000;30.62;11
0.002000;30.64;11
0.002000;30.67;11
0.002000;30.44;11
0.002000;30.56;11
0.002000;30.52;11
0.002000;30.52;11
0.002000;30.59;11
0.002000;30.39;11
0.002000;30.68;11
0.002000;30.60;11
0.002000;30.64;11
0.002000;30.63;11
0.002000;30.66;11
0.002000;30.42;11
0.002000;30.54;11
0.002000;30.59;11
0.002000;30.44;11
0.002000;30.48;11
0.002000;30.46;11
0.002001;30.56;11
0.002001;30.75;11
0.002001;30.80;11
0.002001;30.88;11
0.002001;30.71;11
0.002001;30.73;11
0.002001;30.92;11
0.002001;31.01;11
0.002001;31.03;11
0.002001;30.92;11
0.002001;30.90;11
0.002001;30.83;11
0.002001;30.82;11
0.002001;30.65;11
0.002001;30.82;11
0.002001;30.89;11
0.002001;30.84;11
0.002001;30.80;11
0.002001;30.77;11
0.002001;30.70;11
0.002001;30.85;11
0.002001;30.68;11
0.002001;30.60;11
0.002001;30.68;11
0.002001;30.70;11
0.002001;30.76;11
0.002001;30.77;11
0.002001;30.88;11
0.002001;30.60;11
0.002001;30.49;11
0.002001;30.88;11
0.002001;31.19;11
0.002001;31.10;11
0.002001;31.19;11
0.002001;30.91;11
0.002001;31.05;11
0.002001;30.73;11
0.002001;30.97;11
0.002001;30.77;11
0.002001;30.78;11
0.002001;30.65;11
0.002001;30.97;11
0.002001;30.86;11
0.002001;30.70;11
0.002001;30.86;11
0.002001;31.06;11
0.002001;31.02;11
0.002001;31.17;11
0.002001;30.83;11
0.002001;30.79;11
0.002001;30.70;12
0.002001;30.56;12
0.002001;30.52;12
0.002001;30.43;12
0.002001;30.56;12
0.002001;30.43;12
0.002001;30.43;12
0.002001;30.45;12
0.002001;30.59;12
0.002001;30.51;12
0.002001;30.43;12
0.002001;30.48;12
0.002001;30.83;12
0.002001;30.44;12
0.002001;30.58;12
0.002001;30.56;12
0.002001;30.40;12
0.002001;30.71;12
0.002001;30.67;12
0.002001;30.89;12
0.002001;30.82;12
0.002001;30.61;12
0.002001;30.82;12
0.002001;33.44;12
0.002001;34.34;12
0.002001;34.47;12
0.002001;32.22;12
0.002001;31.99;12
0.002001;30.62;12
0.002001;31.66;12
0.002001;31.00;12
0.002001;31.42;12
0.002001;31.22;12
0.002001;31.45;12
0.002001;30.79;12
0.002001;30.59;12
0.002001;30.73;12
0.002001;30.64;12
0.002001;30.60;12
0.002001;30.44;12
0.002001;32.00;12
0.002001;30.68;12
0.002001;30.56;12
0.002001;30.34;12
0.002001;30.86;12
0.002001;31.01;12
0.002001;31.24;12
0.002001;32.30;12
0.002001;34.26;12
0.002001;30.37;12
0.002001;31.17;12
0.002001;31.15;12
0.002001;31.14;12
0.002001;32.39;12
0.002001;32.15;12
0.002001;31.48;12
0.002001;31.36;12
0.002001;31.32;12
0.002001;31.41;12
0.002001;30.54;12
0.002001;30.48;12
0.002001;30.57;12
0.002001;30.53;12
0.002001;30.61;12
0.002001;30.59;12
0.002001;30.43;12
0.002001;30.51;12
0.002001;30.44;12
0.002001;30.84;12
0.002001;31.51;12
0.002001;31.71;12
0.002001;33.62;12
0.002001;34.38;12
0.002001;31.84;12
0.002001;31.53;12
0.002001;31.55;12
0.002001;31.44;12
0.002001;31.51;12
0.002001;31.60;12
0.002001;31.23;12
0.002001;31.19;12
0.002001;31.28;12
0.002001;31.23;12
0.002001;31.23;12
0.002001;31.22;12
0.002001;31.28;12
0.002001;31.17;12
0.002001;31.49;12
0.002001;32.03;12
0.002001;32.05;12
0.002001;31.29;12
0.002001;31.40;12
0.002001;31.48;12
0.002001;31.70;12
0.002001;31.44;12
0.002001;31.97;12
0.002001;31.32;12
0.002001;31.96;12
0.002001;31.50;12
0.002001;31.91;12
0.001997;32.15;13
0.001997;31.84;13
0.001997;32.36;13
0.001997;31.92;13
0.001997;31.08;13
0.001997;31.09;13
0.001997;31.45;13
0.001997;31.49;13
0.001997;31.40;13
0.001997;31.37;13
0.001997;31.42;13
0.001997;31.37;13
0.001997;31.40;13
0.001997;31.56;13
0.001997;31.53;13
0.001997;31.45;13
0.001997;31.47;13
0.001997;31.47;13
0.001997;31.44;13
0.001997;31.45;13
0.001997;31.39;13
0.001997;31.60;13
0.001997;31.49;13
0.001997;31.46;13
0.001997;31.01;13
0.001997;30.35;13
0.001997;30.40;13
0.001997;30.33;13
0.001997;30.74;13
0.001997;31.24;13
0.001997;31.14;13
0.001997;30.41;13
0.001997;31.26;13
0.001997;31.25;13
0.001997;31.27;13
0.001997;31.18;13
0.001997;31.27;13
0.001997;31.36;13
0.001997;31.26;13
0.001997;31.64;13
0.001997;31.56;13
0.001997;32.06;13
0.001997;31.35;13
0.001997;32.08;13
0.001997;31.40;13
0.001997;31.85;13
0.001997;31.43;13
0.001997;31.84;13
0.001997;31.25;13
0.001997;31.45;13
0.002001;31.68;13
0.002001;31.44;13
0.002001;31.50;13
0.002001;31.52;13
0.002001;31.37;13
0.002001;32.14;13
0.002001;31.52;13
0.002001;32.07;13
0.002001;31.46;13
0.002001;31.91;13
0.002001;31.42;13
0.002001;31.80;13
0.002001;31.44;13
0.002001;31.99;13
0.002001;31.34;13
0.002001;31.28;13
0.002001;31.38;13
0.002001;31.49;13
0.002001;31.38;13
0.002001;31.53;13
0.002001;31.61;13
0.002001;31.54;13
0.002001;31.52;13
0.002001;31.45;13
0.002001;31.41;13
0.002001;31.58;13
0.002001;31.52;13
0.002001;31.58;13
0.002001;31.49;13
0.002001;31.40;13
0.002001;31.44;13
0.002001;31.56;13
0.002001;31.60;13
0.002001;30.37;13
0.002001;30.42;13
0.002001;30.50;13
0.002001;30.43;13
0.002001;30.71;13
0.002001;31.27;13
0.002001;31.29;13
0.002001;30.77;13
0.002001;30.86;13
0.002001;31.09;13
0.002001;30.92;13
0.002001;31.00;13
0.002001;31.14;13
0.002001;31.06;13
0.002001;30.93;13
0.002001;31.23;13
0.002001;31.13;13
0.001998;30.71;14
0.001998;30.61;14
0.001998;30.51;14
0.001998;31.31;14
0.001998;31.43;14
0.001998;31.40;14
0.001998;31.37;14
0.001998;31.55;14
0.001998;31.70;14
0.001998;31.80;14
0.001998;31.53;14
0.001998;31.73;14
0.001998;31.75;14
0.001998;32.17;14
0.001998;31.53;14
0.001998;31.98;14
0.001998;31.32;14
0.001998;31.89;14
0.001998;31.52;14
0.001998;31.40;14
0.001998;31.54;14
0.001998;31.53;14
0.001998;31.54;14
0.001998;31.46;14
0.001998;31.42;14
0.001998;31.26;14
0.001998;31.35;14
0.001998;31.42;14
0.001998;31.50;14
0.001998;31.72;14
0.001998;31.41;14
0.001998;31.50;14
0.001998;31.01;14
0.001998;31.33;14
0.001998;31.63;14
0.001998;31.36;14
0.001998;31.45;14
0.001998;31.41;14
0.001998;31.15;14
0.001998;30.47;14
0.001998;30.47;14
0.001998;30.56;14
0.001998;30.60;14
0.001998;30.52;14
0.001998;30.48;14
0.001998;30.49;14
0.001998;30.72;14
0.001998;30.53;14
0.001998;30.54;14
0.001998;30.37;14
0.001998;30.92;14
0.001998;30.64;14
0.001998;30.85;14
0.001998;30.95;14
0.001998;31.75;14
0.001998;31.11;14
0.001998;31.82;14
0.001998;30.90;14
0.001998;31.63;14
0.001998;31.64;14
0.001998;32.24;14
0.001998;31.99;14
0.001998;32.07;14
0.001998;31.77;14
0.001998;31.74;14
0.001998;30.98;14
0.001998;30.93;14
0.001998;30.90;14
0.001998;30.83;14
0.001998;30.91;14
0.001998;30.98;14
0.001998;30.75;14
0.001998;30.80;14
0.001998;30.73;14
0.001998;30.82;14
0.001998;30.91;14
0.001998;30.86;14
0.001998;30.95;14
0.001998;30.72;14
0.001998;30.68;14
0.001998;30.84;14
0.001998;30.75;14
0.001998;30.80;14
0.001998;30.96;14
0.001998;30.94;14
0.001998;31.00;14
0.001998;30.72;14
0.001998;30.71;14
0.001998;30.81;14
0.001998;30.85;14
0.001998;30.71;14
0.001998;30.63;14
0.001998;30.78;14
0.001998;30.84;14
0.001998;30.85;14
0.001998;31.09;14
0.001998;30.89;14
0.001998;31.27;14
0.001998;31.57;14
0.001998;31.72;14
0.001999;31.47;15
0.001999;30.69;15
0.001999;31.09;15
0.001999;31.47;15
0.001999;31.30;15
0.001999;31.45;15
0.001999;31.31;15
0.001999;31.49;15
0.001999;31.61;15
0.001999;31.52;15
0.001999;31.64;15
0.001999;31.65;15
0.001999;31.53;15
0.001999;31.59;15
0.001999;31.39;15
0.001999;31.60;15
0.001999;31.46;15
0.001999;31.14;15
0.001999;30.98;15
0.001999;31.44;15
0.001999;31.32;15
0.001999;31.68;15
0.001999;31.66;15
0.001999;31.55;15
0.001999;31.28;15
0.001999;31.30;15
0.001999;31.41;15
0.001999;31.45;15
0.001999;31.27;15
0.001999;31.29;15
0.001999;31.42;15
0.001999;31.52;15
0.001999;31.33;15
0.001999;31.22;15
0.001999;31.31;15
0.001999;31.54;15
0.001999;31.51;15
0.001999;31.54;15
0.001999;33.05;15
0.001999;34.39;15
0.001999;34.36;15
0.001999;31.60;15
0.001999;32.44;15
0.001999;34.40;15
0.001999;34.28;15
0.001999;32.29;15
0.001999;30.43;15
0.001999;30.57;15
0.001999;30.58;15
0.001999;31.30;15
0.001995;31.41;15
0.001995;30.65;15
0.001995;30.72;15
0.001995;30.52;15
0.001995;30.64;15
0.001995;30.47;15
0.001995;30.49;15
0.001995;30.68;15
0.001995;30.52;15
0.001995;30.47;15
0.001995;30.53;15
0.001995;30.46;15
0.001995;30.77;15
0.001995;30.85;15
0.001995;30.56;15
0.001995;30.52;15
0.001995;30.63;15
0.001995;30.68;15
0.001995;30.76;15
0.001995;31.40;15
0.001995;30.73;15
0.001995;31.27;15
0.001995;30.74;15
0.001995;31.17;15
0.001995;30.89;15
0.001995;31.29;15
0.001995;31.00;15
0.001995;31.10;15
0.001995;30.74;15
0.001995;30.68;15
0.001995;33.81;15
0.001995;34.54;15
0.001995;34.32;15
0.001995;34.60;15
0.001995;32.79;15
0.001995;30.90;15
0.001995;34.47;15
0.001995;34.62;15
0.001995;32.68;15
0.001995;30.61;15
0.001995;30.62;15
0.001995;30.52;15
0.001995;30.50;15
0.001995;30.43;15
0.001995;30.47;15
0.001995;30.58;15
0.001995;30.56;15
0.001995;30.58;15
0.001995;30.57;15
0.001995;30.44;15
0.002004;30.60;16
0.002004;30.59;16
0.002004;31.09;16
0.002004;30.52;16
0.002004;30.79;16
0.002004;30.56;16
0.002004;30.43;16
0.002004;30.55;16
0.002004;30.57;16
0.002004;30.46;16
0.002004;30.54;16
0.002004;30.44;16
0.002004;30.68;16
0.002004;30.59;16
0.002004;30.61;16
0.002004;30.43;16
0.002004;30.79;16
0.002004;30.48;16
0.002004;30.70;16
0.002004;30.99;16
0.002004;30.98;16
0.002004;30.98;16
0.002004;30.84;16
0.002004;31.02;16
0.002004;31.62;16
0.002004;31.48;16
0.002004;31.13;16
0.002004;31.81;16
0.002004;32.45;16
0.002004;32.27;16
0.002004;31.95;16
0.002004;32.09;16
0.002004;32.24;16
0.002004;31.81;16
0.002004;32.16;16
0.002004;32.42;16
0.002004;32.24;16
0.002004;32.58;16
0.002004;32.34;16
0.002004;32.25;16
0.002004;32.25;16
0.002004;32.50;16
0.002004;32.77;16
0.002004;32.86;16
0.002004;31.54;16
0.002004;31.38;16
0.002004;31.82;16
0.002004;31.36;16
0.002004;31.55;16
0.002004;31.41;16
0.002004;30.77;16
0.002004;30.91;16
0.002004;31.81;16
0.002004;31.65;16
0.002004;31.75;16
0.002004;32.05;16
0.002004;32.04;16
0.002004;31.90;16
0.002004;32.01;16
0.002004;32.25;16
0.002004;31.56;16
0.002004;31.88;16
0.002004;32.11;16
0.002004;31.93;16
0.002004;31.39;16
0.002004;31.92;16
0.002004;31.96;16
0.002004;31.94;16
0.002004;31.73;16
0.002004;32.20;16
0.002004;32.13;16
0.002004;32.15;16
0.002004;31.35;16
0.002004;30.84;16
0.002004;30.65;16
0.002004;31.01;16
0.002004;30.85;16
0.002004;31.16;16
0.002004;30.43;16
0.002004;30.51;16
0.002004;30.45;16
0.002004;30.42;16
0.002004;30.47;16
0.002004;31.52;16
0.002004;31.20;16
0.002004;31.96;16
0.002004;31.30;16
0.002004;32.11;16
0.002004;30.99;16
0.002004;31.65;16
0.002004;31.31;16
0.002004;31.48;16
0.002004;30.61;16
0.002004;30.53;16
0.002004;30.61;16
0.002004;30.54;16
0.002004;30.62;16
0.002004;30.75;16
0.002004;31.18;16
0.002004;30.74;16
0.001996;32.42;17
0.001996;32.86;17
0.001996;32.65;17
0.001996;33.02;17
0.001996;32.20;17
0.001996;32.39;17
0.001996;31.57;17
0.001996;32.56;17
0.001996;32.25;17
0.001996;32.12;17
0.001996;32.00;17
0.001996;31.32;17
0.001996;31.45;17
0.001996;31.44;17
0.001996;31.34;17
0.001996;31.30;17
0.001996;31.22;17
0.001996;31.52;17
0.001996;31.72;17
0.001996;31.67;17
0.001996;31.56;17
0.001996;31.46;17
0.001996;31.25;17
0.001996;31.01;17
0.001996;30.91;17
0.001996;30.97;17
0.001996;30.95;17
0.001996;30.84;17
0.001996;30.95;17
0.001996;30.48;17
0.001996;30.26;17
0.001996;30.43;17
0.001996;30.61;17
0.001996;30.64;17
0.001996;31.24;17
0.001996;31.25;17
0.001996;31.07;17
0.001996;31.30;17
0.001996;31.25;17
0.001996;31.25;17
0.001996;30.81;17
0.001996;31.21;17
0.001996;31.07;17
0.001996;31.10;17
0.001996;31.08;17
0.001996;30.83;17
0.001996;31.15;17
0.001996;31.12;17
0.001996;30.91;17
0.001996;31.10;17
0.002000;30.52;17
0.002000;30.78;17
0.002000;32.20;17
0.002000;32.66;17
0.002000;34.87;17
0.002000;34.79;17
0.002000;34.38;17
0.002000;32.94;17
0.002000;33.97;17
0.002000;34.39;17
0.002000;33.38;17
0.002000;30.86;17
0.002000;32.37;17
0.002000;33.42;17
0.002000;31.57;17
0.002000;31.50;17
0.002000;31.45;17
0.002000;34.56;17
0.002000;34.46;17
0.002000;32.85;17
0.002000;32.39;17
0.002000;32.37;17
0.002000;32.19;17
0.002000;31.67;17
0.002000;31.33;17
0.002000;31.35;17
0.002000;31.59;17
0.002000;31.96;17
0.002000;34.56;17
0.002000;32.11;17
0.002000;32.72;17
0.002000;31.10;17
0.002000;31.30;17
0.002000;30.58;17
0.002000;31.59;17
0.002000;30.79;17
0.002000;31.16;17
0.002000;30.47;17
0.002000;31.11;17
0.002000;32.98;17
0.002000;32.72;17
0.002000;32.02;17
0.002000;32.94;17
0.002000;32.50;17
0.002000;32.76;17
0.002000;32.36;17
0.002000;32.91;17
0.002000;32.79;17
0.002000;33.74;17
0.002000;31.79;17
0.001999;32.63;18
0.001999;32.52;18
0.001999;32.24;18
0.001999;33.09;18
0.001999;32.66;18
0.001999;32.97;18
0.001999;32.54;18
0.001999;32.56;18
0.001999;32.14;18
0.001999;31.91;18
0.001999;32.14;18
0.001999;31.88;18
0.001999;32.11;18
0.001999;32.14;18
0.001999;32.34;18
0.001999;31.85;18
0.001999;31.93;18
0.001999;32.14;18
0.001999;32.10;18
0.001999;32.67;18
0.001999;32.55;18
0.001999;32.28;18
0.001999;32.31;18
0.001999;32.60;18
0.001999;31.90;18
0.001999;31.54;18
0.001999;31.16;18
0.001999;31.79;18
0.001999;31.49;18
0.001999;31.83;18
0.001999;31.78;18
0.001999;34.83;18
0.001999;32.89;18
0.001999;33.77;18
0.001999;32.72;18
0.001999;33.17;18
0.001999;32.31;18
0.001999;31.47;18
0.001999;31.74;18
0.001999;31.30;18
0.001999;31.21;18
0.001999;31.23;18
0.001999;31.51;18
0.001999;31.55;18
0.001999;31.74;18
0.001999;31.51;18
0.001999;31.70;18
0.001999;31.45;18
0.001999;31.38;18
0.001999;31.67;18
0.002003;31.32;18
0.002003;31.28;18
0.002003;31.52;18
0.002003;32.43;18
0.002003;31.24;18
0.002003;31.26;18
0.002003;31.04;18
0.002003;31.44;18
0.002003;31.07;18
0.002003;31.09;18
0.002003;31.82;18
0.002003;32.08;18
0.002003;31.90;18
0.002003;32.02;18
0.002003;31.73;18
0.002003;32.35;18
0.002003;31.22;18
0.002003;31.31;18
0.002003;31.15;18
0.002003;30.94;18
0.002003;31.08;18
0.002003;31.21;18
0.002003;31.10;18
0.002003;31.97;18
0.002003;33.91;18
0.002003;32.64;18
0.002003;33.13;18
0.002003;32.11;18
0.002003;32.43;18
0.002003;32.47;18
0.002003;31.83;18
0.002003;31.64;18
0.002003;32.31;18
0.002003;32.03;18
0.002003;31.45;18
0.002003;32.03;18
0.002003;31.92;18
0.002003;31.85;18
0.002003;31.54;18
0.002003;32.33;18
0.002003;31.67;18
0.002003;31.64;18
0.002003;32.62;18
0.002003;32.22;18
0.002003;33.39;18
0.002003;32.64;18
0.002003;33.53;18
0.002003;32.14;18
0.002003;33.28;18
0.002003;32.16;18
0.001996;33.10;19
0.001996;32.50;19
0.001996;33.66;19
0.001996;33.08;19
0.001996;32.68;19
0.001996;32.43;19
0.001996;32.41;19
0.001996;32.32;19
0.001996;33.23;19
0.001996;33.30;19
0.001996;33.37;19
0.001996;33.65;19
0.001996;32.91;19
0.001996;33.30;19
0.001996;32.08;19
0.001996;32.81;19
0.001996;32.21;19
0.001996;32.57;19
0.001996;32.15;19
0.001996;32.03;19
0.001996;32.10;19
0.001996;31.85;19
0.001996;31.94;19
0.001996;32.04;19
0.001996;32.97;19
0.001996;32.03;19
0.001996;32.35;19
0.001996;32.08;19
0.001996;32.21;19
0.001996;32.23;19
0.001996;31.86;19
0.001996;32.06;19
0.001996;31.87;19
0.001996;31.79;19
0.001996;32.13;19
0.001996;32.39;19
0.001996;31.76;19
0.001996;32.01;19
0.001996;31.86;19
0.001996;31.97;19
0.001996;31.82;19
0.001996;31.30;19
0.001996;31.41;19
0.001996;30.48;19
0.001996;30.84;19
0.001996;30.45;19
0.001996;30.79;19
0.001996;30.97;19
0.001996;30.54;19
0.001996;30.68;19
0.002006;30.97;19
0.002006;31.43;19
0.002006;31.45;19
0.002006;30.85;19
0.002006;31.53;19
0.002006;31.45;19
0.002006;31.07;19
0.002006;32.25;19
0.002006;32.47;19
0.002006;32.70;19
0.002006;32.97;19
0.002006;32.15;19
0.002006;32.80;19
0.002006;32.87;19
0.002006;32.27;19
0.002006;32.24;19
0.002006;32.29;19
0.002006;32.30;19
0.002006;32.39;19
0.002006;32.40;19
0.002006;32.40;19
0.002006;32.26;19
0.002006;32.52;19
0.002006;32.32;19
0.002006;32.47;19
0.002006;32.49;19
0.002006;32.40;19
0.002006;32.60;19
0.002006;32.42;19
0.002006;32.63;19
0.002006;32.23;19
0.002006;32.70;19
0.002006;32.55;19
0.002006;32.19;19
0.002006;32.16;19
0.002006;32.08;19
0.002006;32.43;19
0.002006;31.90;19
0.002006;32.35;19
0.002006;32.94;19
0.002006;32.20;19
0.002006;32.81;19
0.002006;31.46;19
0.002006;31.82;19
0.002006;31.57;19
0.002006;31.64;19
0.002006;31.74;19
0.002006;32.28;19
0.002006;32.01;19
0.002006;32.30;19
