loss;elapsed_time;iteration
0.253630;33.88;0
0.216626;33.28;0
0.182169;34.04;0
0.154169;33.31;0
0.133830;33.70;0
0.119308;34.23;0
0.107690;33.95;0
0.097057;33.77;0
0.086329;36.02;0
0.075634;34.43;0
0.066331;33.51;0
0.059366;33.89;0
0.054385;34.02;0
0.050631;34.89;0
0.047567;34.65;0
0.044889;34.61;0
0.042419;33.86;0
0.040054;34.44;0
0.037750;34.66;0
0.035512;33.90;0
0.033352;35.60;0
0.031280;33.76;0
0.029373;33.80;0
0.027733;33.86;0
0.026370;34.02;0
0.025217;33.68;0
0.024204;33.94;0
0.023274;33.57;0
0.022379;33.64;0
0.021481;34.52;0
0.020568;33.45;0
0.019699;32.90;0
0.018956;33.12;0
0.018360;33.05;0
0.017879;33.04;0
0.017475;33.07;0
0.017120;33.66;0
0.016795;32.94;0
0.016485;32.97;0
0.016179;33.13;0
0.015867;34.13;0
0.015535;32.61;0
0.015175;32.27;0
0.014780;33.51;0
0.014350;33.05;0
0.013871;32.58;0
0.013057;33.05;0
0.011471;32.50;0
0.010667;32.83;0
0.010189;33.08;0
0.009669;33.19;0
0.008665;33.34;0
0.008120;33.02;0
0.007810;33.54;0
0.007615;33.44;0
0.007479;34.82;0
0.007375;35.44;0
0.007288;32.61;0
0.007211;34.30;0
0.007143;35.33;0
0.007082;33.62;0
0.007027;32.93;0
0.006978;33.49;0
0.006934;33.55;0
0.006895;33.29;0
0.006860;34.09;0
0.006828;33.30;0
0.006800;35.83;0
0.006775;33.31;0
0.006752;34.50;0
0.006731;33.91;0
0.006711;34.34;0
0.006691;33.91;0
0.006672;34.99;0
0.006650;34.08;0
0.006619;33.55;0
0.006539;33.27;0
0.005831;33.52;0
0.005191;32.91;0
0.005071;33.20;0
0.005007;33.00;0
0.004966;33.18;0
0.004937;33.29;0
0.004915;32.92;0
0.004898;33.00;0
0.004885;33.28;0
0.004873;32.87;0
0.004864;32.76;0
0.004855;32.68;0
0.004847;32.66;0
0.004840;32.65;0
0.004833;33.00;0
0.004826;33.12;0
0.004821;32.62;0
0.004815;33.08;0
0.004811;33.65;0
0.004806;33.08;0
0.004803;35.85;0
0.004799;33.20;0
0.004796;32.78;0
0.321769;34.18;1
0.280385;36.08;1
0.245421;36.83;1
0.216992;33.86;1
0.193312;32.58;1
0.173237;40.83;1
0.155902;34.92;1
0.140804;34.78;1
0.127442;32.26;1
0.115158;32.04;1
0.103418;32.04;1
0.092557;32.07;1
0.082981;31.91;1
0.074702;32.29;1
0.067663;31.88;1
0.062036;36.62;1
0.057820;32.90;1
0.054605;33.30;1
0.051970;33.80;1
0.049665;35.89;1
0.047573;33.54;1
0.045660;35.04;1
0.043932;36.25;1
0.042388;33.73;1
0.040997;34.02;1
0.039718;33.67;1
0.038526;33.08;1
0.037406;34.45;1
0.036346;37.90;1
0.035342;35.61;1
0.034392;34.60;1
0.033493;34.41;1
0.032647;34.95;1
0.031851;35.81;1
0.031100;35.33;1
0.030389;37.47;1
0.029703;33.84;1
0.029018;32.72;1
0.028278;35.10;1
0.027326;33.77;1
0.026233;33.76;1
0.025376;33.50;1
0.024751;33.06;1
0.024272;33.65;1
0.023897;36.99;1
0.023587;36.65;1
0.023322;37.41;1
0.023088;34.83;1
0.022877;35.50;1
0.022681;35.53;1
0.021881;35.55;1
0.021710;34.23;1
0.021583;36.72;1
0.021478;37.49;1
0.021386;35.70;1
0.021303;40.73;1
0.021229;38.26;1
0.021162;42.85;1
0.021102;37.18;1
0.021051;41.45;1
0.021007;43.31;1
0.020967;34.38;1
0.020930;33.99;1
0.020897;33.89;1
0.020866;33.96;1
0.020838;35.47;1
0.020812;33.88;1
0.020790;34.13;1
0.020770;34.33;1
0.020752;34.04;1
0.020736;34.23;1
0.020723;34.05;1
0.020711;33.79;1
0.020701;33.87;1
0.020693;34.03;1
0.020685;34.09;1
0.020678;34.25;1
0.020672;34.00;1
0.020667;34.00;1
0.020662;34.06;1
0.020658;34.04;1
0.020653;34.07;1
0.020650;33.93;1
0.020646;33.90;1
0.020643;34.11;1
0.020640;34.00;1
0.020637;35.33;1
0.020634;35.39;1
0.020632;35.95;1
0.020629;43.82;1
0.020627;45.47;1
0.020625;43.14;1
0.020623;39.23;1
0.020621;42.57;1
0.020619;37.69;1
0.020618;40.05;1
0.020616;36.12;1
0.020614;37.20;1
0.020613;35.27;1
0.020611;35.03;1
0.020662;34.03;2
0.020393;35.40;2
0.020166;35.09;2
0.019948;34.74;2
0.019722;34.73;2
0.019475;34.84;2
0.019210;35.04;2
0.018936;36.41;2
0.018666;36.14;2
0.018410;34.63;2
0.018176;36.50;2
0.017972;34.85;2
0.017795;34.76;2
0.017638;36.74;2
0.017489;34.98;2
0.017343;35.62;2
0.017196;35.04;2
0.017045;40.71;2
0.016891;36.13;2
0.016733;33.91;2
0.016571;33.90;2
0.016407;34.42;2
0.016240;36.01;2
0.016070;35.28;2
0.015893;35.34;2
0.015696;36.17;2
0.015428;34.07;2
0.014814;34.41;2
0.014155;38.77;2
0.013959;36.77;2
0.013854;35.52;2
0.013783;34.98;2
0.013731;37.57;2
0.013690;35.38;2
0.013659;39.84;2
0.013633;35.07;2
0.013611;35.03;2
0.013593;36.64;2
0.013578;36.31;2
0.013565;40.19;2
0.013554;38.51;2
0.013544;39.35;2
0.013535;36.17;2
0.013528;34.65;2
0.013521;68.51;2
0.013515;98.29;2
0.013510;39.21;2
0.013505;34.91;2
0.013501;35.96;2
0.013497;34.54;2
0.013280;34.27;2
0.013271;34.26;2
0.013267;37.80;2
0.013265;34.87;2
0.013263;35.44;2
0.013261;35.96;2
0.013260;34.34;2
0.013259;35.45;2
0.013257;34.25;2
0.013257;34.33;2
0.013256;34.04;2
0.013255;34.00;2
0.013254;34.37;2
0.013254;43.73;2
0.013253;37.90;2
0.013253;34.51;2
0.013252;41.66;2
0.013252;34.60;2
0.013251;35.83;2
0.013251;34.08;2
0.013250;34.03;2
0.013250;34.64;2
0.013250;36.76;2
0.013249;33.61;2
0.013249;32.65;2
0.013249;32.59;2
0.013248;32.49;2
0.013248;37.21;2
0.013248;33.20;2
0.013248;33.48;2
0.013247;33.46;2
0.013247;33.80;2
0.013247;38.86;2
0.013247;44.05;2
0.013247;34.48;2
0.013246;36.87;2
0.013246;35.82;2
0.013246;34.46;2
0.013246;42.31;2
0.013246;36.04;2
0.013246;32.56;2
0.013246;32.40;2
0.013245;32.77;2
0.013245;46.63;2
0.013245;54.43;2
0.013245;32.89;2
0.013245;32.63;2
0.013245;36.43;2
0.013245;33.87;2
0.013245;32.57;2
0.013168;31.89;3
0.013162;31.87;3
0.013158;32.13;3
0.013156;32.11;3
0.013154;31.75;3
0.013153;32.01;3
0.013152;32.12;3
0.013150;32.07;3
0.013149;32.14;3
0.013149;31.76;3
0.013148;31.79;3
0.013147;32.10;3
0.013147;32.41;3
0.013146;32.04;3
0.013145;32.13;3
0.013145;35.75;3
0.013145;36.58;3
0.013144;35.05;3
0.013144;35.54;3
0.013143;35.26;3
0.013143;33.52;3
0.013143;34.42;3
0.013143;40.01;3
0.013142;35.90;3
0.013142;34.75;3
0.013142;35.26;3
0.013142;33.49;3
0.013141;32.25;3
0.013141;33.82;3
0.013141;32.91;3
0.013141;33.13;3
0.013141;31.69;3
0.013141;31.71;3
0.013140;31.83;3
0.013140;31.85;3
0.013140;32.06;3
0.013140;32.05;3
0.013140;32.04;3
0.013140;32.16;3
0.013140;32.00;3
0.013140;32.52;3
0.013140;40.12;3
0.013139;53.04;3
0.013139;55.27;3
0.013139;53.28;3
0.013139;53.88;3
0.013139;32.00;3
0.013139;35.68;3
0.013139;35.15;3
0.013139;34.35;3
0.013072;51.53;3
0.013070;51.97;3
0.013070;46.35;3
0.013070;43.85;3
0.013070;34.49;3
0.013069;41.35;3
0.013069;40.87;3
0.013069;36.45;3
0.013069;43.26;3
0.013069;37.28;3
0.013069;35.34;3
0.013069;36.16;3
0.013069;34.06;3
0.013069;34.06;3
0.013069;34.40;3
0.013069;37.25;3
0.013069;33.92;3
0.013069;33.97;3
0.013069;34.18;3
0.013069;34.13;3
0.013069;33.91;3
0.013069;33.95;3
0.013069;34.08;3
0.013069;34.51;3
0.013069;34.22;3
0.013069;34.04;3
0.013069;33.80;3
0.013069;34.01;3
0.013069;33.98;3
0.013069;34.21;3
0.013069;34.03;3
0.013068;34.13;3
0.013068;33.86;3
0.013068;34.04;3
0.013068;33.94;3
0.013068;33.02;3
0.013068;32.77;3
0.013068;32.89;3
0.013068;32.94;3
0.013068;32.86;3
0.013068;32.99;3
0.013068;32.86;3
0.013068;32.85;3
0.013068;33.02;3
0.013068;32.93;3
0.013068;32.93;3
0.013068;33.22;3
0.013068;33.04;3
0.013068;33.18;3
0.013068;33.25;3
0.013046;32.02;4
0.013045;31.90;4
0.013044;31.90;4
0.013044;31.92;4
0.013044;31.91;4
0.013044;32.39;4
0.013044;32.12;4
0.013043;32.02;4
0.013043;31.81;4
0.013043;32.02;4
0.013043;32.30;4
0.013043;31.60;4
0.013043;31.92;4
0.013043;31.76;4
0.013043;31.59;4
0.013043;31.74;4
0.013043;31.72;4
0.013043;31.72;4
0.013043;31.54;4
0.013043;31.65;4
0.013043;31.66;4
0.013043;31.51;4
0.013043;31.49;4
0.013043;31.79;4
0.013043;31.87;4
0.013043;31.66;4
0.013043;31.79;4
0.013043;31.71;4
0.013042;31.69;4
0.013042;31.63;4
0.013042;31.81;4
0.013042;31.85;4
0.013042;31.37;4
0.013042;31.63;4
0.013042;31.92;4
0.013042;31.50;4
0.013042;31.63;4
0.013042;31.84;4
0.013042;31.95;4
0.013042;31.84;4
0.013042;32.06;4
0.013042;31.70;4
0.013042;31.67;4
0.013042;31.57;4
0.013042;32.00;4
0.013042;31.80;4
0.013042;31.73;4
0.013042;32.28;4
0.013042;31.86;4
0.013042;31.81;4
0.013013;31.63;4
0.013012;31.55;4
0.013012;31.55;4
0.013012;31.46;4
0.013011;31.28;4
0.013011;31.29;4
0.013011;31.24;4
0.013011;31.47;4
0.013011;31.61;4
0.013011;31.73;4
0.013011;31.54;4
0.013011;31.49;4
0.013011;31.62;4
0.013011;31.46;4
0.013011;31.35;4
0.013011;31.68;4
0.013011;31.27;4
0.013011;31.51;4
0.013011;31.43;4
0.013011;31.64;4
0.013011;31.59;4
0.013011;31.71;4
0.013011;31.87;4
0.013011;31.56;4
0.013011;31.72;4
0.013011;31.89;4
0.013011;31.76;4
0.013011;31.46;4
0.013011;31.44;4
0.013011;31.60;4
0.013011;31.87;4
0.013011;31.94;4
0.013011;31.50;4
0.013011;31.63;4
0.013011;31.59;4
0.013011;31.70;4
0.013011;31.60;4
0.013011;31.72;4
0.013011;31.68;4
0.013011;31.73;4
0.013011;31.75;4
0.013011;31.75;4
0.013011;31.48;4
0.013011;31.89;4
0.013011;31.74;4
0.013011;31.46;4
0.013011;31.59;4
0.013011;31.67;4
0.013011;31.64;4
0.013011;31.74;4
0.012976;34.04;5
0.012975;33.89;5
0.012975;33.88;5
0.012975;34.00;5
0.012975;33.95;5
0.012975;34.00;5
0.012975;33.98;5
0.012974;33.81;5
0.012974;33.81;5
0.012974;34.03;5
0.012974;33.76;5
0.012974;34.07;5
0.012974;33.76;5
0.012974;33.78;5
0.012974;33.70;5
0.012974;34.07;5
0.012974;33.95;5
0.012974;33.93;5
0.012974;34.04;5
0.012974;33.65;5
0.012974;33.92;5
0.012974;33.89;5
0.012974;33.89;5
0.012974;34.12;5
0.012974;34.16;5
0.012974;33.77;5
0.012974;33.91;5
0.012974;33.68;5
0.012974;33.88;5
0.012974;34.17;5
0.012974;34.17;5
0.012974;33.97;5
0.012974;34.15;5
0.012974;34.68;5
0.012974;43.48;5
0.012974;36.41;5
0.012974;34.04;5
0.012974;34.08;5
0.012974;34.13;5
0.012974;35.03;5
0.012974;34.06;5
0.012974;32.81;5
0.012974;32.80;5
0.012974;34.14;5
0.012974;34.34;5
0.012973;37.19;5
0.012973;36.58;5
0.012973;38.11;5
0.012973;33.69;5
0.012973;33.58;5
0.012969;35.49;5
0.012968;36.84;5
0.012968;34.27;5
0.012968;36.81;5
0.012968;40.05;5
0.012968;34.16;5
0.012968;33.77;5
0.012968;33.42;5
0.012968;35.50;5
0.012968;35.07;5
0.012968;31.84;5
0.012968;31.77;5
0.012968;34.40;5
0.012968;33.52;5
0.012968;34.41;5
0.012968;39.09;5
0.012968;34.81;5
0.012968;34.76;5
0.012968;38.20;5
0.012968;32.88;5
0.012968;34.62;5
0.012968;33.79;5
0.012968;32.47;5
0.012968;32.77;5
0.012968;34.95;5
0.012968;33.57;5
0.012968;38.99;5
0.012968;34.24;5
0.012968;33.50;5
0.012968;33.21;5
0.012968;46.95;5
0.012968;32.96;5
0.012968;32.74;5
0.012968;32.72;5
0.012967;34.51;5
0.012967;33.47;5
0.012967;33.01;5
0.012967;32.51;5
0.012967;32.47;5
0.012967;34.54;5
0.012967;34.84;5
0.012967;33.07;5
0.012967;34.15;5
0.012967;36.07;5
0.012967;36.54;5
0.012967;33.92;5
0.012967;36.99;5
0.012967;33.64;5
0.012967;32.90;5
0.012967;32.16;5
0.012943;38.60;6
0.012943;38.43;6
0.012943;34.89;6
0.012943;37.92;6
0.012943;37.07;6
0.012943;32.72;6
0.012943;32.42;6
0.012943;33.88;6
0.012943;33.24;6
0.012943;33.58;6
0.012943;32.84;6
0.012943;32.48;6
0.012943;32.22;6
0.012943;34.82;6
0.012942;79.32;6
0.012942;46.85;6
0.012942;57.57;6
0.012942;35.75;6
0.012942;36.09;6
0.012942;35.02;6
0.012942;33.30;6
0.012942;33.23;6
0.012942;38.49;6
0.012942;37.00;6
0.012942;34.08;6
0.012942;35.51;6
0.012942;33.88;6
0.012942;33.18;6
0.012942;32.08;6
0.012942;31.93;6
0.012942;31.96;6
0.012942;31.80;6
0.012942;33.51;6
0.012942;32.99;6
0.012942;33.12;6
0.012942;32.45;6
0.012942;35.03;6
0.012942;34.07;6
0.012942;32.83;6
0.012942;34.91;6
0.012942;59.30;6
0.012942;47.44;6
0.012942;42.08;6
0.012942;42.61;6
0.012942;39.63;6
0.012942;89.47;6
0.012942;63.57;6
0.012942;37.15;6
0.012942;33.74;6
0.012942;32.14;6
0.012969;32.25;6
0.012968;34.18;6
0.012968;34.21;6
0.012968;32.01;6
0.012968;33.98;6
0.012968;31.82;6
0.012968;32.38;6
0.012968;31.97;6
0.012968;32.26;6
0.012968;31.79;6
0.012968;31.82;6
0.012968;31.98;6
0.012968;32.40;6
0.012968;31.94;6
0.012968;31.99;6
0.012968;32.16;6
0.012968;33.23;6
0.012968;32.44;6
0.012968;32.05;6
0.012968;32.01;6
0.012968;32.00;6
0.012968;31.78;6
0.012968;37.73;6
0.012967;47.34;6
0.012967;33.26;6
0.012967;37.51;6
0.012967;58.08;6
0.012967;50.15;6
0.012967;42.89;6
0.012967;49.80;6
0.012967;37.10;6
0.012967;34.83;6
0.012967;36.79;6
0.012967;34.97;6
0.012967;34.13;6
0.012967;33.14;6
0.012967;32.98;6
0.012967;31.95;6
0.012967;32.08;6
0.012967;32.00;6
0.012967;32.44;6
0.012967;32.04;6
0.012967;31.95;6
0.012967;36.16;6
0.012967;32.61;6
0.012967;31.91;6
0.012967;34.79;6
0.012967;36.13;6
0.012967;32.82;6
0.012967;33.48;6
0.012932;32.01;7
0.012931;32.72;7
0.012931;33.51;7
0.012931;37.93;7
0.012931;38.28;7
0.012931;38.15;7
0.012931;38.03;7
0.012931;36.02;7
0.012931;34.13;7
0.012931;33.90;7
0.012931;33.94;7
0.012931;32.85;7
0.012931;35.36;7
0.012931;35.22;7
0.012931;63.79;7
0.012931;40.13;7
0.012931;40.11;7
0.012931;32.31;7
0.012931;32.43;7
0.012931;35.77;7
0.012931;36.49;7
0.012931;36.59;7
0.012931;43.06;7
0.012931;37.74;7
0.012931;40.70;7
0.012931;37.32;7
0.012931;43.98;7
0.012931;37.40;7
0.012931;37.66;7
0.012931;38.36;7
0.012931;33.73;7
0.012931;32.39;7
0.012931;32.74;7
0.012931;32.26;7
0.012931;32.51;7
0.012931;32.76;7
0.012931;32.38;7
0.012931;32.28;7
0.012931;32.41;7
0.012931;33.01;7
0.012931;32.49;7
0.012931;33.33;7
0.012931;38.24;7
0.012931;35.69;7
0.012931;34.76;7
0.012931;38.77;7
0.012931;45.57;7
0.012931;36.18;7
0.012931;35.44;7
0.012931;34.75;7
0.012930;32.50;7
0.012930;32.05;7
0.012930;32.37;7
0.012930;35.63;7
0.012930;32.67;7
0.012930;33.11;7
0.012930;32.14;7
0.012930;32.20;7
0.012930;32.20;7
0.012930;32.13;7
0.012930;32.26;7
0.012930;32.21;7
0.012930;33.28;7
0.012930;33.73;7
0.012930;32.19;7
0.012930;32.14;7
0.012930;32.16;7
0.012930;32.15;7
0.012930;32.11;7
0.012930;32.43;7
0.012930;32.70;7
0.012929;32.30;7
0.012929;33.03;7
0.012929;32.30;7
0.012929;32.35;7
0.012929;32.14;7
0.012929;32.30;7
0.012929;32.19;7
0.012929;32.51;7
0.012929;32.10;7
0.012929;32.23;7
0.012929;32.27;7
0.012929;32.27;7
0.012929;33.46;7
0.012929;35.04;7
0.012929;35.82;7
0.012929;34.26;7
0.012929;32.31;7
0.012929;32.70;7
0.012929;32.35;7
0.012929;32.28;7
0.012929;32.23;7
0.012929;32.22;7
0.012929;32.32;7
0.012929;32.40;7
0.012929;32.24;7
0.012929;32.27;7
0.012929;32.20;7
0.012929;32.25;7
0.012929;32.21;7
0.012921;32.36;8
0.012921;32.09;8
0.012921;32.02;8
0.012921;32.04;8
0.012921;32.02;8
0.012920;32.68;8
0.012920;32.17;8
0.012920;32.12;8
0.012920;32.10;8
0.012920;32.15;8
0.012920;31.94;8
0.012920;32.13;8
0.012920;32.20;8
0.012920;32.70;8
0.012920;32.24;8
0.012920;32.09;8
0.012920;32.18;8
0.012920;32.13;8
0.012920;32.21;8
0.012920;32.28;8
0.012920;32.18;8
0.012920;32.26;8
0.012920;32.24;8
0.012920;32.37;8
0.012920;32.20;8
0.012920;32.31;8
0.012920;32.24;8
0.012920;32.15;8
0.012920;32.15;8
0.012920;32.16;8
0.012920;32.12;8
0.012920;32.20;8
0.012920;32.22;8
0.012920;32.21;8
0.012920;32.20;8
0.012920;32.19;8
0.012920;32.29;8
0.012920;32.24;8
0.012920;32.90;8
0.012920;32.31;8
0.012920;32.43;8
0.012920;32.29;8
0.012920;32.44;8
0.012920;32.23;8
0.012920;32.33;8
0.012920;32.29;8
0.012920;32.19;8
0.012920;32.67;8
0.012920;33.84;8
0.012920;34.08;8
0.012929;34.81;8
0.012928;32.63;8
0.012928;34.35;8
0.012928;35.85;8
0.012928;33.60;8
0.012928;36.89;8
0.012928;37.93;8
0.012928;33.56;8
0.012928;37.91;8
0.012928;33.97;8
0.012928;33.82;8
0.012928;36.34;8
0.012928;33.52;8
0.012928;34.69;8
0.012928;35.00;8
0.012928;43.58;8
0.012928;35.04;8
0.012928;33.63;8
0.012928;34.61;8
0.012928;35.47;8
0.012928;34.44;8
0.012928;33.82;8
0.012928;36.64;8
0.012928;35.91;8
0.012928;35.66;8
0.012928;36.51;8
0.012928;40.15;8
0.012928;33.17;8
0.012928;34.36;8
0.012928;35.23;8
0.012928;34.06;8
0.012928;33.57;8
0.012928;33.42;8
0.012928;34.96;8
0.012928;36.18;8
0.012928;35.01;8
0.012928;34.01;8
0.012927;35.72;8
0.012927;35.02;8
0.012927;35.53;8
0.012927;38.61;8
0.012927;38.27;8
0.012927;35.08;8
0.012927;34.97;8
0.012927;32.72;8
0.012927;33.78;8
0.012927;34.57;8
0.012927;34.37;8
0.012927;32.82;8
0.012927;33.35;8
0.012934;35.12;9
0.012934;36.61;9
0.012934;40.02;9
0.012934;34.47;9
0.012934;34.87;9
0.012934;36.75;9
0.012934;36.36;9
0.012934;33.26;9
0.012934;33.12;9
0.012934;35.37;9
0.012934;37.41;9
0.012934;34.92;9
0.012934;34.44;9
0.012934;34.41;9
0.012934;36.37;9
0.012934;36.49;9
0.012934;35.49;9
0.012934;35.27;9
0.012934;35.63;9
0.012934;33.79;9
0.012934;34.19;9
0.012934;33.51;9
0.012934;33.38;9
0.012934;33.13;9
0.012933;33.36;9
0.012933;33.49;9
0.012933;33.47;9
0.012933;33.20;9
0.012933;33.23;9
0.012933;33.29;9
0.012933;33.31;9
0.012933;33.27;9
0.012933;33.33;9
0.012933;33.40;9
0.012933;33.31;9
0.012933;33.29;9
0.012933;34.01;9
0.012933;33.65;9
0.012933;33.45;9
0.012933;33.23;9
0.012933;33.11;9
0.012933;33.41;9
0.012933;33.43;9
0.012933;33.28;9
0.012933;33.30;9
0.012933;33.49;9
0.012933;33.75;9
0.012933;33.33;9
0.012933;33.56;9
0.012933;33.30;9
0.012935;40.92;9
0.012935;34.81;9
0.012935;33.83;9
0.012935;35.28;9
0.012935;35.42;9
0.012935;36.07;9
0.012935;37.20;9
0.012935;38.28;9
0.012935;33.18;9
0.012935;33.58;9
0.012935;35.71;9
0.012935;36.29;9
0.012935;39.92;9
0.012934;34.15;9
0.012934;32.93;9
0.012934;33.24;9
0.012934;32.94;9
0.012934;33.51;9
0.012934;33.37;9
0.012934;34.22;9
0.012934;33.38;9
0.012934;34.00;9
0.012934;33.72;9
0.012934;34.20;9
0.012934;33.45;9
0.012934;37.04;9
0.012934;35.31;9
0.012934;33.09;9
0.012934;32.67;9
0.012934;36.12;9
0.012934;36.01;9
0.012934;37.69;9
0.012934;33.58;9
0.012934;33.54;9
0.012934;33.91;9
0.012934;33.79;9
0.012934;35.21;9
0.012934;33.75;9
0.012934;33.06;9
0.012934;33.01;9
0.012934;33.07;9
0.012934;33.22;9
0.012934;33.10;9
0.012934;33.01;9
0.012934;32.72;9
0.012934;32.49;9
0.012934;32.83;9
0.012934;32.63;9
0.012934;32.80;9
0.012934;32.61;9
0.012903;32.28;10
0.012903;32.51;10
0.012903;32.44;10
0.012903;32.84;10
0.012903;32.41;10
0.012903;33.37;10
0.012903;32.52;10
0.012903;32.22;10
0.012903;32.27;10
0.012903;32.27;10
0.012903;32.96;10
0.012903;32.43;10
0.012903;33.08;10
0.012903;32.25;10
0.012903;35.23;10
0.012903;34.99;10
0.012903;33.09;10
0.012903;32.24;10
0.012903;34.36;10
0.012903;32.32;10
0.012903;32.33;10
0.012903;32.80;10
0.012903;33.39;10
0.012903;33.57;10
0.012903;32.75;10
0.012903;33.46;10
0.012903;35.97;10
0.012903;34.78;10
0.012903;34.06;10
0.012903;32.57;10
0.012903;33.06;10
0.012903;32.78;10
0.012903;32.44;10
0.012903;32.45;10
0.012903;36.39;10
0.012903;407.93;10
0.012903;38.83;10
0.012903;42.50;10
0.012902;39.09;10
0.012902;45.50;10
0.012902;39.93;10
0.012902;40.54;10
0.012902;37.97;10
0.012902;40.03;10
0.012902;37.34;10
0.012902;37.66;10
0.012902;36.83;10
0.012902;40.34;10
0.012902;38.58;10
0.012902;37.27;10
0.012932;41.00;10
0.012932;40.62;10
0.012932;38.12;10
0.012932;36.81;10
0.012932;60.50;10
0.012932;62.71;10
0.012932;55.42;10
0.012932;48.05;10
0.012932;41.03;10
0.012932;36.84;10
0.012932;39.69;10
0.012932;45.14;10
0.012932;33.92;10
0.012932;36.72;10
0.012932;34.85;10
0.012932;33.29;10
0.012932;33.78;10
0.012932;36.37;10
0.012932;59.29;10
0.012932;47.22;10
0.012932;50.26;10
0.012932;58.08;10
0.012932;57.16;10
0.012932;43.87;10
0.012932;43.64;10
0.012932;38.48;10
0.012932;39.34;10
0.012932;34.42;10
0.012932;34.49;10
0.012932;37.89;10
0.012931;39.77;10
0.012931;33.97;10
0.012931;34.03;10
0.012931;34.11;10
0.012931;33.93;10
0.012931;34.15;10
0.012931;34.09;10
0.012931;36.12;10
0.012931;37.37;10
0.012931;36.08;10
0.012931;35.02;10
0.012931;35.76;10
0.012931;37.13;10
0.012931;35.30;10
0.012931;35.83;10
0.012931;33.92;10
0.012931;34.28;10
0.012931;34.10;10
0.012931;34.78;10
0.012931;34.05;10
0.012922;33.88;11
0.012922;33.92;11
0.012922;33.86;11
0.012922;34.06;11
0.012922;34.14;11
0.012922;34.08;11
0.012922;34.21;11
0.012922;34.18;11
0.012922;34.15;11
0.012922;34.06;11
0.012922;34.09;11
0.012922;34.01;11
0.012922;34.05;11
0.012922;33.93;11
0.012922;34.29;11
0.012922;33.88;11
0.012922;34.07;11
0.012922;34.03;11
0.012922;34.16;11
0.012922;34.17;11
0.012922;33.95;11
0.012922;34.16;11
0.012922;34.01;11
0.012922;34.15;11
0.012922;34.08;11
0.012922;34.09;11
0.012922;34.03;11
0.012922;33.94;11
0.012922;34.02;11
0.012922;34.07;11
0.012922;34.10;11
0.012922;34.19;11
0.012922;34.16;11
0.012922;34.21;11
0.012922;34.03;11
0.012921;34.04;11
0.012921;34.16;11
0.012921;34.17;11
0.012921;34.18;11
0.012921;34.12;11
0.012921;34.20;11
0.012921;34.31;11
0.012921;34.69;11
0.012921;33.90;11
0.012921;34.03;11
0.012921;33.91;11
0.012921;33.90;11
0.012921;34.00;11
0.012921;33.81;11
0.012921;33.83;11
0.012935;33.99;11
0.012935;33.86;11
0.012935;33.75;11
0.012934;33.98;11
0.012934;33.92;11
0.012934;33.92;11
0.012934;34.12;11
0.012934;33.99;11
0.012934;33.88;11
0.012934;33.98;11
0.012934;34.02;11
0.012934;33.94;11
0.012934;33.96;11
0.012934;33.97;11
0.012934;33.97;11
0.012934;33.91;11
0.012934;34.03;11
0.012934;33.95;11
0.012934;34.00;11
0.012934;33.99;11
0.012934;33.84;11
0.012934;34.05;11
0.012934;33.97;11
0.012934;33.94;11
0.012934;34.01;11
0.012934;34.56;11
0.012934;33.94;11
0.012934;34.17;11
0.012934;33.92;11
0.012934;34.04;11
0.012934;33.94;11
0.012934;34.18;11
0.012934;34.20;11
0.012934;34.04;11
0.012934;33.96;11
0.012934;34.21;11
0.012934;33.99;11
0.012934;33.89;11
0.012934;34.10;11
0.012934;34.05;11
0.012934;34.11;11
0.012934;33.93;11
0.012934;34.01;11
0.012934;34.09;11
0.012934;33.94;11
0.012934;33.65;11
0.012934;31.90;11
0.012934;31.93;11
0.012934;32.07;11
0.012933;31.96;11
0.012914;32.44;12
0.012914;32.24;12
0.012914;33.87;12
0.012914;34.20;12
0.012914;34.17;12
0.012914;34.01;12
0.012914;34.17;12
0.012914;34.13;12
0.012914;34.10;12
0.012914;34.13;12
0.012914;33.97;12
0.012914;34.27;12
0.012914;34.08;12
0.012914;34.15;12
0.012914;33.93;12
0.012914;34.03;12
0.012914;34.06;12
0.012914;34.17;12
0.012914;34.34;12
0.012914;34.25;12
0.012914;34.24;12
0.012914;34.12;12
0.012914;34.05;12
0.012914;34.19;12
0.012914;34.12;12
0.012914;34.20;12
0.012914;34.17;12
0.012914;33.89;12
0.012914;34.20;12
0.012914;34.05;12
0.012914;34.19;12
0.012914;34.08;12
0.012914;34.11;12
0.012914;34.09;12
0.012914;34.17;12
0.012914;34.13;12
0.012913;34.10;12
0.012913;34.35;12
0.012913;34.13;12
0.012913;34.21;12
0.012913;34.22;12
0.012913;34.09;12
0.012913;34.16;12
0.012913;34.28;12
0.012913;34.19;12
0.012913;34.20;12
0.012913;34.19;12
0.012913;34.33;12
0.012913;34.50;12
0.012913;34.07;12
0.012944;33.86;12
0.012944;33.72;12
0.012944;34.00;12
0.012944;33.94;12
0.012944;33.74;12
0.012944;33.91;12
0.012944;34.13;12
0.012944;33.83;12
0.012944;33.99;12
0.012944;33.86;12
0.012944;33.77;12
0.012944;34.08;12
0.012944;33.98;12
0.012944;33.97;12
0.012944;33.98;12
0.012944;31.87;12
0.012944;32.17;12
0.012944;33.96;12
0.012944;34.00;12
0.012944;33.97;12
0.012944;34.06;12
0.012944;33.86;12
0.012944;33.88;12
0.012944;34.06;12
0.012944;33.96;12
0.012944;33.97;12
0.012944;34.03;12
0.012944;33.89;12
0.012944;33.96;12
0.012944;34.12;12
0.012944;34.18;12
0.012944;34.44;12
0.012944;33.93;12
0.012944;34.07;12
0.012944;34.15;12
0.012944;34.03;12
0.012944;34.02;12
0.012944;34.10;12
0.012944;34.04;12
0.012944;33.93;12
0.012944;33.92;12
0.012944;33.95;12
0.012944;33.95;12
0.012943;34.06;12
0.012943;34.08;12
0.012943;33.95;12
0.012943;34.10;12
0.012943;33.92;12
0.012943;34.03;12
0.012943;33.86;12
0.012932;33.80;13
0.012932;33.94;13
0.012932;33.49;13
0.012931;32.17;13
0.012931;32.43;13
0.012931;32.35;13
0.012931;32.14;13
0.012931;32.19;13
0.012931;32.21;13
0.012931;32.27;13
0.012931;32.43;13
0.012931;32.28;13
0.012931;32.30;13
0.012931;32.25;13
0.012931;32.18;13
0.012931;32.14;13
0.012931;32.01;13
0.012931;32.34;13
0.012931;32.49;13
0.012931;32.12;13
0.012931;32.15;13
0.012931;32.11;13
0.012931;32.18;13
0.012931;32.26;13
0.012931;32.13;13
0.012931;32.20;13
0.012931;32.37;13
0.012931;32.13;13
0.012931;32.05;13
0.012931;32.27;13
0.012931;32.36;13
0.012931;32.22;13
0.012931;32.35;13
0.012931;32.35;13
0.012931;32.08;13
0.012931;32.34;13
0.012931;32.33;13
0.012931;32.18;13
0.012931;32.23;13
0.012931;32.23;13
0.012931;32.46;13
0.012931;32.38;13
0.012931;32.09;13
0.012931;32.48;13
0.012931;32.27;13
0.012931;32.16;13
0.012931;32.09;13
0.012931;32.11;13
0.012931;32.28;13
0.012931;32.15;13
0.012928;31.68;13
0.012928;31.75;13
0.012928;31.71;13
0.012928;31.73;13
0.012928;31.70;13
0.012928;31.96;13
0.012928;32.28;13
0.012928;32.26;13
0.012928;32.23;13
0.012928;32.27;13
0.012928;32.24;13
0.012928;32.23;13
0.012928;32.13;13
0.012928;32.26;13
0.012928;32.09;13
0.012928;32.20;13
0.012928;32.25;13
0.012928;32.40;13
0.012928;32.20;13
0.012928;32.27;13
0.012928;32.28;13
0.012928;32.31;13
0.012928;32.35;13
0.012928;32.29;13
0.012928;32.33;13
0.012928;32.34;13
0.012928;32.33;13
0.012928;32.34;13
0.012928;32.30;13
0.012928;32.20;13
0.012928;32.28;13
0.012928;32.23;13
0.012928;32.35;13
0.012927;32.27;13
0.012927;32.27;13
0.012927;32.32;13
0.012927;32.37;13
0.012927;32.21;13
0.012927;32.33;13
0.012927;32.40;13
0.012927;32.76;13
0.012927;32.45;13
0.012927;32.28;13
0.012927;32.32;13
0.012927;32.31;13
0.012927;32.32;13
0.012927;32.31;13
0.012927;32.32;13
0.012927;32.38;13
0.012927;32.48;13
0.012929;32.42;14
0.012929;32.37;14
0.012929;32.29;14
0.012929;32.20;14
0.012929;32.54;14
0.012929;32.27;14
0.012929;32.34;14
0.012929;32.41;14
0.012928;32.26;14
0.012928;32.40;14
0.012928;32.24;14
0.012928;32.31;14
0.012928;32.26;14
0.012928;32.24;14
0.012928;32.33;14
0.012928;32.34;14
0.012928;32.43;14
0.012928;32.29;14
0.012928;32.41;14
0.012928;32.30;14
0.012928;32.33;14
0.012928;32.32;14
0.012928;32.13;14
0.012928;32.47;14
0.012928;32.26;14
0.012928;32.33;14
0.012928;32.37;14
0.012928;32.16;14
0.012928;32.19;14
0.012928;32.32;14
0.012928;32.26;14
0.012928;32.38;14
0.012928;32.39;14
0.012928;32.35;14
0.012928;33.89;14
0.012928;33.62;14
0.012928;32.29;14
0.012928;32.30;14
0.012928;32.49;14
0.012928;32.34;14
0.012928;32.25;14
0.012928;32.47;14
0.012928;32.33;14
0.012928;32.34;14
0.012928;32.39;14
0.012928;32.40;14
0.012928;32.41;14
0.012928;32.30;14
0.012928;32.46;14
0.012928;32.44;14
0.012924;32.70;14
0.012923;32.90;14
0.012923;33.22;14
0.012923;33.21;14
0.012923;33.02;14
0.012923;32.94;14
0.012923;33.14;14
0.012923;33.05;14
0.012923;33.27;14
0.012923;33.17;14
0.012923;41.95;14
0.012923;38.45;14
0.012923;33.59;14
0.012923;33.64;14
0.012923;33.49;14
0.012923;33.39;14
0.012923;33.46;14
0.012923;33.24;14
0.012923;33.79;14
0.012923;33.72;14
0.012923;33.68;14
0.012923;33.54;14
0.012923;33.70;14
0.012923;33.73;14
0.012923;33.92;14
0.012923;33.91;14
0.012923;33.39;14
0.012923;33.36;14
0.012923;33.35;14
0.012923;33.38;14
0.012923;33.38;14
0.012923;33.64;14
0.012923;33.59;14
0.012923;33.63;14
0.012923;33.73;14
0.012923;33.28;14
0.012923;33.60;14
0.012923;33.52;14
0.012923;33.49;14
0.012923;33.29;14
0.012923;33.66;14
0.012923;33.35;14
0.012923;33.28;14
0.012923;33.63;14
0.012923;33.45;14
0.012923;33.41;14
0.012923;33.21;14
0.012923;33.44;14
0.012923;33.97;14
0.012923;33.91;14
0.012913;31.66;15
0.012913;31.65;15
0.012913;31.56;15
0.012913;31.64;15
0.012913;31.55;15
0.012913;31.52;15
0.012913;31.65;15
0.012913;31.69;15
0.012913;31.46;15
0.012913;31.42;15
0.012913;31.59;15
0.012913;31.60;15
0.012913;31.33;15
0.012913;31.52;15
0.012913;31.53;15
0.012913;31.64;15
0.012913;31.54;15
0.012913;31.76;15
0.012913;31.60;15
0.012913;31.62;15
0.012913;31.61;15
0.012913;31.63;15
0.012913;31.50;15
0.012913;31.49;15
0.012913;31.57;15
0.012913;31.49;15
0.012913;31.58;15
0.012913;31.73;15
0.012913;31.58;15
0.012913;31.47;15
0.012913;31.79;15
0.012913;31.85;15
0.012913;31.53;15
0.012913;31.60;15
0.012913;31.55;15
0.012913;31.46;15
0.012913;31.57;15
0.012913;31.55;15
0.012913;31.60;15
0.012913;31.58;15
0.012913;31.57;15
0.012913;31.65;15
0.012913;31.64;15
0.012913;31.58;15
0.012913;31.54;15
0.012913;31.63;15
0.012913;31.61;15
0.012913;31.54;15
0.012913;31.61;15
0.012913;31.47;15
0.012921;31.42;15
0.012921;31.38;15
0.012921;31.52;15
0.012921;31.51;15
0.012921;31.43;15
0.012921;31.64;15
0.012921;31.52;15
0.012921;31.61;15
0.012921;31.58;15
0.012921;31.47;15
0.012921;31.55;15
0.012921;31.56;15
0.012921;31.55;15
0.012921;31.62;15
0.012921;31.53;15
0.012921;31.38;15
0.012921;31.60;15
0.012921;31.47;15
0.012921;31.64;15
0.012921;31.63;15
0.012921;32.34;15
0.012921;31.64;15
0.012921;31.41;15
0.012921;31.55;15
0.012921;31.61;15
0.012921;31.49;15
0.012921;31.54;15
0.012921;31.66;15
0.012921;31.63;15
0.012921;31.63;15
0.012921;31.75;15
0.012921;31.60;15
0.012921;31.59;15
0.012921;31.66;15
0.012921;31.53;15
0.012921;31.65;15
0.012921;31.62;15
0.012921;31.84;15
0.012921;31.58;15
0.012921;31.68;15
0.012921;31.61;15
0.012921;31.71;15
0.012921;31.78;15
0.012921;31.68;15
0.012921;31.53;15
0.012921;31.50;15
0.012921;31.63;15
0.012921;31.52;15
0.012921;31.61;15
0.012921;31.56;15
0.012920;31.53;16
0.012920;31.48;16
0.012920;31.51;16
0.012920;31.47;16
0.012920;31.44;16
0.012920;31.47;16
0.012920;31.44;16
0.012920;31.57;16
0.012920;31.48;16
0.012920;31.45;16
0.012920;31.56;16
0.012920;31.54;16
0.012920;31.49;16
0.012920;31.44;16
0.012920;31.54;16
0.012920;31.55;16
0.012920;31.59;16
0.012920;31.53;16
0.012920;31.57;16
0.012920;31.54;16
0.012920;31.56;16
0.012920;31.67;16
0.012920;31.65;16
0.012920;31.77;16
0.012920;31.65;16
0.012920;31.61;16
0.012920;31.59;16
0.012920;31.64;16
0.012920;31.59;16
0.012920;31.59;16
0.012920;31.73;16
0.012920;31.68;16
0.012920;31.70;16
0.012920;31.69;16
0.012920;31.57;16
0.012920;31.46;16
0.012920;31.57;16
0.012920;31.58;16
0.012920;31.68;16
0.012920;31.49;16
0.012920;31.57;16
0.012920;31.46;16
0.012920;31.68;16
0.012920;31.59;16
0.012920;31.53;16
0.012920;31.48;16
0.012920;31.54;16
0.012920;31.47;16
0.012920;31.53;16
0.012920;31.47;16
0.012933;33.79;16
0.012933;33.71;16
0.012933;33.76;16
0.012933;33.87;16
0.012933;33.87;16
0.012933;34.30;16
0.012933;33.91;16
0.012933;34.03;16
0.012933;33.81;16
0.012933;33.85;16
0.012933;33.85;16
0.012933;33.75;16
0.012933;33.89;16
0.012933;33.91;16
0.012932;33.89;16
0.012932;33.85;16
0.012932;34.09;16
0.012932;33.93;16
0.012932;33.85;16
0.012932;33.85;16
0.012932;33.67;16
0.012932;33.94;16
0.012932;33.94;16
0.012932;34.10;16
0.012932;33.85;16
0.012932;34.08;16
0.012932;34.08;16
0.012932;34.04;16
0.012932;34.09;16
0.012932;34.12;16
0.012932;34.15;16
0.012932;34.30;16
0.012932;33.97;16
0.012932;34.01;16
0.012932;34.11;16
0.012932;33.95;16
0.012932;33.88;16
0.012932;33.99;16
0.012932;33.92;16
0.012932;34.05;16
0.012932;33.79;16
0.012932;34.08;16
0.012932;33.96;16
0.012932;33.96;16
0.012932;34.03;16
0.012932;34.05;16
0.012932;33.97;16
0.012932;33.98;16
0.012932;33.85;16
0.012932;34.02;16
0.012911;32.27;17
0.012911;32.35;17
0.012911;32.39;17
0.012911;32.46;17
0.012911;32.41;17
0.012911;32.31;17
0.012911;32.35;17
0.012911;32.36;17
0.012911;32.39;17
0.012911;32.48;17
0.012911;32.58;17
0.012911;32.47;17
0.012911;32.39;17
0.012911;32.30;17
0.012911;32.33;17
0.012911;32.39;17
0.012911;32.34;17
0.012911;32.34;17
0.012911;32.35;17
0.012911;32.48;17
0.012911;32.50;17
0.012911;32.37;17
0.012911;32.33;17
0.012911;32.55;17
0.012911;32.46;17
0.012911;32.53;17
0.012910;32.43;17
0.012910;32.45;17
0.012910;32.35;17
0.012910;32.29;17
0.012910;32.42;17
0.012910;32.47;17
0.012910;32.46;17
0.012910;32.48;17
0.012910;32.51;17
0.012910;32.42;17
0.012910;32.51;17
0.012910;32.59;17
0.012910;32.47;17
0.012910;32.49;17
0.012910;32.58;17
0.012910;32.49;17
0.012910;32.65;17
0.012910;32.39;17
0.012910;32.44;17
0.012910;32.46;17
0.012910;32.52;17
0.012910;32.47;17
0.012910;32.43;17
0.012910;32.47;17
0.012923;32.47;17
0.012923;32.64;17
0.012923;32.58;17
0.012923;32.58;17
0.012922;32.72;17
0.012922;32.61;17
0.012922;32.67;17
0.012922;32.86;17
0.012922;32.66;17
0.012922;32.80;17
0.012922;32.69;17
0.012922;32.85;17
0.012922;32.70;17
0.012922;32.73;17
0.012922;32.68;17
0.012922;32.71;17
0.012922;32.78;17
0.012922;32.73;17
0.012922;32.76;17
0.012922;32.49;17
0.012922;32.56;17
0.012922;32.57;17
0.012922;32.57;17
0.012922;32.64;17
0.012922;32.67;17
0.012922;32.79;17
0.012922;32.76;17
0.012922;32.81;17
0.012922;32.70;17
0.012922;32.68;17
0.012922;32.69;17
0.012922;32.88;17
0.012922;32.94;17
0.012922;32.81;17
0.012922;32.72;17
0.012922;33.45;17
0.012922;31.65;17
0.012922;31.67;17
0.012922;31.70;17
0.012922;31.70;17
0.012922;32.57;17
0.012922;31.76;17
0.012922;31.65;17
0.012922;31.62;17
0.012922;31.61;17
0.012922;31.86;17
0.012922;31.72;17
0.012922;31.60;17
0.012922;31.67;17
0.012922;31.89;17
0.012913;33.81;18
0.012913;33.87;18
0.012913;33.91;18
0.012913;33.92;18
0.012913;33.83;18
0.012913;33.91;18
0.012913;33.90;18
0.012913;33.92;18
0.012913;34.01;18
0.012913;33.83;18
0.012913;34.06;18
0.012913;33.98;18
0.012913;33.83;18
0.012913;34.17;18
0.012913;34.03;18
0.012913;33.99;18
0.012913;33.96;18
0.012913;34.05;18
0.012913;34.05;18
0.012913;34.20;18
0.012913;34.13;18
0.012913;33.97;18
0.012913;33.91;18
0.012913;33.97;18
0.012913;33.97;18
0.012913;34.14;18
0.012913;34.12;18
0.012913;34.09;18
0.012913;34.17;18
0.012913;33.99;18
0.012913;34.02;18
0.012913;33.99;18
0.012913;34.20;18
0.012913;34.07;18
0.012913;34.38;18
0.012913;33.98;18
0.012913;33.92;18
0.012913;33.94;18
0.012913;33.96;18
0.012913;33.90;18
0.012913;33.88;18
0.012913;33.92;18
0.012913;33.72;18
0.012913;34.01;18
0.012913;33.89;18
0.012913;33.97;18
0.012913;34.00;18
0.012913;34.11;18
0.012913;34.09;18
0.012913;34.03;18
0.012925;31.51;18
0.012925;31.39;18
0.012925;31.66;18
0.012925;31.55;18
0.012925;31.65;18
0.012925;31.37;18
0.012925;31.52;18
0.012925;31.44;18
0.012925;31.52;18
0.012925;31.49;18
0.012925;31.47;18
0.012925;31.47;18
0.012925;31.39;18
0.012925;31.47;18
0.012925;31.58;18
0.012925;31.59;18
0.012925;31.53;18
0.012925;31.63;18
0.012925;31.59;18
0.012925;31.45;18
0.012925;31.55;18
0.012925;31.64;18
0.012925;31.62;18
0.012925;31.62;18
0.012925;31.55;18
0.012925;31.49;18
0.012925;31.55;18
0.012925;31.68;18
0.012925;31.74;18
0.012925;31.75;18
0.012925;31.66;18
0.012925;31.80;18
0.012925;31.68;18
0.012925;31.64;18
0.012925;31.63;18
0.012925;31.73;18
0.012925;31.61;18
0.012925;31.55;18
0.012925;31.69;18
0.012925;31.61;18
0.012925;31.50;18
0.012925;31.61;18
0.012925;31.56;18
0.012925;31.65;18
0.012925;31.66;18
0.012925;31.61;18
0.012925;31.74;18
0.012925;31.69;18
0.012925;31.71;18
0.012925;31.87;18
0.012900;31.72;19
0.012900;31.65;19
0.012900;31.43;19
0.012900;31.56;19
0.012900;31.34;19
0.012900;31.48;19
0.012900;31.58;19
0.012900;31.50;19
0.012900;31.54;19
0.012900;31.50;19
0.012900;31.55;19
0.012900;31.58;19
0.012900;31.52;19
0.012900;31.75;19
0.012900;31.50;19
0.012900;31.41;19
0.012900;31.50;19
0.012900;31.66;19
0.012900;31.79;19
0.012900;31.52;19
0.012900;31.67;19
0.012900;31.58;19
0.012900;31.80;19
0.012900;31.56;19
0.012900;31.74;19
0.012900;31.74;19
0.012900;31.68;19
0.012900;31.87;19
0.012900;31.63;19
0.012900;31.61;19
0.012900;31.61;19
0.012900;31.57;19
0.012900;31.57;19
0.012900;31.59;19
0.012900;31.69;19
0.012900;31.74;19
0.012900;31.56;19
0.012900;31.71;19
0.012900;31.66;19
0.012900;31.58;19
0.012900;31.45;19
0.012900;31.85;19
0.012900;31.53;19
0.012900;31.56;19
0.012900;31.52;19
0.012900;31.56;19
0.012900;31.64;19
0.012900;31.89;19
0.012900;31.60;19
0.012900;31.70;19
0.012930;31.52;19
0.012930;31.44;19
0.012930;31.50;19
0.012930;31.51;19
0.012930;31.53;19
0.012930;31.67;19
0.012930;31.69;19
0.012930;31.50;19
0.012930;31.73;19
0.012930;31.78;19
0.012930;34.14;19
0.012930;34.12;19
0.012930;34.02;19
0.012929;34.00;19
0.012929;33.95;19
0.012929;34.08;19
0.012929;34.14;19
0.012929;34.05;19
0.012929;34.03;19
0.012929;33.95;19
0.012929;34.11;19
0.012929;34.10;19
0.012929;34.08;19
0.012929;34.04;19
0.012929;34.17;19
0.012929;34.07;19
0.012929;34.21;19
0.012929;34.19;19
0.012929;33.99;19
0.012929;34.03;19
0.012929;34.10;19
0.012929;34.14;19
0.012929;34.16;19
0.012929;34.15;19
0.012929;34.20;19
0.012929;34.12;19
0.012929;34.26;19
0.012929;34.24;19
0.012929;33.96;19
0.012929;34.21;19
0.012929;34.14;19
0.012929;34.11;19
0.012929;34.10;19
0.012929;34.09;19
0.012929;34.14;19
0.012929;34.15;19
0.012929;33.99;19
0.012929;34.16;19
0.012929;34.20;19
0.012929;34.15;19
