loss;elapsed_time;iteration
0.227119;33.78;0
0.160833;36.36;0
0.124468;35.00;0
0.103188;34.88;0
0.089116;35.01;0
0.078905;34.22;0
0.070970;35.32;0
0.064522;34.38;0
0.059103;33.73;0
0.054363;33.81;0
0.050023;33.07;0
0.045888;33.27;0
0.041942;33.25;0
0.038604;33.58;0
0.036102;33.19;0
0.033897;33.30;0
0.031608;33.60;0
0.029496;33.85;0
0.027902;32.93;0
0.026771;33.66;0
0.025831;33.64;0
0.024821;33.66;0
0.023438;35.06;0
0.021369;34.14;0
0.019286;33.88;0
0.016283;36.95;0
0.013070;34.01;0
0.010451;34.43;0
0.009465;33.68;0
0.009161;33.74;0
0.008923;33.35;0
0.008688;33.18;0
0.008452;33.67;0
0.008216;31.27;0
0.007980;32.97;0
0.007744;32.23;0
0.007500;32.66;0
0.007144;31.86;0
0.005713;31.56;0
0.005414;31.33;0
0.005263;31.54;0
0.005117;31.53;0
0.004973;31.64;0
0.004827;31.68;0
0.004677;32.68;0
0.004522;32.42;0
0.004361;32.16;0
0.004196;32.02;0
0.004032;32.74;0
0.003881;32.45;0
0.003753;32.81;0
0.003649;32.49;0
0.003559;33.42;0
0.003476;32.61;0
0.003396;33.63;0
0.003318;33.69;0
0.003242;34.04;0
0.003168;32.92;0
0.003097;31.67;0
0.003027;31.68;0
0.002961;31.78;0
0.002896;31.81;0
0.002835;31.79;0
0.002776;31.69;0
0.002719;31.72;0
0.002665;31.21;0
0.002614;31.90;0
0.002565;32.07;0
0.002519;31.46;0
0.002476;31.39;0
0.002434;31.58;0
0.002395;31.38;0
0.002359;32.16;0
0.002325;32.13;0
0.002293;32.38;0
0.002263;32.57;0
0.002235;32.80;0
0.002210;32.08;0
0.002186;32.29;0
0.002164;32.32;0
0.002144;32.50;0
0.002126;32.35;0
0.002110;32.95;0
0.002095;32.39;0
0.002081;32.57;0
0.002069;32.33;0
0.002058;32.75;0
0.002049;33.84;0
0.002040;34.03;0
0.002033;33.13;0
0.002027;32.60;0
0.002022;33.24;0
0.002017;32.36;0
0.002014;32.83;0
0.002012;32.83;0
0.002010;32.65;0
0.002009;32.81;0
0.002009;32.51;0
0.002008;33.42;0
0.002008;32.49;0
0.269597;32.99;1
0.203529;33.27;1
0.154410;31.33;1
0.119412;32.00;1
0.095354;31.69;1
0.078940;32.54;1
0.067534;32.18;1
0.059346;32.26;1
0.053271;32.04;1
0.048635;32.23;1
0.045011;31.50;1
0.042119;31.88;1
0.039864;31.11;1
0.038188;31.95;1
0.036820;31.58;1
0.035426;31.76;1
0.033747;31.83;1
0.031836;31.82;1
0.030151;31.91;1
0.028574;31.84;1
0.026465;31.58;1
0.023731;31.49;1
0.021708;31.49;1
0.020537;31.46;1
0.019086;31.48;1
0.016788;31.53;1
0.014495;31.52;1
0.012406;31.64;1
0.011294;31.48;1
0.010861;31.51;1
0.010298;30.95;1
0.009119;31.66;1
0.008161;31.58;1
0.007924;31.39;1
0.007737;31.67;1
0.007557;31.46;1
0.007380;31.49;1
0.007203;31.68;1
0.007024;31.31;1
0.006840;31.82;1
0.006649;31.53;1
0.006446;31.46;1
0.006230;31.99;1
0.006008;31.53;1
0.005785;32.06;1
0.005568;32.22;1
0.005368;32.22;1
0.005195;33.05;1
0.005048;32.21;1
0.004917;32.71;1
0.003462;31.80;1
0.003242;31.69;1
0.003044;32.01;1
0.002840;32.11;1
0.002646;32.71;1
0.002539;31.66;1
0.002496;31.85;1
0.002466;32.75;1
0.002440;32.12;1
0.002415;31.62;1
0.002392;34.09;1
0.002371;31.99;1
0.002351;31.91;1
0.002333;32.01;1
0.002316;32.32;1
0.002301;32.39;1
0.002287;31.70;1
0.002275;32.17;1
0.002264;32.75;1
0.002254;32.57;1
0.002246;32.46;1
0.002239;32.55;1
0.002233;32.00;1
0.002228;33.18;1
0.002223;33.03;1
0.002220;32.52;1
0.002218;33.23;1
0.002216;32.88;1
0.002214;32.53;1
0.002213;33.02;1
0.002213;32.60;1
0.002212;32.94;1
0.002212;32.60;1
0.002212;31.74;1
0.002212;31.84;1
0.002211;32.47;1
0.002211;31.73;1
0.002211;32.60;1
0.002211;31.92;1
0.002211;32.61;1
0.002211;32.06;1
0.002211;32.30;1
0.002211;32.37;1
0.002211;32.82;1
0.002211;32.61;1
0.002211;32.95;1
0.002211;32.69;1
0.002211;32.93;1
0.002211;32.65;1
0.002211;32.62;1
0.002089;34.04;2
0.002061;35.55;2
0.002049;34.85;2
0.002042;33.16;2
0.002038;34.43;2
0.002034;32.44;2
0.002032;32.63;2
0.002029;32.56;2
0.002027;32.29;2
0.002025;32.31;2
0.002022;32.04;2
0.002020;32.01;2
0.002019;32.03;2
0.002017;31.91;2
0.002015;33.37;2
0.002013;34.97;2
0.002012;34.35;2
0.002011;32.23;2
0.002009;32.73;2
0.002008;31.54;2
0.002008;32.81;2
0.002007;35.69;2
0.002006;35.69;2
0.002006;35.67;2
0.002005;35.33;2
0.002005;35.22;2
0.002004;33.66;2
0.002004;33.07;2
0.002004;32.21;2
0.002004;32.14;2
0.002004;33.39;2
0.002004;35.06;2
0.002003;35.24;2
0.002003;35.99;2
0.002003;35.27;2
0.002003;34.76;2
0.002003;35.23;2
0.002003;35.22;2
0.002003;35.39;2
0.002003;32.66;2
0.002003;31.81;2
0.002003;31.55;2
0.002003;31.53;2
0.002003;35.02;2
0.002003;35.76;2
0.002003;35.34;2
0.002003;35.17;2
0.002003;35.59;2
0.002003;35.05;2
0.002003;35.34;2
0.002005;35.65;2
0.002005;35.37;2
0.002005;34.98;2
0.002005;32.43;2
0.002005;32.93;2
0.002005;32.74;2
0.002005;33.00;2
0.002005;33.62;2
0.002005;35.30;2
0.002005;35.40;2
0.002005;35.08;2
0.002005;35.53;2
0.002005;32.43;2
0.002005;32.49;2
0.002005;31.85;2
0.002005;31.35;2
0.002005;31.35;2
0.002005;31.31;2
0.002005;31.41;2
0.002005;31.86;2
0.002005;32.22;2
0.002005;32.93;2
0.002005;31.77;2
0.002005;33.40;2
0.002005;33.66;2
0.002005;32.02;2
0.002005;32.19;2
0.002005;32.14;2
0.002005;32.56;2
0.002005;32.65;2
0.002005;31.91;2
0.002005;31.32;2
0.002005;31.30;2
0.002005;31.29;2
0.002005;31.36;2
0.002005;31.47;2
0.002005;31.37;2
0.002005;31.38;2
0.002005;30.79;2
0.002005;31.22;2
0.002005;31.27;2
0.002005;31.56;2
0.002005;31.27;2
0.002005;31.30;2
0.002005;31.33;2
0.002005;31.16;2
0.002005;31.23;2
0.002005;31.34;2
0.002005;31.53;2
0.002005;31.82;2
0.002000;32.55;3
0.002000;31.81;3
0.002000;31.91;3
0.002000;32.28;3
0.002000;32.19;3
0.002000;32.13;3
0.002000;32.09;3
0.002000;32.31;3
0.002000;31.22;3
0.002000;31.98;3
0.002000;32.01;3
0.002000;31.76;3
0.002000;31.65;3
0.002000;31.62;3
0.002000;31.55;3
0.002000;31.37;3
0.002000;31.69;3
0.002000;31.53;3
0.002000;31.48;3
0.002000;31.45;3
0.002000;31.73;3
0.002000;31.55;3
0.002000;31.54;3
0.002000;31.81;3
0.002000;31.98;3
0.002000;33.14;3
0.002000;35.13;3
0.002000;32.91;3
0.002000;34.06;3
0.002000;33.20;3
0.002000;32.52;3
0.002000;33.15;3
0.002000;33.44;3
0.002000;32.38;3
0.002000;34.17;3
0.002000;33.53;3
0.002000;31.60;3
0.002000;31.48;3
0.002000;31.81;3
0.002000;32.73;3
0.002000;32.51;3
0.002000;32.71;3
0.002000;32.31;3
0.002000;31.98;3
0.002000;32.20;3
0.002000;32.12;3
0.002000;32.00;3
0.002000;32.46;3
0.002000;32.17;3
0.002000;31.88;3
0.001997;32.40;3
0.001997;35.29;3
0.001997;35.11;3
0.001997;33.77;3
0.001997;31.64;3
0.001997;31.59;3
0.001997;32.50;3
0.001997;35.69;3
0.001997;34.24;3
0.001997;32.04;3
0.001997;33.01;3
0.001997;32.13;3
0.001997;32.54;3
0.001997;31.79;3
0.001997;31.18;3
0.001997;31.83;3
0.001997;31.92;3
0.001997;32.25;3
0.001997;31.85;3
0.001997;31.72;3
0.001997;31.44;3
0.001997;31.53;3
0.001997;31.57;3
0.001997;31.54;3
0.001997;31.60;3
0.001997;31.69;3
0.001997;34.36;3
0.001997;34.83;3
0.001997;31.37;3
0.001997;31.24;3
0.001997;31.36;3
0.001997;31.31;3
0.001997;31.44;3
0.001997;31.26;3
0.001997;31.26;3
0.001997;31.13;3
0.001997;33.16;3
0.001997;34.23;3
0.001997;31.72;3
0.001997;31.31;3
0.001997;33.83;3
0.001997;35.31;3
0.001997;35.30;3
0.001997;35.86;3
0.001997;35.37;3
0.001997;35.63;3
0.001997;35.27;3
0.001997;35.40;3
0.001997;35.69;3
0.001997;35.48;3
0.002006;35.19;4
0.002006;35.47;4
0.002006;35.53;4
0.002006;36.27;4
0.002006;35.70;4
0.002006;35.65;4
0.002006;35.59;4
0.002006;35.80;4
0.002006;35.72;4
0.002006;35.30;4
0.002006;35.39;4
0.002006;35.63;4
0.002006;35.46;4
0.002006;35.69;4
0.002006;35.52;4
0.002006;36.11;4
0.002006;31.26;4
0.002006;31.29;4
0.002006;31.28;4
0.002006;31.32;4
0.002006;31.30;4
0.002006;31.41;4
0.002006;31.26;4
0.002006;33.85;4
0.002006;32.05;4
0.002006;31.31;4
0.002006;31.18;4
0.002006;31.20;4
0.002006;30.87;4
0.002006;30.41;4
0.002006;31.06;4
0.002006;31.09;4
0.002006;31.16;4
0.002006;31.02;4
0.002006;31.97;4
0.002006;30.62;4
0.002006;31.00;4
0.002006;31.01;4
0.002006;30.95;4
0.002006;31.27;4
0.002006;31.18;4
0.002006;31.31;4
0.002006;31.10;4
0.002006;31.24;4
0.002006;31.27;4
0.002006;33.87;4
0.002006;35.31;4
0.002006;35.72;4
0.002006;32.88;4
0.002006;35.76;4
0.001999;35.67;4
0.001999;35.81;4
0.001999;35.58;4
0.001999;35.93;4
0.001999;35.69;4
0.001999;32.19;4
0.001999;31.58;4
0.001999;31.64;4
0.001999;31.46;4
0.001999;31.62;4
0.001999;31.37;4
0.001999;31.60;4
0.001999;31.42;4
0.001999;31.41;4
0.001999;31.59;4
0.001999;31.48;4
0.001999;31.26;4
0.001999;31.32;4
0.001999;30.75;4
0.001999;31.71;4
0.001999;32.15;4
0.001999;31.41;4
0.001999;31.85;4
0.001999;31.48;4
0.001999;31.82;4
0.001999;31.26;4
0.001999;31.81;4
0.001999;30.59;4
0.001999;31.84;4
0.001999;31.29;4
0.001999;31.65;4
0.001999;30.89;4
0.001999;31.24;4
0.001999;31.23;4
0.001999;31.40;4
0.001999;31.23;4
0.001999;31.38;4
0.001999;31.39;4
0.001999;31.29;4
0.001999;31.19;4
0.001999;31.15;4
0.001999;31.22;4
0.001999;31.51;4
0.001999;31.47;4
0.001999;31.26;4
0.001999;31.44;4
0.001999;31.53;4
0.001999;31.43;4
0.001999;31.68;4
0.001999;31.36;4
0.002002;31.44;5
0.002002;31.59;5
0.002002;31.59;5
0.002002;31.75;5
0.002002;31.55;5
0.002002;31.68;5
0.002002;31.55;5
0.002002;31.04;5
0.002002;31.63;5
0.002002;31.59;5
0.002002;31.87;5
0.002002;32.30;5
0.002002;32.15;5
0.002002;31.79;5
0.002002;31.74;5
0.002002;31.35;5
0.002002;31.56;5
0.002002;31.65;5
0.002002;31.46;5
0.002002;31.32;5
0.002002;31.55;5
0.002002;31.53;5
0.002002;31.56;5
0.002002;31.57;5
0.002002;32.14;5
0.002002;31.49;5
0.002002;32.04;5
0.002002;31.95;5
0.002002;31.80;5
0.002002;31.98;5
0.002002;31.66;5
0.002002;31.97;5
0.002002;31.44;5
0.002002;31.23;5
0.002002;31.35;5
0.002002;30.71;5
0.002002;31.55;5
0.002002;31.71;5
0.002002;31.83;5
0.002002;31.85;5
0.002002;31.87;5
0.002002;31.78;5
0.002002;31.97;5
0.002002;31.96;5
0.002002;31.45;5
0.002002;31.50;5
0.002002;31.50;5
0.002002;31.59;5
0.002002;31.49;5
0.002002;31.45;5
0.001994;31.47;5
0.001994;31.48;5
0.001994;31.46;5
0.001994;31.35;5
0.001994;31.37;5
0.001994;31.49;5
0.001994;31.46;5
0.001994;31.48;5
0.001994;31.39;5
0.001994;31.22;5
0.001994;31.46;5
0.001994;31.19;5
0.001994;31.37;5
0.001994;30.63;5
0.001994;31.31;5
0.001994;31.32;5
0.001994;31.28;5
0.001994;31.34;5
0.001994;31.56;5
0.001994;31.40;5
0.001994;31.42;5
0.001994;31.66;5
0.001994;31.43;5
0.001994;31.38;5
0.001994;31.54;5
0.001994;31.51;5
0.001994;31.44;5
0.001994;31.53;5
0.001994;31.40;5
0.001994;31.43;5
0.001994;31.30;5
0.001994;31.30;5
0.001994;31.22;5
0.001994;31.28;5
0.001994;31.76;5
0.001994;31.24;5
0.001994;31.91;5
0.001994;31.51;5
0.001994;31.52;5
0.001994;31.37;5
0.001994;31.78;5
0.001994;31.44;5
0.001994;31.95;5
0.001994;31.44;5
0.001994;32.02;5
0.001994;31.49;5
0.001994;31.76;5
0.001994;31.45;5
0.001994;31.44;5
0.001994;31.13;5
0.001998;31.17;6
0.001998;31.16;6
0.001998;31.57;6
0.001998;31.78;6
0.001998;31.26;6
0.001998;31.79;6
0.001998;31.49;6
0.001998;31.44;6
0.001998;31.28;6
0.001998;31.38;6
0.001998;31.23;6
0.001998;31.37;6
0.001998;31.41;6
0.001998;31.37;6
0.001998;31.32;6
0.001998;31.40;6
0.001998;31.24;6
0.001998;31.44;6
0.001998;31.18;6
0.001998;31.19;6
0.001998;30.95;6
0.001998;32.42;6
0.001998;31.38;6
0.001998;31.23;6
0.001998;31.75;6
0.001998;31.36;6
0.001998;31.33;6
0.001998;31.47;6
0.001998;31.65;6
0.001998;31.91;6
0.001998;32.62;6
0.001998;32.72;6
0.001998;32.43;6
0.001998;31.63;6
0.001998;31.86;6
0.001998;31.59;6
0.001998;31.62;6
0.001998;31.71;6
0.001998;31.49;6
0.001997;31.76;6
0.001997;31.34;6
0.001997;31.29;6
0.001997;31.37;6
0.001997;31.28;6
0.001997;31.16;6
0.001997;31.33;6
0.001997;31.38;6
0.001997;31.33;6
0.001997;31.31;6
0.001997;31.24;6
0.001992;31.31;6
0.001992;31.37;6
0.001992;31.28;6
0.001992;31.36;6
0.001992;31.32;6
0.001992;31.91;6
0.001992;31.73;6
0.001992;31.63;6
0.001992;31.30;6
0.001992;31.18;6
0.001992;31.25;6
0.001992;31.40;6
0.001992;31.21;6
0.001992;31.47;6
0.001992;31.68;6
0.001992;31.18;6
0.001992;31.53;6
0.001992;31.50;6
0.001992;31.60;6
0.001992;31.29;6
0.001992;31.51;6
0.001992;31.44;6
0.001992;31.50;6
0.001992;31.49;6
0.001992;31.51;6
0.001992;31.29;6
0.001992;31.32;6
0.001992;31.21;6
0.001992;31.28;6
0.001992;31.20;6
0.001992;31.50;6
0.001992;31.31;6
0.001992;31.31;6
0.001992;31.70;6
0.001992;35.04;6
0.001992;35.09;6
0.001992;34.88;6
0.001992;33.01;6
0.001992;31.38;6
0.001992;31.35;6
0.001992;31.16;6
0.001992;31.89;6
0.001992;32.31;6
0.001992;32.32;6
0.001992;32.17;6
0.001992;32.26;6
0.001992;32.21;6
0.001992;32.36;6
0.001992;32.69;6
0.001992;32.55;6
0.001993;32.42;7
0.001993;32.68;7
0.001993;32.31;7
0.001993;32.82;7
0.001993;32.34;7
0.001993;32.73;7
0.001993;32.57;7
0.001993;32.71;7
0.001993;32.38;7
0.001993;32.43;7
0.001993;32.40;7
0.001993;32.36;7
0.001993;32.10;7
0.001993;32.93;7
0.001993;32.14;7
0.001993;32.41;7
0.001993;31.43;7
0.001993;31.28;7
0.001993;31.33;7
0.001993;31.50;7
0.001993;32.07;7
0.001993;32.12;7
0.001993;31.84;7
0.001993;31.41;7
0.001993;31.90;7
0.001993;31.30;7
0.001993;32.35;7
0.001993;32.26;7
0.001993;32.77;7
0.001993;32.37;7
0.001993;32.43;7
0.001993;32.27;7
0.001993;32.23;7
0.001993;32.15;7
0.001993;32.30;7
0.001993;32.27;7
0.001993;32.36;7
0.001993;32.17;7
0.001993;31.32;7
0.001993;31.05;7
0.001993;31.09;7
0.001993;31.00;7
0.001993;31.12;7
0.001993;31.18;7
0.001993;31.18;7
0.001993;31.12;7
0.001993;31.03;7
0.001993;31.27;7
0.001993;31.14;7
0.001993;31.09;7
0.001999;32.49;7
0.001999;32.46;7
0.001999;32.55;7
0.001999;33.30;7
0.001999;35.53;7
0.001999;33.25;7
0.001999;31.31;7
0.001999;31.93;7
0.001999;31.70;7
0.001999;32.14;7
0.001999;31.61;7
0.001999;32.11;7
0.001999;31.31;7
0.001999;32.21;7
0.001999;31.44;7
0.001999;32.17;7
0.001999;31.38;7
0.001999;31.54;7
0.001999;31.48;7
0.001999;31.58;7
0.001999;31.33;7
0.001999;31.37;7
0.001999;31.41;7
0.001999;31.39;7
0.001999;31.26;7
0.001999;31.49;7
0.001999;31.43;7
0.001999;31.50;7
0.001999;31.57;7
0.001999;31.50;7
0.001999;31.45;7
0.001999;31.58;7
0.001999;31.34;7
0.001999;31.14;7
0.001999;31.38;7
0.001999;31.35;7
0.001999;31.41;7
0.001999;31.45;7
0.001999;31.54;7
0.001999;31.32;7
0.001999;31.52;7
0.001999;31.28;7
0.001999;31.18;7
0.001999;31.23;7
0.001999;31.21;7
0.001999;31.34;7
0.001999;31.29;7
0.001999;31.45;7
0.001999;31.82;7
0.001999;31.74;7
0.001997;31.97;8
0.001997;35.13;8
0.001997;34.36;8
0.001997;33.28;8
0.001997;35.32;8
0.001997;35.80;8
0.001997;31.42;8
0.001997;31.25;8
0.001997;31.44;8
0.001997;31.33;8
0.001997;31.73;8
0.001997;31.51;8
0.001997;31.91;8
0.001997;31.72;8
0.001997;31.61;8
0.001997;31.88;8
0.001997;32.09;8
0.001997;32.11;8
0.001997;31.60;8
0.001997;31.62;8
0.001997;31.13;8
0.001997;31.25;8
0.001997;31.71;8
0.001997;31.67;8
0.001997;31.95;8
0.001997;31.41;8
0.001997;32.03;8
0.001997;31.51;8
0.001997;31.93;8
0.001997;31.69;8
0.001997;31.60;8
0.001997;31.32;8
0.001997;31.31;8
0.001997;31.50;8
0.001997;31.15;8
0.001997;31.15;8
0.001997;31.13;8
0.001997;31.27;8
0.001997;31.18;8
0.001997;31.18;8
0.001997;31.03;8
0.001997;31.21;8
0.001997;31.17;8
0.001997;31.16;8
0.001997;31.36;8
0.001997;31.25;8
0.001997;32.06;8
0.001997;32.62;8
0.001997;32.04;8
0.001997;31.13;8
0.001991;32.06;8
0.001991;31.58;8
0.001991;32.14;8
0.001991;31.40;8
0.001991;32.21;8
0.001991;31.42;8
0.001991;32.50;8
0.001991;31.73;8
0.001991;32.49;8
0.001991;32.01;8
0.001991;32.50;8
0.001991;32.50;8
0.001991;31.41;8
0.001991;31.19;8
0.001991;31.24;8
0.001991;31.37;8
0.001991;31.29;8
0.001991;31.26;8
0.001991;31.28;8
0.001991;31.21;8
0.001991;31.20;8
0.001991;31.21;8
0.001991;31.21;8
0.001991;31.29;8
0.001991;31.36;8
0.001991;31.25;8
0.001991;31.30;8
0.001991;31.21;8
0.001991;31.35;8
0.001991;31.22;8
0.001991;31.24;8
0.001991;31.29;8
0.001991;31.30;8
0.001991;31.42;8
0.001991;31.40;8
0.001991;31.87;8
0.001991;32.34;8
0.001991;31.13;8
0.001991;30.92;8
0.001991;31.27;8
0.001991;31.32;8
0.001991;31.30;8
0.001991;31.42;8
0.001991;31.32;8
0.001991;31.37;8
0.001991;31.42;8
0.001991;31.16;8
0.001991;31.48;8
0.001991;31.98;8
0.001991;31.19;8
0.002003;31.23;9
0.002003;31.34;9
0.002003;31.37;9
0.002003;31.48;9
0.002003;31.61;9
0.002003;31.43;9
0.002003;31.25;9
0.002003;31.34;9
0.002003;31.53;9
0.002003;31.27;9
0.002003;31.32;9
0.002003;31.49;9
0.002003;31.43;9
0.002003;31.67;9
0.002003;31.27;9
0.002003;31.55;9
0.002003;31.94;9
0.002003;31.20;9
0.002003;32.00;9
0.002003;31.34;9
0.002003;31.91;9
0.002003;31.06;9
0.002003;31.84;9
0.002003;34.16;9
0.002003;36.13;9
0.002003;35.58;9
0.002003;35.70;9
0.002003;34.11;9
0.002003;31.96;9
0.002003;31.94;9
0.002003;31.38;9
0.002003;31.34;9
0.002003;31.22;9
0.002003;32.97;9
0.002003;35.62;9
0.002003;35.12;9
0.002003;35.13;9
0.002003;35.31;9
0.002003;34.66;9
0.002003;32.94;9
0.002003;31.37;9
0.002003;31.98;9
0.002003;31.41;9
0.002003;32.01;9
0.002003;31.50;9
0.002003;32.57;9
0.002003;31.49;9
0.002003;31.89;9
0.002003;31.46;9
0.002003;31.66;9
0.001999;31.75;9
0.001999;32.06;9
0.001999;32.03;9
0.001999;31.94;9
0.001999;31.96;9
0.001999;31.88;9
0.001999;31.83;9
0.001999;31.91;9
0.001999;33.75;9
0.001999;35.68;9
0.001999;35.75;9
0.001999;35.36;9
0.001999;32.27;9
0.001999;32.48;9
0.001999;31.71;9
0.001999;32.49;9
0.001999;32.20;9
0.001999;32.45;9
0.001999;35.16;9
0.001999;35.57;9
0.001999;35.40;9
0.001999;35.50;9
0.001999;35.60;9
0.001999;35.39;9
0.001999;35.34;9
0.001999;35.50;9
0.001999;35.49;9
0.001999;32.08;9
0.001999;31.61;9
0.001999;31.40;9
0.001999;31.44;9
0.001999;31.33;9
0.001999;31.76;9
0.001999;31.83;9
0.001999;31.69;9
0.001999;31.62;9
0.001999;31.85;9
0.001999;33.26;9
0.001999;35.73;9
0.001999;35.21;9
0.001999;35.85;9
0.001999;35.54;9
0.001999;35.96;9
0.001999;35.67;9
0.001999;35.61;9
0.001999;33.62;9
0.001999;31.66;9
0.001999;34.12;9
0.001999;35.95;9
0.001999;35.55;9
0.002002;32.74;10
0.002002;32.11;10
0.002002;31.28;10
0.002002;31.93;10
0.002002;31.28;10
0.002002;32.39;10
0.002002;33.63;10
0.002002;33.46;10
0.002002;32.22;10
0.002002;31.66;10
0.002002;31.35;10
0.002002;31.53;10
0.002002;31.53;10
0.002002;32.23;10
0.002002;31.56;10
0.002002;31.89;10
0.002002;31.50;10
0.002002;31.89;10
0.002002;31.58;10
0.002002;31.81;10
0.002002;31.74;10
0.002002;31.68;10
0.002002;31.35;10
0.002002;33.18;10
0.002002;35.29;10
0.002002;34.56;10
0.002002;35.18;10
0.002002;35.42;10
0.002002;34.14;10
0.002002;31.91;10
0.002002;34.57;10
0.002002;35.42;10
0.002002;35.39;10
0.002002;35.40;10
0.002002;35.57;10
0.002002;35.40;10
0.002002;35.54;10
0.002002;33.84;10
0.002002;31.93;10
0.002002;35.90;10
0.002002;35.33;10
0.002002;35.42;10
0.002002;35.48;10
0.002002;34.78;10
0.002002;32.33;10
0.002002;32.29;10
0.002002;31.82;10
0.002002;31.53;10
0.002002;32.63;10
0.002002;33.01;10
0.001996;32.82;10
0.001996;32.49;10
0.001996;32.69;10
0.001996;32.67;10
0.001996;33.24;10
0.001996;32.56;10
0.001996;33.13;10
0.001996;32.93;10
0.001996;32.84;10
0.001996;32.79;10
0.001996;32.32;10
0.001996;32.62;10
0.001996;31.27;10
0.001996;31.28;10
0.001996;31.33;10
0.001996;31.38;10
0.001996;31.41;10
0.001996;31.61;10
0.001996;31.61;10
0.001996;31.37;10
0.001996;31.31;10
0.001996;31.52;10
0.001996;32.07;10
0.001996;31.40;10
0.001996;31.46;10
0.001996;31.30;10
0.001996;31.39;10
0.001996;31.23;10
0.001996;31.21;10
0.001996;31.48;10
0.001996;31.66;10
0.001996;32.31;10
0.001996;32.23;10
0.001996;31.95;10
0.001996;31.39;10
0.001996;31.57;10
0.001996;31.67;10
0.001996;31.57;10
0.001996;31.69;10
0.001996;32.28;10
0.001996;31.84;10
0.001996;31.76;10
0.001996;31.64;10
0.001996;31.66;10
0.001996;31.60;10
0.001996;31.68;10
0.001996;31.77;10
0.001996;31.66;10
0.001996;31.77;10
0.001996;31.73;10
0.002002;31.40;11
0.002002;31.44;11
0.002002;31.47;11
0.002002;31.47;11
0.002002;31.32;11
0.002002;31.48;11
0.002002;31.42;11
0.002002;31.59;11
0.002002;31.37;11
0.002002;31.83;11
0.002002;31.71;11
0.002002;32.21;11
0.002002;31.48;11
0.002002;32.29;11
0.002002;31.50;11
0.002002;32.11;11
0.002002;31.49;11
0.002002;32.19;11
0.002002;31.29;11
0.002002;32.15;11
0.002002;31.67;11
0.002002;32.36;11
0.002002;31.68;11
0.002002;31.93;11
0.002002;31.97;11
0.002002;31.81;11
0.002002;31.81;11
0.002002;31.92;11
0.002002;31.86;11
0.002002;32.70;11
0.002002;32.12;11
0.002002;31.78;11
0.002002;31.79;11
0.002002;32.66;11
0.002002;31.76;11
0.002002;32.28;11
0.002002;32.40;11
0.002002;34.66;11
0.002002;35.75;11
0.002002;33.25;11
0.002002;32.58;11
0.002002;31.95;11
0.002002;32.41;11
0.002002;31.80;11
0.002002;32.76;11
0.002002;32.35;11
0.002002;32.53;11
0.002002;32.18;11
0.002002;32.60;11
0.002002;31.71;11
0.002004;32.16;11
0.002004;31.96;11
0.002004;32.28;11
0.002004;32.36;11
0.002004;32.73;11
0.002004;32.89;11
0.002004;32.50;11
0.002004;32.49;11
0.002004;32.10;11
0.002004;32.21;11
0.002004;33.43;11
0.002004;33.38;11
0.002004;32.86;11
0.002004;33.02;11
0.002004;32.99;11
0.002004;33.39;11
0.002004;32.14;11
0.002004;32.46;11
0.002004;32.08;11
0.002004;32.25;11
0.002004;31.81;11
0.002004;32.25;11
0.002004;31.55;11
0.002004;32.29;11
0.002004;31.62;11
0.002004;32.56;11
0.002004;31.60;11
0.002004;31.62;11
0.002004;31.64;11
0.002004;31.66;11
0.002004;31.72;11
0.002004;31.66;11
0.002004;31.47;11
0.002004;31.37;11
0.002004;31.47;11
0.002004;31.60;11
0.002004;31.44;11
0.002004;31.51;11
0.002004;31.51;11
0.002004;31.55;11
0.002004;31.55;11
0.002004;31.51;11
0.002004;31.30;11
0.002004;31.87;11
0.002004;32.32;11
0.002004;32.27;11
0.002004;32.00;11
0.002004;32.26;11
0.002004;32.26;11
0.002004;32.34;11
0.002006;31.46;12
0.002006;31.36;12
0.002006;31.19;12
0.002006;31.23;12
0.002006;31.19;12
0.002006;31.18;12
0.002006;31.32;12
0.002006;31.28;12
0.002006;31.37;12
0.002006;31.26;12
0.002006;31.25;12
0.002006;31.45;12
0.002006;31.39;12
0.002006;31.55;12
0.002006;31.57;12
0.002006;31.66;12
0.002006;31.55;12
0.002006;31.50;12
0.002006;31.53;12
0.002006;31.56;12
0.002006;31.30;12
0.002006;32.06;12
0.002006;31.53;12
0.002006;33.32;12
0.002006;32.21;12
0.002006;33.22;12
0.002006;31.77;12
0.002006;32.12;12
0.002006;31.38;12
0.002006;32.14;12
0.002006;31.23;12
0.002006;31.60;12
0.002006;31.43;12
0.002006;31.46;12
0.002006;31.32;12
0.002006;31.52;12
0.002006;31.58;12
0.002006;31.38;12
0.002006;31.21;12
0.002006;31.25;12
0.002006;31.29;12
0.002006;31.27;12
0.002006;31.21;12
0.002006;31.19;12
0.002006;31.40;12
0.002006;31.46;12
0.002006;31.33;12
0.002006;31.26;12
0.002006;31.34;12
0.002006;31.33;12
0.002000;31.58;12
0.002000;31.26;12
0.002000;31.41;12
0.002000;31.33;12
0.002000;32.20;12
0.002000;31.73;12
0.002000;31.75;12
0.002000;31.75;12
0.002000;31.59;12
0.002000;32.19;12
0.002000;31.44;12
0.002000;32.41;12
0.002000;31.24;12
0.002000;31.80;12
0.002000;31.30;12
0.002000;31.27;12
0.002000;31.09;12
0.002000;31.22;12
0.002000;31.33;12
0.002000;31.22;12
0.002000;31.24;12
0.002000;31.17;12
0.002000;31.46;12
0.002000;31.48;12
0.002000;31.29;12
0.002000;31.44;12
0.002000;31.13;12
0.002000;31.45;12
0.002000;31.05;12
0.002000;31.29;12
0.002000;31.18;12
0.002000;31.11;12
0.002000;31.14;12
0.002000;31.42;12
0.002000;31.26;12
0.002000;31.02;12
0.002000;31.14;12
0.002000;31.06;12
0.002000;31.08;12
0.002000;31.02;12
0.002000;31.09;12
0.002000;30.92;12
0.002000;31.23;12
0.002000;31.00;12
0.002000;31.09;12
0.002000;31.36;12
0.002000;31.10;12
0.002000;31.10;12
0.002000;31.12;12
0.002000;31.18;12
0.001997;31.70;13
0.001997;31.58;13
0.001997;31.29;13
0.001997;31.47;13
0.001997;31.56;13
0.001997;31.39;13
0.001997;31.42;13
0.001997;31.81;13
0.001997;32.03;13
0.001997;31.77;13
0.001997;32.22;13
0.001997;31.42;13
0.001997;31.30;13
0.001997;31.55;13
0.001997;31.44;13
0.001997;31.35;13
0.001997;31.30;13
0.001997;31.48;13
0.001997;35.12;13
0.001997;35.22;13
0.001997;35.29;13
0.001997;35.29;13
0.001997;35.67;13
0.001997;35.37;13
0.001997;33.18;13
0.001997;31.82;13
0.001997;33.78;13
0.001997;35.56;13
0.001997;35.67;13
0.001997;35.64;13
0.001997;35.43;13
0.001997;34.21;13
0.001997;31.92;13
0.001997;31.89;13
0.001997;31.89;13
0.001997;31.65;13
0.001997;32.36;13
0.001997;31.78;13
0.001997;32.66;13
0.001997;32.49;13
0.001997;32.66;13
0.001997;31.67;13
0.001997;32.44;13
0.001997;32.00;13
0.001997;34.70;13
0.001997;31.68;13
0.001997;31.60;13
0.001997;33.38;13
0.001997;32.96;13
0.001997;32.95;13
0.001998;33.25;13
0.001998;33.64;13
0.001998;33.34;13
0.001998;32.64;13
0.001998;32.68;13
0.001998;32.91;13
0.001998;32.86;13
0.001998;32.91;13
0.001998;32.89;13
0.001998;33.31;13
0.001998;33.39;13
0.001998;33.19;13
0.001998;34.53;13
0.001998;32.11;13
0.001998;32.06;13
0.001998;32.26;13
0.001998;32.15;13
0.001998;33.23;13
0.001998;32.89;13
0.001998;33.11;13
0.001998;32.28;13
0.001998;32.57;13
0.001998;32.62;13
0.001998;32.35;13
0.001998;32.71;13
0.001998;32.12;13
0.001998;31.80;13
0.001998;31.90;13
0.001998;31.81;13
0.001998;31.87;13
0.001998;31.73;13
0.001998;31.71;13
0.001998;31.64;13
0.001998;31.68;13
0.001998;31.95;13
0.001998;32.29;13
0.001998;32.29;13
0.001998;32.12;13
0.001998;32.38;13
0.001998;32.33;13
0.001998;32.33;13
0.001998;32.11;13
0.001998;32.26;13
0.001998;32.10;13
0.001998;32.30;13
0.001998;32.17;13
0.001998;32.29;13
0.001998;32.32;13
0.001998;32.67;13
0.001998;32.99;13
0.001999;32.25;14
0.001999;32.68;14
0.001999;32.17;14
0.001999;32.12;14
0.001999;32.11;14
0.001999;32.24;14
0.001999;32.25;14
0.001999;32.02;14
0.001999;31.82;14
0.001999;32.30;14
0.001999;32.13;14
0.001999;32.29;14
0.001999;32.78;14
0.001999;32.66;14
0.001999;32.84;14
0.001999;32.94;14
0.001999;32.63;14
0.001999;32.85;14
0.001999;32.67;14
0.001999;32.14;14
0.001999;31.70;14
0.001999;31.61;14
0.001999;31.40;14
0.001999;31.56;14
0.001999;31.44;14
0.001999;31.38;14
0.001999;31.53;14
0.001999;31.55;14
0.001999;31.50;14
0.001999;31.52;14
0.001999;31.64;14
0.001999;31.56;14
0.001999;31.43;14
0.001999;31.41;14
0.001999;31.48;14
0.001999;31.42;14
0.001999;31.29;14
0.001999;31.30;14
0.001999;31.36;14
0.001999;31.55;14
0.001999;31.40;14
0.001999;31.38;14
0.001999;31.44;14
0.001999;31.40;14
0.001999;32.13;14
0.001999;31.34;14
0.001999;32.26;14
0.001999;31.42;14
0.001999;31.97;14
0.001999;31.65;14
0.001999;32.42;14
0.001999;32.18;14
0.001999;31.18;14
0.001999;31.22;14
0.001999;31.52;14
0.001999;31.40;14
0.001999;31.30;14
0.001999;31.24;14
0.001999;31.35;14
0.001999;31.27;14
0.001999;31.21;14
0.001999;31.46;14
0.001999;31.15;14
0.001999;31.21;14
0.001999;31.14;14
0.001999;31.25;14
0.001999;31.17;14
0.001999;31.22;14
0.001999;31.18;14
0.001999;31.17;14
0.001999;31.30;14
0.001999;31.07;14
0.001999;31.20;14
0.001999;31.32;14
0.001999;31.24;14
0.001999;32.93;14
0.001999;32.11;14
0.001999;32.19;14
0.001999;32.46;14
0.001999;32.71;14
0.001999;32.60;14
0.001999;32.71;14
0.001999;32.29;14
0.001999;32.67;14
0.001999;32.16;14
0.001999;32.55;14
0.001999;32.09;14
0.001999;32.55;14
0.001999;32.01;14
0.001999;32.03;14
0.001999;32.20;14
0.001999;32.16;14
0.001999;32.26;14
0.001999;32.40;14
0.001999;32.23;14
0.001999;32.26;14
0.001999;32.39;14
0.001999;32.25;14
0.001999;34.92;14
0.001999;35.03;14
0.002000;33.89;15
0.002000;31.26;15
0.002000;32.14;15
0.002000;32.54;15
0.002000;32.85;15
0.002000;32.46;15
0.002000;32.52;15
0.002000;33.58;15
0.002000;32.18;15
0.002000;34.31;15
0.002000;32.47;15
0.002000;32.16;15
0.002000;33.47;15
0.002000;33.18;15
0.002000;33.19;15
0.002000;32.83;15
0.002000;32.53;15
0.002000;32.44;15
0.002000;32.27;15
0.002000;32.33;15
0.002000;32.42;15
0.002000;32.42;15
0.002000;32.95;15
0.002000;32.58;15
0.002000;32.03;15
0.002000;32.32;15
0.002000;35.36;15
0.002000;35.74;15
0.002000;35.34;15
0.002000;35.42;15
0.002000;35.59;15
0.002000;35.77;15
0.002000;35.88;15
0.002000;35.71;15
0.002000;35.99;15
0.002000;36.27;15
0.002000;34.08;15
0.002000;34.70;15
0.002000;31.70;15
0.002000;31.77;15
0.002000;31.81;15
0.002000;31.74;15
0.002000;32.26;15
0.002000;31.62;15
0.002000;32.30;15
0.002000;33.79;15
0.002000;34.67;15
0.002000;33.10;15
0.002000;33.62;15
0.002000;33.34;15
0.001999;32.69;15
0.001999;32.76;15
0.001999;33.14;15
0.001999;33.30;15
0.001999;32.11;15
0.001999;32.30;15
0.001999;32.58;15
0.001999;32.47;15
0.001999;32.11;15
0.001999;32.56;15
0.001999;31.97;15
0.001999;32.24;15
0.001999;32.12;15
0.001999;31.63;15
0.001999;31.86;15
0.001999;32.14;15
0.001999;31.69;15
0.001999;32.10;15
0.001999;32.10;15
0.001999;31.93;15
0.001999;32.68;15
0.001999;32.97;15
0.001999;32.74;15
0.001999;32.88;15
0.001999;33.37;15
0.001999;32.56;15
0.001999;33.40;15
0.001999;32.41;15
0.001999;33.19;15
0.001999;31.81;15
0.001999;32.73;15
0.001999;32.29;15
0.001999;32.16;15
0.001999;32.07;15
0.001999;33.42;15
0.001999;35.50;15
0.001999;33.98;15
0.001999;33.21;15
0.001999;32.79;15
0.001999;31.93;15
0.001999;34.36;15
0.001999;33.78;15
0.001999;34.29;15
0.001999;33.29;15
0.001999;33.30;15
0.001999;32.45;15
0.001999;32.64;15
0.001999;32.09;15
0.001999;32.37;15
0.001999;32.33;15
0.001994;32.35;16
0.001994;32.58;16
0.001994;32.64;16
0.001994;32.44;16
0.001994;34.02;16
0.001994;34.14;16
0.001994;34.00;16
0.001994;33.92;16
0.001994;33.99;16
0.001994;33.90;16
0.001994;33.95;16
0.001994;32.66;16
0.001994;32.59;16
0.001994;32.60;16
0.001994;32.50;16
0.001994;32.58;16
0.001994;32.59;16
0.001994;32.51;16
0.001994;32.49;16
0.001994;32.65;16
0.001994;32.82;16
0.001994;32.61;16
0.001994;33.47;16
0.001994;33.03;16
0.001994;32.97;16
0.001994;32.31;16
0.001994;32.75;16
0.001994;32.25;16
0.001994;32.80;16
0.001994;33.82;16
0.001994;35.57;16
0.001994;32.01;16
0.001994;31.77;16
0.001994;31.57;16
0.001994;31.70;16
0.001994;31.64;16
0.001994;31.53;16
0.001994;31.64;16
0.001994;32.71;16
0.001994;32.74;16
0.001994;32.41;16
0.001994;31.85;16
0.001994;32.39;16
0.001994;32.47;16
0.001994;32.37;16
0.001994;32.37;16
0.001994;32.51;16
0.001994;32.58;16
0.001994;32.22;16
0.001994;32.30;16
0.002001;32.30;16
0.002001;32.16;16
0.002001;32.18;16
0.002001;32.33;16
0.002001;32.16;16
0.002001;32.18;16
0.002001;32.31;16
0.002001;32.31;16
0.002001;32.24;16
0.002001;32.25;16
0.002001;32.18;16
0.002001;32.26;16
0.002001;32.23;16
0.002001;32.36;16
0.002001;32.29;16
0.002001;31.92;16
0.002001;31.83;16
0.002001;32.91;16
0.002001;32.91;16
0.002001;32.83;16
0.002001;32.79;16
0.002001;32.68;16
0.002001;32.60;16
0.002001;32.59;16
0.002001;32.94;16
0.002001;32.62;16
0.002001;32.56;16
0.002001;32.62;16
0.002001;32.62;16
0.002001;32.86;16
0.002001;32.78;16
0.002001;32.56;16
0.002001;32.66;16
0.002001;32.64;16
0.002001;32.66;16
0.002001;32.84;16
0.002001;32.38;16
0.002001;32.91;16
0.002001;32.71;16
0.002001;32.82;16
0.002001;32.05;16
0.002001;31.78;16
0.002001;31.99;16
0.002001;32.09;16
0.002001;31.71;16
0.002001;31.67;16
0.002001;32.03;16
0.002001;31.70;16
0.002001;32.20;16
0.002001;31.89;16
0.001999;33.50;17
0.001999;33.21;17
0.001999;33.04;17
0.001999;32.47;17
0.001999;33.06;17
0.001999;32.57;17
0.001999;33.07;17
0.001999;32.47;17
0.001999;32.45;17
0.001999;32.44;17
0.001999;32.58;17
0.001999;31.99;17
0.001999;32.08;17
0.001999;32.03;17
0.001999;32.04;17
0.001999;33.07;17
0.001999;32.33;17
0.001999;31.84;17
0.001999;31.87;17
0.001999;31.85;17
0.001999;31.91;17
0.001999;31.90;17
0.001999;31.78;17
0.001999;32.37;17
0.001999;32.63;17
0.001999;32.73;17
0.001999;32.53;17
0.001999;32.54;17
0.001999;32.35;17
0.001999;32.51;17
0.001999;32.58;17
0.001999;32.15;17
0.001999;32.46;17
0.001999;32.41;17
0.001999;32.32;17
0.001999;31.70;17
0.001999;31.34;17
0.001999;31.70;17
0.001999;34.07;17
0.001999;35.44;17
0.001999;35.11;17
0.001999;35.40;17
0.001999;35.40;17
0.001999;32.42;17
0.001999;31.45;17
0.001999;31.32;17
0.001999;31.49;17
0.001999;34.19;17
0.001999;35.38;17
0.001999;32.99;17
0.001998;32.60;17
0.001998;32.80;17
0.001998;32.64;17
0.001998;32.83;17
0.001998;32.70;17
0.001998;32.75;17
0.001998;32.77;17
0.001998;32.80;17
0.001998;32.91;17
0.001998;32.80;17
0.001998;32.71;17
0.001998;32.87;17
0.001998;32.69;17
0.001998;32.73;17
0.001998;32.91;17
0.001998;32.64;17
0.001998;32.80;17
0.001998;34.17;17
0.001998;35.82;17
0.001998;35.60;17
0.001998;35.49;17
0.001998;35.77;17
0.001998;35.76;17
0.001998;35.38;17
0.001998;35.55;17
0.001998;33.47;17
0.001998;33.01;17
0.001998;33.02;17
0.001998;32.75;17
0.001998;32.59;17
0.001998;32.35;17
0.001998;32.15;17
0.001998;35.36;17
0.001998;35.15;17
0.001998;35.24;17
0.001998;35.24;17
0.001998;35.22;17
0.001998;35.23;17
0.001998;35.56;17
0.001998;35.35;17
0.001998;35.66;17
0.001998;35.40;17
0.001998;35.53;17
0.001998;35.47;17
0.001998;35.72;17
0.001998;35.32;17
0.001998;35.35;17
0.001998;35.41;17
0.001998;35.26;17
0.001998;35.15;17
0.002004;35.45;18
0.002004;35.61;18
0.002004;35.44;18
0.002004;35.46;18
0.002004;35.66;18
0.002004;35.99;18
0.002004;35.63;18
0.002004;36.22;18
0.002004;35.70;18
0.002004;33.25;18
0.002004;32.68;18
0.002004;33.02;18
0.002004;33.01;18
0.002004;32.69;18
0.002004;32.45;18
0.002004;32.50;18
0.002004;35.37;18
0.002004;35.36;18
0.002004;35.70;18
0.002004;34.29;18
0.002004;31.94;18
0.002004;35.42;18
0.002004;35.28;18
0.002004;35.55;18
0.002004;35.43;18
0.002004;35.39;18
0.002004;35.44;18
0.002004;35.36;18
0.002004;35.50;18
0.002004;32.51;18
0.002004;31.30;18
0.002004;31.26;18
0.002004;31.28;18
0.002004;31.33;18
0.002004;31.34;18
0.002004;31.21;18
0.002004;31.07;18
0.002004;31.10;18
0.002004;31.24;18
0.002004;31.30;18
0.002004;31.49;18
0.002004;31.15;18
0.002004;31.35;18
0.002004;31.42;18
0.002004;31.38;18
0.002004;31.44;18
0.002004;31.19;18
0.002004;31.11;18
0.002004;31.38;18
0.002004;31.39;18
0.002001;31.61;18
0.002001;31.65;18
0.002001;32.12;18
0.002001;32.42;18
0.002001;33.05;18
0.002001;32.45;18
0.002001;31.60;18
0.002001;35.85;18
0.002001;35.48;18
0.002001;35.28;18
0.002001;35.31;18
0.002001;35.20;18
0.002001;35.52;18
0.002001;35.00;18
0.002001;35.54;18
0.002001;31.75;18
0.002001;31.64;18
0.002001;31.59;18
0.002001;31.43;18
0.002001;32.53;18
0.002001;31.35;18
0.002001;34.48;18
0.002001;31.31;18
0.002001;31.17;18
0.002001;31.27;18
0.002001;31.19;18
0.002001;31.26;18
0.002001;31.19;18
0.002001;31.26;18
0.002001;31.18;18
0.002001;34.40;18
0.002001;32.22;18
0.002001;31.69;18
0.002001;31.23;18
0.002001;31.64;18
0.002001;32.23;18
0.002001;32.24;18
0.002001;32.40;18
0.002001;32.21;18
0.002001;32.37;18
0.002001;31.63;18
0.002001;33.86;18
0.002001;31.72;18
0.002001;31.27;18
0.002001;31.23;18
0.002001;31.28;18
0.002001;31.32;18
0.002001;31.10;18
0.002001;31.28;18
0.002001;31.29;18
0.001996;33.42;19
0.001996;32.66;19
0.001996;31.47;19
0.001996;31.55;19
0.001996;31.42;19
0.001996;31.51;19
0.001996;31.52;19
0.001996;34.15;19
0.001996;32.71;19
0.001996;32.47;19
0.001996;31.80;19
0.001996;32.43;19
0.001995;32.47;19
0.001995;32.46;19
0.001995;32.38;19
0.001995;32.84;19
0.001995;32.36;19
0.001995;33.02;19
0.001995;32.56;19
0.001995;33.01;19
0.001995;32.47;19
0.001995;32.95;19
0.001995;32.46;19
0.001995;32.98;19
0.001995;32.42;19
0.001995;32.52;19
0.001995;32.45;19
0.001995;32.29;19
0.001995;31.68;19
0.001995;31.54;19
0.001995;31.40;19
0.001995;31.40;19
0.001995;31.45;19
0.001995;31.67;19
0.001995;32.31;19
0.001995;32.30;19
0.001995;32.16;19
0.001995;32.62;19
0.001995;32.87;19
0.001995;32.56;19
0.001995;32.63;19
0.001995;32.60;19
0.001995;32.54;19
0.001995;32.40;19
0.001995;32.52;19
0.001995;32.68;19
0.001995;32.66;19
0.001995;31.78;19
0.001995;31.63;19
0.001995;31.40;19
0.002006;32.37;19
0.002006;32.53;19
0.002006;31.91;19
0.002006;31.54;19
0.002006;31.51;19
0.002006;31.64;19
0.002006;31.62;19
0.002006;32.63;19
0.002006;32.75;19
0.002006;32.74;19
0.002006;32.67;19
0.002006;35.09;19
0.002006;32.57;19
0.002006;32.62;19
0.002006;32.85;19
0.002006;32.74;19
0.002006;32.46;19
0.002006;32.32;19
0.002006;32.39;19
0.002006;32.40;19
0.002006;32.38;19
0.002006;31.68;19
0.002006;31.46;19
0.002006;32.28;19
0.002006;33.04;19
0.002006;35.22;19
0.002006;35.41;19
0.002006;33.70;19
0.002006;31.24;19
0.002006;31.56;19
0.002006;32.25;19
0.002006;32.04;19
0.002006;31.84;19
0.002006;31.83;19
0.002006;32.00;19
0.002006;31.83;19
0.002006;35.42;19
0.002006;35.45;19
0.002006;35.36;19
0.002006;35.39;19
0.002006;35.56;19
0.002006;35.60;19
0.002006;35.40;19
0.002006;35.70;19
0.002006;35.83;19
0.002006;35.67;19
0.002006;35.58;19
0.002006;35.38;19
0.002006;35.71;19
0.002006;35.51;19
