loss;elapsed time;iteration0.352370;30.99;0
0.301603;30.35;0
0.260079;30.59;0
0.226389;30.91;0
0.199317;30.71;0
0.177955;30.61;0
0.160881;30.43;0
0.146760;30.61;0
0.134624;30.65;0
0.123838;30.55;0
0.114017;30.47;0
0.105016;30.59;0
0.096766;30.18;0
0.089196;30.26;0
0.082339;30.70;0
0.076288;30.52;0
0.071072;30.45;0
0.066607;30.79;0
0.062771;30.40;0
0.059477;30.42;0
0.056654;30.63;0
0.054248;30.46;0
0.052205;30.46;0
0.050462;30.44;0
0.048962;30.66;0
0.047660;30.67;0
0.046520;30.97;0
0.045515;30.23;0
0.044624;30.57;0
0.043832;30.35;0
0.043125;30.55;0
0.042491;30.95;0
0.041920;30.83;0
0.041403;30.88;0
0.040929;30.70;0
0.040489;30.74;0
0.040070;30.65;0
0.039654;30.79;0
0.039220;30.50;0
0.038734;30.29;0
0.038158;30.44;0
0.037478;30.59;0
0.036727;30.68;0
0.035967;30.73;0
0.035246;30.62;0
0.034568;31.20;0
0.033886;30.90;0
0.033097;30.86;0
0.032102;31.31;0
0.031032;30.62;0
0.030154;30.88;0
0.029429;30.71;0
0.028596;30.58;0
0.027609;30.69;0
0.026889;30.51;0
0.026365;30.73;0
0.025924;30.78;0
0.025499;30.66;0
0.024991;31.05;0
0.024053;30.90;0
0.023068;30.72;0
0.022393;30.50;0
0.021677;30.72;0
0.020282;30.58;0
0.019426;30.48;0
0.018947;30.57;0
0.018629;30.41;0
0.018393;30.30;0
0.018208;30.50;0
0.018055;30.64;0
0.017923;30.72;0
0.017807;30.50;0
0.017702;30.57;0
0.017603;30.46;0
0.017509;30.39;0
0.017414;30.34;0
0.017314;30.50;0
0.017203;30.63;0
0.017073;30.60;0
0.016908;30.52;0
0.016681;30.35;0
0.016308;30.69;0
0.015434;30.28;0
0.013968;30.22;0
0.011861;30.85;0
0.009564;30.66;0
0.008475;30.76;0
0.007956;30.45;0
0.007670;30.88;0
0.007481;30.50;0
0.007342;30.51;0
0.007233;30.58;0
0.007144;30.80;0
0.007070;30.79;0
0.007006;30.56;0
0.006950;30.75;0
0.006900;30.75;0
0.006854;30.91;0
0.006809;30.84;0
0.006746;30.97;0
0.305475;30.81;1
0.274055;30.90;1
0.246002;31.03;1
0.217948;30.71;1
0.194991;30.77;1
0.175277;30.74;1
0.159162;30.46;1
0.146889;30.79;1
0.137975;30.91;1
0.131447;30.86;1
0.126341;30.95;1
0.121994;31.00;1
0.118059;30.74;1
0.114376;30.82;1
0.110855;30.95;1
0.107453;31.10;1
0.104165;31.22;1
0.100999;31.13;1
0.097946;30.86;1
0.094968;30.87;1
0.092023;30.88;1
0.089058;30.70;1
0.086034;30.59;1
0.082946;30.28;1
0.079836;30.73;1
0.076774;30.61;1
0.073828;30.59;1
0.071049;30.88;1
0.068460;30.63;1
0.066063;31.06;1
0.063846;31.00;1
0.061786;31.11;1
0.059860;31.11;1
0.058046;30.42;1
0.056326;30.57;1
0.054689;30.79;1
0.053127;30.69;1
0.051633;30.54;1
0.050197;30.77;1
0.048812;30.81;1
0.047476;30.73;1
0.046190;30.63;1
0.044959;30.88;1
0.043784;30.61;1
0.042667;30.60;1
0.041610;30.70;1
0.040614;30.92;1
0.039679;31.36;1
0.038804;31.24;1
0.037985;31.34;1
0.038823;30.80;1
0.038227;31.09;1
0.037870;31.08;1
0.037615;30.67;1
0.037420;30.45;1
0.037264;30.30;1
0.037134;30.39;1
0.037025;30.66;1
0.036929;30.65;1
0.036846;30.79;1
0.036771;30.74;1
0.036705;30.71;1
0.036644;30.59;1
0.036589;30.72;1
0.036539;30.87;1
0.036493;30.80;1
0.036451;30.58;1
0.036412;30.91;1
0.036375;30.60;1
0.036341;30.88;1
0.036309;30.92;1
0.036279;30.90;1
0.036250;30.97;1
0.036223;30.86;1
0.036196;30.94;1
0.036171;30.64;1
0.036146;30.62;1
0.036122;30.85;1
0.036099;30.77;1
0.036076;30.71;1
0.036054;31.02;1
0.036032;30.82;1
0.036010;30.75;1
0.035988;30.73;1
0.035967;30.82;1
0.035946;30.76;1
0.035925;30.73;1
0.035904;30.77;1
0.035883;31.11;1
0.035862;30.76;1
0.035841;30.77;1
0.035820;30.81;1
0.035798;30.96;1
0.035777;30.96;1
0.035755;31.03;1
0.035733;30.82;1
0.035710;30.61;1
0.035688;31.09;1
0.035665;30.61;1
0.035642;30.61;1
0.033182;30.72;2
0.032477;30.88;2
0.031809;30.61;2
0.031148;31.11;2
0.030496;31.11;2
0.029860;31.19;2
0.029250;31.02;2
0.028663;30.97;2
0.028084;31.00;2
0.027508;30.99;2
0.026948;31.06;2
0.026413;31.11;2
0.025903;30.59;2
0.025411;30.55;2
0.024931;30.96;2
0.024458;31.10;2
0.023989;31.24;2
0.023500;31.10;2
0.022946;31.23;2
0.022277;30.95;2
0.021518;30.86;2
0.020749;30.52;2
0.020053;30.77;2
0.019454;31.20;2
0.018958;31.16;2
0.018555;30.82;2
0.018223;30.80;2
0.017943;30.62;2
0.017701;30.87;2
0.017489;30.72;2
0.017299;30.78;2
0.017127;31.02;2
0.016969;30.96;2
0.016823;30.93;2
0.016688;30.85;2
0.016559;30.82;2
0.016435;30.78;2
0.016314;30.99;2
0.016194;30.91;2
0.016070;30.94;2
0.015940;31.09;2
0.015797;31.30;2
0.015633;31.51;2
0.015437;30.99;2
0.015201;31.10;2
0.014945;30.90;2
0.014731;30.96;2
0.014588;30.95;2
0.014497;31.11;2
0.014434;31.05;2
0.014363;30.79;2
0.014251;30.72;2
0.014193;30.47;2
0.014158;30.83;2
0.014134;30.94;2
0.014116;30.75;2
0.014102;30.64;2
0.014090;30.64;2
0.014079;30.85;2
0.014070;31.13;2
0.014062;31.04;2
0.014054;31.26;2
0.014047;30.94;2
0.014041;30.86;2
0.014034;31.09;2
0.014029;31.29;2
0.014023;31.59;2
0.014018;31.38;2
0.014014;30.98;2
0.014009;31.05;2
0.014005;31.39;2
0.014001;30.91;2
0.013998;31.06;2
0.013995;31.12;2
0.013992;30.86;2
0.013989;30.65;2
0.013986;30.82;2
0.013984;30.56;2
0.013982;30.79;2
0.013980;30.81;2
0.013978;30.95;2
0.013976;31.11;2
0.013974;30.92;2
0.013973;31.03;2
0.013971;30.84;2
0.013970;30.83;2
0.013968;30.83;2
0.013967;31.33;2
0.013965;31.01;2
0.013964;31.00;2
0.013963;31.46;2
0.013962;31.51;2
0.013960;31.36;2
0.013959;31.06;2
0.013958;30.79;2
0.013957;30.95;2
0.013956;30.98;2
0.013955;31.29;2
0.013954;31.19;2
0.013953;31.25;2
0.013634;31.07;3
0.013585;30.96;3
0.013554;31.01;3
0.013533;31.23;3
0.013516;31.15;3
0.013502;31.06;3
0.013490;30.98;3
0.013480;30.74;3
0.013472;30.85;3
0.013464;30.76;3
0.013457;30.87;3
0.013452;30.80;3
0.013446;30.85;3
0.013441;31.15;3
0.013437;30.63;3
0.013433;31.09;3
0.013429;30.99;3
0.013426;30.83;3
0.013423;30.72;3
0.013420;30.96;3
0.013418;31.11;3
0.013415;31.31;3
0.013413;30.86;3
0.013411;30.98;3
0.013409;30.73;3
0.013407;30.64;3
0.013406;30.95;3
0.013404;31.24;3
0.013403;30.97;3
0.013402;30.57;3
0.013401;31.06;3
0.013400;30.96;3
0.013399;31.08;3
0.013398;31.03;3
0.013397;30.92;3
0.013396;30.75;3
0.013395;30.82;3
0.013395;31.09;3
0.013394;31.09;3
0.013393;30.91;3
0.013393;31.15;3
0.013392;30.90;3
0.013392;30.79;3
0.013391;31.03;3
0.013391;30.90;3
0.013391;30.89;3
0.013390;30.92;3
0.013390;30.89;3
0.013389;31.28;3
0.013389;31.63;3
0.013294;30.70;3
0.013289;30.59;3
0.013286;30.73;3
0.013284;30.64;3
0.013282;30.69;3
0.013281;30.60;3
0.013280;30.66;3
0.013279;30.84;3
0.013279;31.06;3
0.013278;31.26;3
0.013278;31.00;3
0.013277;31.01;3
0.013277;31.09;3
0.013277;31.10;3
0.013276;31.02;3
0.013276;30.88;3
0.013276;30.63;3
0.013276;30.67;3
0.013276;30.59;3
0.013275;30.79;3
0.013275;30.58;3
0.013275;30.83;3
0.013275;31.11;3
0.013275;30.99;3
0.013275;31.14;3
0.013274;30.84;3
0.013274;30.80;3
0.013274;30.96;3
0.013274;30.84;3
0.013274;30.73;3
0.013274;30.66;3
0.013274;30.72;3
0.013274;31.04;3
0.013274;31.16;3
0.013273;31.28;3
0.013273;31.13;3
0.013273;31.06;3
0.013273;31.23;3
0.013273;30.90;3
0.013273;30.80;3
0.013273;30.85;3
0.013273;30.92;3
0.013273;30.96;3
0.013273;30.77;3
0.013273;30.79;3
0.013273;30.92;3
0.013273;30.69;3
0.013272;31.12;3
0.013272;31.01;3
0.013272;30.92;3
0.013163;30.85;4
0.013159;30.96;4
0.013157;30.86;4
0.013156;30.83;4
0.013156;30.78;4
0.013155;30.79;4
0.013155;30.62;4
0.013155;30.64;4
0.013154;30.46;4
0.013154;30.70;4
0.013154;30.75;4
0.013154;30.60;4
0.013153;30.84;4
0.013153;30.79;4
0.013153;31.16;4
0.013153;31.05;4
0.013153;31.02;4
0.013153;31.32;4
0.013152;31.20;4
0.013152;30.89;4
0.013152;30.85;4
0.013152;31.10;4
0.013152;30.92;4
0.013152;30.91;4
0.013152;31.14;4
0.013152;31.41;4
0.013152;31.29;4
0.013152;31.11;4
0.013152;31.20;4
0.013151;31.30;4
0.013151;31.01;4
0.013151;31.27;4
0.013151;30.78;4
0.013151;30.69;4
0.013151;30.73;4
0.013151;31.06;4
0.013151;30.98;4
0.013151;31.19;4
0.013151;31.15;4
0.013151;30.99;4
0.013151;31.01;4
0.013151;30.98;4
0.013151;31.05;4
0.013151;30.92;4
0.013151;30.92;4
0.013151;30.88;4
0.013151;30.86;4
0.013151;30.97;4
0.013151;30.88;4
0.013150;31.16;4
0.013091;30.62;4
0.013089;30.59;4
0.013088;30.94;4
0.013087;30.65;4
0.013087;30.57;4
0.013087;30.72;4
0.013086;30.98;4
0.013086;31.03;4
0.013086;30.80;4
0.013086;30.89;4
0.013086;30.76;4
0.013086;30.93;4
0.013085;30.93;4
0.013085;31.08;4
0.013085;31.17;4
0.013085;31.30;4
0.013085;30.89;4
0.013085;30.83;4
0.013085;30.70;4
0.013085;30.93;4
0.013085;30.89;4
0.013085;30.74;4
0.013085;31.01;4
0.013085;31.20;4
0.013085;31.08;4
0.013085;31.09;4
0.013085;31.40;4
0.013085;31.34;4
0.013085;31.30;4
0.013085;30.93;4
0.013085;30.89;4
0.013085;30.59;4
0.013085;30.76;4
0.013085;31.26;4
0.013085;31.19;4
0.013085;30.98;4
0.013085;30.78;4
0.013085;30.92;4
0.013085;30.77;4
0.013085;31.03;4
0.013085;30.83;4
0.013085;30.79;4
0.013085;30.78;4
0.013084;31.06;4
0.013084;31.06;4
0.013084;30.68;4
0.013084;30.93;4
0.013084;31.42;4
0.013084;30.84;4
0.013084;30.95;4
0.013062;30.90;5
0.013060;30.58;5
0.013059;30.82;5
0.013058;30.53;5
0.013058;30.64;5
0.013058;30.52;5
0.013058;30.74;5
0.013057;30.78;5
0.013057;30.61;5
0.013057;30.98;5
0.013057;30.88;5
0.013057;30.74;5
0.013057;31.01;5
0.013057;30.99;5
0.013057;30.90;5
0.013057;30.98;5
0.013057;30.81;5
0.013057;30.93;5
0.013057;30.75;5
0.013057;30.70;5
0.013057;30.91;5
0.013057;30.91;5
0.013057;30.65;5
0.013057;30.79;5
0.013057;30.80;5
0.013057;30.96;5
0.013057;30.87;5
0.013057;31.17;5
0.013057;30.96;5
0.013057;30.95;5
0.013057;31.18;5
0.013056;31.31;5
0.013056;31.52;5
0.013056;30.99;5
0.013056;30.96;5
0.013056;30.96;5
0.013056;30.83;5
0.013056;30.77;5
0.013056;30.89;5
0.013056;30.89;5
0.013056;30.96;5
0.013056;31.23;5
0.013056;31.19;5
0.013056;31.17;5
0.013056;30.90;5
0.013056;31.08;5
0.013056;30.96;5
0.013056;31.15;5
0.013056;31.11;5
0.013056;30.90;5
0.013015;30.56;5
0.013015;30.82;5
0.013014;30.71;5
0.013014;30.87;5
0.013014;30.88;5
0.013014;30.94;5
0.013013;31.04;5
0.013013;31.17;5
0.013013;30.92;5
0.013013;31.20;5
0.013013;31.28;5
0.013013;31.16;5
0.013013;30.74;5
0.013013;30.87;5
0.013013;31.01;5
0.013013;30.83;5
0.013013;31.11;5
0.013013;30.87;5
0.013013;31.00;5
0.013013;31.05;5
0.013013;31.01;5
0.013013;30.90;5
0.013013;31.01;5
0.013013;31.03;5
0.013013;30.99;5
0.013013;30.95;5
0.013013;31.21;5
0.013013;30.77;5
0.013013;30.84;5
0.013013;31.03;5
0.013013;30.96;5
0.013013;30.96;5
0.013013;30.93;5
0.013013;30.91;5
0.013013;31.13;5
0.013013;31.09;5
0.013013;30.98;5
0.013013;31.12;5
0.013013;31.00;5
0.013013;30.98;5
0.013013;30.86;5
0.013013;30.95;5
0.013013;30.97;5
0.013013;30.96;5
0.013012;31.04;5
0.013012;30.91;5
0.013012;30.88;5
0.013012;30.91;5
0.013012;30.94;5
0.013012;31.17;5
0.012981;31.09;6
0.012980;31.00;6
0.012980;31.19;6
0.012980;30.99;6
0.012980;31.32;6
0.012980;31.15;6
0.012979;31.06;6
0.012979;30.67;6
0.012979;30.98;6
0.012979;30.77;6
0.012979;30.77;6
0.012979;31.03;6
0.012979;31.18;6
0.012979;31.11;6
0.012979;31.08;6
0.012979;31.19;6
0.012979;31.20;6
0.012979;30.68;6
0.012979;30.93;6
0.012979;31.07;6
0.012979;31.12;6
0.012979;31.23;6
0.012979;31.14;6
0.012979;31.19;6
0.012979;31.09;6
0.012979;31.02;6
0.012979;31.12;6
0.012979;31.05;6
0.012979;31.15;6
0.012979;31.44;6
0.012979;30.92;6
0.012979;31.40;6
0.012979;31.09;6
0.012979;31.15;6
0.012979;31.21;6
0.012979;31.19;6
0.012979;31.63;6
0.012979;30.98;6
0.012979;31.16;6
0.012979;31.09;6
0.012979;30.90;6
0.012979;30.86;6
0.012979;31.12;6
0.012979;31.13;6
0.012979;31.04;6
0.012979;31.09;6
0.012979;30.86;6
0.012979;30.79;6
0.012979;30.90;6
0.012979;31.32;6
0.012972;31.40;6
0.012972;30.59;6
0.012971;30.79;6
0.012971;30.90;6
0.012971;30.85;6
0.012971;30.59;6
0.012971;30.43;6
0.012971;30.68;6
0.012971;30.86;6
0.012971;30.71;6
0.012971;31.08;6
0.012971;31.22;6
0.012971;31.61;6
0.012971;31.62;6
0.012971;31.23;6
0.012971;31.29;6
0.012971;30.78;6
0.012971;31.19;6
0.012971;30.76;6
0.012971;31.05;6
0.012971;31.01;6
0.012971;30.83;6
0.012971;30.77;6
0.012971;31.22;6
0.012971;31.06;6
0.012971;30.81;6
0.012971;31.01;6
0.012970;31.15;6
0.012970;31.31;6
0.012970;30.99;6
0.012970;31.03;6
0.012970;30.77;6
0.012970;30.77;6
0.012970;30.77;6
0.012970;31.01;6
0.012970;30.87;6
0.012970;30.98;6
0.012970;31.05;6
0.012970;30.93;6
0.012970;31.01;6
0.012970;31.03;6
0.012970;31.21;6
0.012970;30.92;6
0.012970;31.19;6
0.012970;31.69;6
0.012970;31.49;6
0.012970;31.11;6
0.012970;31.23;6
0.012970;31.21;6
0.012970;31.25;6
0.012952;30.57;7
0.012952;30.84;7
0.012951;31.06;7
0.012951;30.74;7
0.012951;30.96;7
0.012951;31.04;7
0.012951;31.13;7
0.012951;31.58;7
0.012951;31.16;7
0.012951;30.97;7
0.012951;30.99;7
0.012951;31.01;7
0.012951;31.42;7
0.012951;30.92;7
0.012951;31.38;7
0.012951;31.30;7
0.012951;31.33;7
0.012951;31.15;7
0.012951;31.06;7
0.012951;31.21;7
0.012951;31.36;7
0.012951;31.10;7
0.012951;30.88;7
0.012951;30.80;7
0.012951;30.93;7
0.012951;30.81;7
0.012951;30.78;7
0.012951;31.10;7
0.012951;30.97;7
0.012951;30.94;7
0.012951;30.94;7
0.012951;31.17;7
0.012951;30.97;7
0.012951;30.87;7
0.012951;30.68;7
0.012951;30.82;7
0.012951;30.82;7
0.012951;30.83;7
0.012951;30.94;7
0.012951;30.69;7
0.012951;31.15;7
0.012951;31.19;7
0.012951;31.30;7
0.012951;31.04;7
0.012951;30.73;7
0.012951;30.82;7
0.012951;30.76;7
0.012951;30.93;7
0.012951;31.59;7
0.012951;31.31;7
0.012940;30.61;7
0.012939;30.77;7
0.012939;30.67;7
0.012939;30.78;7
0.012939;30.53;7
0.012939;30.56;7
0.012939;31.16;7
0.012939;31.29;7
0.012939;30.95;7
0.012939;31.11;7
0.012939;30.99;7
0.012939;30.97;7
0.012939;30.67;7
0.012939;30.64;7
0.012939;30.78;7
0.012939;30.99;7
0.012939;30.89;7
0.012939;30.95;7
0.012939;31.15;7
0.012939;31.30;7
0.012939;30.98;7
0.012939;31.03;7
0.012939;31.10;7
0.012939;30.92;7
0.012939;31.46;7
0.012939;31.38;7
0.012939;31.29;7
0.012939;31.15;7
0.012939;31.42;7
0.012939;30.87;7
0.012939;31.22;7
0.012939;30.98;7
0.012939;31.07;7
0.012939;30.82;7
0.012939;31.18;7
0.012938;31.34;7
0.012938;31.12;7
0.012938;30.86;7
0.012938;31.29;7
0.012938;31.23;7
0.012938;31.29;7
0.012938;31.20;7
0.012938;31.15;7
0.012938;31.36;7
0.012938;30.69;7
0.012938;31.42;7
0.012938;31.28;7
0.012938;31.53;7
0.012938;31.18;7
0.012938;31.29;7
0.012969;31.16;8
0.012968;30.88;8
0.012968;30.96;8
0.012968;31.00;8
0.012968;31.04;8
0.012968;31.03;8
0.012968;31.09;8
0.012968;30.94;8
0.012968;30.98;8
0.012968;31.09;8
0.012968;31.09;8
0.012968;30.90;8
0.012968;30.60;8
0.012968;30.60;8
0.012968;30.96;8
0.012968;31.06;8
0.012968;31.03;8
0.012968;31.12;8
0.012968;31.30;8
0.012968;31.25;8
0.012968;31.03;8
0.012968;31.11;8
0.012968;31.36;8
0.012968;31.31;8
0.012968;30.95;8
0.012968;31.24;8
0.012968;30.99;8
0.012968;30.93;8
0.012968;31.05;8
0.012968;30.96;8
0.012968;30.80;8
0.012968;30.73;8
0.012968;30.76;8
0.012968;31.05;8
0.012968;30.78;8
0.012968;31.31;8
0.012968;31.56;8
0.012968;30.99;8
0.012968;31.02;8
0.012968;31.10;8
0.012968;30.89;8
0.012967;30.97;8
0.012967;30.96;8
0.012967;30.90;8
0.012967;30.77;8
0.012967;30.96;8
0.012967;30.57;8
0.012967;30.72;8
0.012967;30.71;8
0.012967;30.85;8
0.012955;30.97;8
0.012954;30.73;8
0.012954;31.04;8
0.012954;30.90;8
0.012954;31.06;8
0.012954;31.11;8
0.012954;30.42;8
0.012954;30.74;8
0.012954;30.50;8
0.012954;30.61;8
0.012954;30.37;8
0.012954;30.61;8
0.012954;30.90;8
0.012954;31.27;8
0.012954;31.11;8
0.012954;31.09;8
0.012954;31.03;8
0.012954;31.19;8
0.012954;30.90;8
0.012954;30.98;8
0.012954;30.77;8
0.012954;30.66;8
0.012954;30.70;8
0.012954;30.77;8
0.012954;30.69;8
0.012954;30.68;8
0.012954;30.85;8
0.012954;30.98;8
0.012954;30.91;8
0.012954;30.66;8
0.012954;31.16;8
0.012954;31.13;8
0.012954;31.35;8
0.012954;30.92;8
0.012954;30.92;8
0.012954;30.92;8
0.012954;30.77;8
0.012954;31.06;8
0.012954;30.76;8
0.012954;30.88;8
0.012954;30.72;8
0.012954;30.80;8
0.012954;30.83;8
0.012954;30.86;8
0.012954;30.97;8
0.012954;30.83;8
0.012954;30.81;8
0.012954;31.04;8
0.012954;30.92;8
0.012954;30.80;8
0.012943;30.58;9
0.012943;30.46;9
0.012942;30.35;9
0.012942;30.55;9
0.012942;30.51;9
0.012942;31.20;9
0.012942;30.78;9
0.012942;31.09;9
0.012942;31.40;9
0.012942;31.05;9
0.012942;30.68;9
0.012942;30.72;9
0.012942;30.78;9
0.012942;31.22;9
0.012942;30.93;9
0.012942;30.77;9
0.012942;30.74;9
0.012942;30.72;9
0.012942;30.91;9
0.012942;30.95;9
0.012942;30.89;9
0.012942;30.76;9
0.012942;30.93;9
0.012942;31.42;9
0.012942;30.89;9
0.012942;30.89;9
0.012942;30.76;9
0.012942;30.75;9
0.012942;30.77;9
0.012942;31.12;9
0.012942;31.10;9
0.012942;31.18;9
0.012942;31.10;9
0.012942;31.14;9
0.012942;30.98;9
0.012942;31.17;9
0.012942;30.94;9
0.012942;31.15;9
0.012942;30.96;9
0.012942;31.10;9
0.012942;30.97;9
0.012942;30.88;9
0.012942;30.99;9
0.012942;31.12;9
0.012942;30.88;9
0.012942;30.88;9
0.012942;30.97;9
0.012942;31.11;9
0.012942;31.03;9
0.012942;30.97;9
0.012927;30.94;9
0.012927;30.84;9
0.012927;31.14;9
0.012927;30.51;9
0.012927;30.88;9
0.012927;30.94;9
0.012927;30.95;9
0.012927;30.72;9
0.012927;30.73;9
0.012926;30.92;9
0.012926;31.23;9
0.012926;31.00;9
0.012926;30.87;9
0.012926;30.53;9
0.012926;30.76;9
0.012926;30.54;9
0.012926;30.61;9
0.012926;30.90;9
0.012926;30.70;9
0.012926;30.77;9
0.012926;30.89;9
0.012926;31.35;9
0.012926;31.16;9
0.012926;30.77;9
0.012926;30.96;9
0.012926;31.08;9
0.012926;31.00;9
0.012926;30.85;9
0.012926;30.84;9
0.012926;31.24;9
0.012926;30.98;9
0.012926;30.91;9
0.012926;30.90;9
0.012926;30.78;9
0.012926;31.35;9
0.012926;30.79;9
0.012926;30.94;9
0.012926;30.63;9
0.012926;30.74;9
0.012926;30.70;9
0.012926;30.69;9
0.012926;30.91;9
0.012926;30.80;9
0.012926;30.91;9
0.012926;31.00;9
0.012926;31.11;9
0.012926;31.31;9
0.012926;31.51;9
0.012926;30.90;9
0.012926;31.01;9
0.012942;30.89;10
0.012942;31.56;10
0.012942;31.12;10
0.012942;31.04;10
0.012942;30.79;10
0.012942;31.21;10
0.012942;31.08;10
0.012942;30.95;10
0.012942;31.04;10
0.012942;31.01;10
0.012942;31.09;10
0.012942;31.15;10
0.012942;30.88;10
0.012942;31.22;10
0.012942;31.20;10
0.012942;30.96;10
0.012942;31.16;10
0.012942;30.74;10
0.012942;30.75;10
0.012942;30.78;10
0.012942;30.86;10
0.012942;31.04;10
0.012942;30.82;10
0.012942;30.89;10
0.012942;31.25;10
0.012942;31.19;10
0.012942;31.28;10
0.012942;30.91;10
0.012942;30.74;10
0.012942;30.80;10
0.012942;30.85;10
0.012941;31.06;10
0.012941;31.23;10
0.012941;31.16;10
0.012941;31.26;10
0.012941;31.11;10
0.012941;31.06;10
0.012941;31.42;10
0.012941;31.26;10
0.012941;31.20;10
0.012941;30.76;10
0.012941;30.74;10
0.012941;30.89;10
0.012941;30.88;10
0.012941;31.12;10
0.012941;31.22;10
0.012941;31.30;10
0.012941;30.84;10
0.012941;31.20;10
0.012941;30.64;10
0.012938;31.04;10
0.012938;30.83;10
0.012938;30.76;10
0.012938;30.85;10
0.012938;30.70;10
0.012938;30.79;10
0.012938;30.59;10
0.012938;31.07;10
0.012938;30.83;10
0.012938;30.69;10
0.012938;30.46;10
0.012938;30.48;10
0.012938;30.78;10
0.012938;30.98;10
0.012938;30.90;10
0.012938;30.88;10
0.012938;31.07;10
0.012938;30.87;10
0.012938;30.76;10
0.012938;30.90;10
0.012938;30.95;10
0.012938;30.82;10
0.012937;31.04;10
0.012937;31.02;10
0.012937;31.03;10
0.012937;30.93;10
0.012937;31.21;10
0.012937;31.17;10
0.012937;31.25;10
0.012937;31.07;10
0.012937;30.96;10
0.012937;31.19;10
0.012937;31.29;10
0.012937;30.92;10
0.012937;30.88;10
0.012937;30.85;10
0.012937;31.10;10
0.012937;31.49;10
0.012937;31.27;10
0.012937;31.26;10
0.012937;31.43;10
0.012937;31.45;10
0.012937;31.10;10
0.012937;31.04;10
0.012937;31.02;10
0.012937;31.10;10
0.012937;31.21;10
0.012937;30.93;10
0.012937;30.91;10
0.012937;30.85;10
0.012915;30.91;11
0.012915;31.28;11
0.012914;30.75;11
0.012914;30.82;11
0.012914;30.74;11
0.012914;30.97;11
0.012914;31.10;11
0.012914;31.03;11
0.012914;30.87;11
0.012914;30.98;11
0.012914;30.71;11
0.012914;30.71;11
0.012914;30.85;11
0.012914;31.32;11
0.012914;30.98;11
0.012914;30.73;11
0.012914;31.06;11
0.012914;31.26;11
0.012914;31.27;11
0.012914;31.08;11
0.012914;30.78;11
0.012914;30.78;11
0.012914;31.04;11
0.012914;31.05;11
0.012914;30.73;11
0.012914;30.85;11
0.012914;31.32;11
0.012914;30.79;11
0.012914;30.98;11
0.012914;31.21;11
0.012914;31.22;11
0.012914;31.19;11
0.012914;31.01;11
0.012914;30.88;11
0.012914;30.51;11
0.012914;30.52;11
0.012914;30.79;11
0.012914;31.17;11
0.012914;31.15;11
0.012914;31.34;11
0.012914;31.71;11
0.012914;31.80;11
0.012914;31.33;11
0.012914;31.18;11
0.012914;31.20;11
0.012914;31.21;11
0.012914;30.90;11
0.012914;30.79;11
0.012914;31.00;11
0.012914;31.29;11
0.012926;31.04;11
0.012926;30.91;11
0.012926;30.82;11
0.012926;31.13;11
0.012926;30.84;11
0.012926;31.11;11
0.012926;30.95;11
0.012926;31.28;11
0.012926;31.51;11
0.012926;30.72;11
0.012926;30.84;11
0.012926;31.16;11
0.012926;30.77;11
0.012926;30.58;11
0.012926;30.56;11
0.012926;30.68;11
0.012926;30.64;11
0.012926;30.68;11
0.012926;30.68;11
0.012926;30.77;11
0.012926;30.96;11
0.012926;31.05;11
0.012926;31.06;11
0.012926;30.96;11
0.012926;30.99;11
0.012926;31.09;11
0.012926;30.86;11
0.012926;30.94;11
0.012926;30.89;11
0.012926;30.93;11
0.012926;30.74;11
0.012926;30.95;11
0.012926;31.16;11
0.012926;31.01;11
0.012926;30.82;11
0.012926;30.85;11
0.012926;31.21;11
0.012926;31.02;11
0.012926;30.71;11
0.012926;31.05;11
0.012926;31.10;11
0.012926;30.89;11
0.012926;30.77;11
0.012926;30.96;11
0.012926;30.93;11
0.012926;31.00;11
0.012926;31.18;11
0.012926;31.14;11
0.012926;31.25;11
0.012926;31.17;11
0.012933;30.95;12
0.012933;30.99;12
0.012933;31.10;12
0.012933;31.42;12
0.012933;31.06;12
0.012933;31.04;12
0.012933;31.07;12
0.012933;31.44;12
0.012933;31.20;12
0.012933;30.57;12
0.012933;30.86;12
0.012933;30.91;12
0.012933;30.90;12
0.012933;30.92;12
0.012933;31.07;12
0.012933;31.11;12
0.012933;31.23;12
0.012933;31.18;12
0.012933;31.11;12
0.012933;30.99;12
0.012933;30.88;12
0.012933;30.87;12
0.012933;30.75;12
0.012933;30.68;12
0.012933;30.66;12
0.012933;31.25;12
0.012933;31.22;12
0.012933;31.05;12
0.012933;30.92;12
0.012933;31.10;12
0.012933;31.34;12
0.012933;31.00;12
0.012933;30.88;12
0.012933;31.06;12
0.012933;31.06;12
0.012933;30.96;12
0.012933;31.28;12
0.012933;30.75;12
0.012933;31.08;12
0.012933;31.25;12
0.012933;31.13;12
0.012933;31.09;12
0.012933;31.20;12
0.012933;30.94;12
0.012933;31.17;12
0.012933;31.17;12
0.012933;30.87;12
0.012933;30.91;12
0.012933;31.06;12
0.012933;31.11;12
0.012939;31.41;12
0.012939;31.30;12
0.012939;31.39;12
0.012939;31.11;12
0.012939;30.92;12
0.012939;30.70;12
0.012939;30.74;12
0.012939;30.81;12
0.012939;30.97;12
0.012939;30.66;12
0.012939;31.29;12
0.012939;31.08;12
0.012939;30.86;12
0.012939;30.79;12
0.012939;30.93;12
0.012939;30.75;12
0.012939;31.14;12
0.012939;30.94;12
0.012939;30.94;12
0.012939;30.95;12
0.012939;30.88;12
0.012939;30.92;12
0.012938;31.07;12
0.012938;31.06;12
0.012938;31.03;12
0.012938;31.22;12
0.012938;31.18;12
0.012938;31.19;12
0.012938;30.88;12
0.012938;30.99;12
0.012938;30.68;12
0.012938;30.98;12
0.012938;31.20;12
0.012938;31.16;12
0.012938;31.28;12
0.012938;31.35;12
0.012938;31.14;12
0.012938;31.20;12
0.012938;31.04;12
0.012938;30.88;12
0.012938;30.93;12
0.012938;30.98;12
0.012938;31.07;12
0.012938;31.16;12
0.012938;31.15;12
0.012938;31.34;12
0.012938;31.39;12
0.012938;31.54;12
0.012938;31.83;12
0.012938;31.16;12
0.012935;30.91;13
0.012935;30.77;13
0.012935;30.81;13
0.012935;31.17;13
0.012935;31.09;13
0.012935;31.05;13
0.012935;31.25;13
0.012935;30.83;13
0.012935;31.09;13
0.012935;31.33;13
0.012935;31.49;13
0.012935;30.82;13
0.012935;30.76;13
0.012935;30.67;13
0.012935;30.84;13
0.012935;30.74;13
0.012935;31.10;13
0.012935;31.13;13
0.012935;30.75;13
0.012935;30.75;13
0.012935;31.01;13
0.012935;30.81;13
0.012935;30.89;13
0.012935;31.25;13
0.012935;31.27;13
0.012935;31.17;13
0.012935;31.10;13
0.012935;31.05;13
0.012935;31.01;13
0.012935;30.73;13
0.012935;30.93;13
0.012935;30.71;13
0.012935;31.04;13
0.012935;31.25;13
0.012935;30.92;13
0.012935;30.64;13
0.012935;30.88;13
0.012935;30.78;13
0.012935;30.92;13
0.012935;30.74;13
0.012935;31.15;13
0.012935;31.13;13
0.012935;31.11;13
0.012935;31.33;13
0.012935;31.21;13
0.012935;31.36;13
0.012935;31.02;13
0.012935;31.59;13
0.012935;30.98;13
0.012935;31.09;13
0.012937;31.00;13
0.012937;31.19;13
0.012937;30.92;13
0.012937;30.95;13
0.012937;30.91;13
0.012937;31.03;13
0.012937;30.76;13
0.012937;30.57;13
0.012937;31.06;13
0.012937;30.62;13
0.012937;30.98;13
0.012937;30.64;13
0.012937;31.18;13
0.012937;30.90;13
0.012937;30.95;13
0.012937;31.01;13
0.012937;30.90;13
0.012937;31.13;13
0.012937;31.17;13
0.012937;31.14;13
0.012937;30.94;13
0.012936;30.82;13
0.012936;30.50;13
0.012936;30.95;13
0.012936;30.68;13
0.012936;31.14;13
0.012936;30.84;13
0.012936;30.97;13
0.012936;30.73;13
0.012936;30.86;13
0.012936;31.03;13
0.012936;30.81;13
0.012936;30.91;13
0.012936;31.09;13
0.012936;31.05;13
0.012936;31.18;13
0.012936;31.01;13
0.012936;31.09;13
0.012936;31.10;13
0.012936;30.99;13
0.012936;30.99;13
0.012936;31.11;13
0.012936;31.05;13
0.012936;31.03;13
0.012936;31.01;13
0.012936;30.93;13
0.012936;30.95;13
0.012936;31.14;13
0.012936;31.20;13
0.012936;31.18;13
0.012917;31.06;14
0.012917;31.16;14
0.012917;30.39;14
0.012917;30.92;14
0.012917;31.03;14
0.012917;30.98;14
0.012917;31.07;14
0.012917;30.97;14
0.012917;30.76;14
0.012917;30.87;14
0.012917;31.36;14
0.012917;30.79;14
0.012917;30.96;14
0.012917;31.12;14
0.012917;30.68;14
0.012917;30.63;14
0.012917;30.72;14
0.012917;31.09;14
0.012917;30.77;14
0.012917;30.71;14
0.012917;30.91;14
0.012917;30.91;14
0.012917;30.79;14
0.012917;30.83;14
0.012917;30.92;14
0.012917;31.00;14
0.012917;31.31;14
0.012917;31.31;14
0.012917;31.27;14
0.012917;30.73;14
0.012917;30.71;14
0.012917;30.88;14
0.012917;31.30;14
0.012917;31.30;14
0.012917;31.06;14
0.012917;30.81;14
0.012917;30.75;14
0.012917;30.73;14
0.012917;31.06;14
0.012917;30.97;14
0.012917;31.07;14
0.012917;31.24;14
0.012917;31.18;14
0.012917;31.18;14
0.012917;31.08;14
0.012917;30.79;14
0.012917;30.99;14
0.012917;31.07;14
0.012917;31.03;14
0.012917;30.97;14
0.012911;30.99;14
0.012911;30.92;14
0.012911;31.06;14
0.012911;31.08;14
0.012911;31.12;14
0.012911;30.97;14
0.012911;30.77;14
0.012911;30.75;14
0.012911;30.64;14
0.012911;30.70;14
0.012911;31.02;14
0.012911;30.96;14
0.012911;31.25;14
0.012911;31.24;14
0.012911;31.07;14
0.012911;30.89;14
0.012911;30.91;14
0.012911;30.88;14
0.012911;30.71;14
0.012911;31.14;14
0.012911;31.18;14
0.012911;31.23;14
0.012911;30.75;14
0.012911;30.82;14
0.012911;30.80;14
0.012911;31.23;14
0.012911;30.96;14
0.012911;31.18;14
0.012911;31.12;14
0.012910;31.23;14
0.012910;30.84;14
0.012910;30.80;14
0.012910;30.79;14
0.012910;31.01;14
0.012910;31.22;14
0.012910;30.97;14
0.012910;31.24;14
0.012910;31.26;14
0.012910;31.06;14
0.012910;30.92;14
0.012910;31.50;14
0.012910;31.21;14
0.012910;31.53;14
0.012910;31.16;14
0.012910;31.29;14
0.012910;31.25;14
0.012910;31.40;14
0.012910;31.32;14
0.012910;31.27;14
0.012910;30.81;14
0.012912;30.77;15
0.012912;30.66;15
0.012912;30.61;15
0.012912;30.62;15
0.012912;31.03;15
0.012912;30.75;15
0.012912;30.63;15
0.012912;31.17;15
0.012912;31.18;15
0.012912;31.26;15
0.012912;31.03;15
0.012912;31.04;15
0.012912;30.75;15
0.012912;30.76;15
0.012912;30.62;15
0.012912;31.13;15
0.012912;31.16;15
0.012912;31.19;15
0.012912;31.13;15
0.012912;31.02;15
0.012912;31.02;15
0.012912;31.12;15
0.012912;30.82;15
0.012912;30.94;15
0.012912;31.38;15
0.012912;31.15;15
0.012912;30.70;15
0.012912;30.70;15
0.012912;30.89;15
0.012912;30.79;15
0.012912;30.72;15
0.012912;30.82;15
0.012912;30.92;15
0.012912;31.28;15
0.012912;31.22;15
0.012912;30.70;15
0.012912;30.72;15
0.012912;30.56;15
0.012912;31.02;15
0.012912;30.70;15
0.012912;30.99;15
0.012912;30.89;15
0.012912;31.29;15
0.012912;30.95;15
0.012912;31.01;15
0.012912;30.87;15
0.012912;30.97;15
0.012912;31.19;15
0.012912;31.46;15
0.012912;31.62;15
0.012926;30.96;15
0.012926;30.67;15
0.012926;30.81;15
0.012926;30.92;15
0.012926;30.73;15
0.012926;30.76;15
0.012926;31.16;15
0.012926;31.10;15
0.012926;31.10;15
0.012926;31.14;15
0.012926;31.23;15
0.012926;31.33;15
0.012926;31.05;15
0.012926;31.21;15
0.012926;30.66;15
0.012925;31.12;15
0.012925;31.12;15
0.012925;31.00;15
0.012925;30.76;15
0.012925;31.01;15
0.012925;30.81;15
0.012925;30.69;15
0.012925;30.99;15
0.012925;31.09;15
0.012925;30.93;15
0.012925;31.26;15
0.012925;31.30;15
0.012925;31.19;15
0.012925;31.22;15
0.012925;30.91;15
0.012925;30.88;15
0.012925;31.12;15
0.012925;31.08;15
0.012925;31.21;15
0.012925;31.14;15
0.012925;30.95;15
0.012924;30.96;15
0.012924;31.40;15
0.012924;31.26;15
0.012924;31.23;15
0.012924;31.27;15
0.012924;31.65;15
0.012924;30.73;15
0.012924;30.98;15
0.012924;31.11;15
0.012924;30.88;15
0.012924;30.83;15
0.012924;30.61;15
0.012924;31.31;15
0.012924;30.80;15
0.012911;31.06;16
0.012911;31.32;16
0.012911;31.03;16
0.012911;30.69;16
0.012911;31.15;16
0.012911;31.16;16
0.012911;31.15;16
0.012911;30.84;16
0.012911;31.31;16
0.012911;30.80;16
0.012911;30.99;16
0.012911;31.16;16
0.012911;31.12;16
0.012911;31.13;16
0.012911;30.92;16
0.012911;31.07;16
0.012911;31.19;16
0.012911;31.03;16
0.012911;30.85;16
0.012911;30.75;16
0.012911;30.85;16
0.012911;30.88;16
0.012911;31.15;16
0.012911;31.26;16
0.012911;31.22;16
0.012911;31.33;16
0.012911;31.31;16
0.012911;31.10;16
0.012911;31.06;16
0.012911;30.82;16
0.012911;31.04;16
0.012911;30.94;16
0.012911;30.71;16
0.012911;31.02;16
0.012911;30.91;16
0.012911;31.06;16
0.012911;31.08;16
0.012911;31.03;16
0.012911;31.09;16
0.012911;31.02;16
0.012911;31.36;16
0.012911;31.18;16
0.012911;30.73;16
0.012911;30.69;16
0.012911;31.25;16
0.012911;30.68;16
0.012911;31.14;16
0.012911;31.04;16
0.012911;31.16;16
0.012911;30.66;16
0.012927;30.64;16
0.012926;31.11;16
0.012926;30.97;16
0.012926;30.71;16
0.012926;30.80;16
0.012926;31.17;16
0.012926;31.05;16
0.012926;30.96;16
0.012926;30.54;16
0.012926;30.77;16
0.012926;30.77;16
0.012926;30.71;16
0.012926;30.79;16
0.012926;30.85;16
0.012926;30.89;16
0.012925;31.07;16
0.012925;31.33;16
0.012925;30.89;16
0.012925;30.81;16
0.012925;30.86;16
0.012925;31.01;16
0.012925;31.06;16
0.012925;30.95;16
0.012925;30.90;16
0.012925;30.83;16
0.012925;30.77;16
0.012925;30.86;16
0.012924;30.81;16
0.012924;30.84;16
0.012924;30.94;16
0.012924;31.13;16
0.012924;30.98;16
0.012924;31.03;16
0.012924;31.52;16
0.012924;31.15;16
0.012924;30.96;16
0.012923;30.65;16
0.012923;30.96;16
0.012923;30.99;16
0.012923;31.45;16
0.012923;30.98;16
0.012923;30.88;16
0.012923;31.22;16
0.012923;30.94;16
0.012922;31.00;16
0.012922;30.90;16
0.012922;31.03;16
0.012922;30.95;16
0.012922;30.85;16
0.012922;31.20;16
0.012916;30.97;17
0.012916;30.95;17
0.012916;31.05;17
0.012916;30.99;17
0.012916;31.08;17
0.012916;30.62;17
0.012916;30.89;17
0.012916;30.59;17
0.012916;30.53;17
0.012916;30.66;17
0.012916;30.74;17
0.012916;30.95;17
0.012916;30.83;17
0.012916;30.87;17
0.012916;30.86;17
0.012916;31.11;17
0.012916;30.96;17
0.012916;30.72;17
0.012916;30.73;17
0.012916;30.83;17
0.012916;30.73;17
0.012916;30.58;17
0.012916;30.77;17
0.012916;31.03;17
0.012916;30.96;17
0.012916;30.91;17
0.012916;31.20;17
0.012916;30.77;17
0.012916;31.15;17
0.012916;31.00;17
0.012916;31.00;17
0.012916;31.18;17
0.012916;30.86;17
0.012916;30.87;17
0.012916;30.73;17
0.012916;30.86;17
0.012916;31.18;17
0.012916;30.80;17
0.012916;30.88;17
0.012916;30.95;17
0.012916;31.28;17
0.012916;31.41;17
0.012916;31.17;17
0.012916;30.73;17
0.012916;30.55;17
0.012916;31.16;17
0.012916;31.25;17
0.012916;31.02;17
0.012916;31.17;17
0.012916;31.01;17
0.012915;30.77;17
0.012915;30.84;17
0.012914;30.69;17
0.012914;30.69;17
0.012914;31.02;17
0.012914;30.67;17
0.012914;30.60;17
0.012913;30.91;17
0.012913;30.62;17
0.012913;31.13;17
0.012913;31.25;17
0.012913;30.67;17
0.012912;30.72;17
0.012912;30.75;17
0.012912;31.12;17
0.012912;31.11;17
0.012911;31.10;17
0.012911;30.86;17
0.012911;30.77;17
0.012910;30.93;17
0.012910;30.69;17
0.012910;30.81;17
0.012909;30.88;17
0.012909;31.64;17
0.012909;30.89;17
0.012908;30.78;17
0.012908;30.95;17
0.012907;30.81;17
0.012907;31.02;17
0.012906;30.62;17
0.012906;30.94;17
0.012905;30.96;17
0.012905;30.76;17
0.012904;30.94;17
0.012904;31.19;17
0.012903;31.01;17
0.012902;31.07;17
0.012901;30.92;17
0.012901;30.86;17
0.012900;30.83;17
0.012899;30.77;17
0.012898;31.08;17
0.012896;30.87;17
0.012895;31.23;17
0.012894;31.10;17
0.012893;30.86;17
0.012891;30.82;17
0.012889;30.71;17
0.012888;30.85;17
0.012886;30.87;17
0.012871;30.41;18
0.012871;30.78;18
0.012871;30.72;18
0.012871;30.62;18
0.012871;30.83;18
0.012871;30.97;18
0.012871;30.55;18
0.012871;30.98;18
0.012871;30.68;18
0.012871;30.63;18
0.012871;30.71;18
0.012871;30.99;18
0.012871;30.98;18
0.012871;30.91;18
0.012871;31.01;18
0.012871;31.02;18
0.012871;31.18;18
0.012871;30.99;18
0.012871;31.23;18
0.012871;30.99;18
0.012871;30.96;18
0.012871;30.81;18
0.012871;30.88;18
0.012871;30.86;18
0.012871;31.07;18
0.012871;30.92;18
0.012871;30.94;18
0.012871;30.96;18
0.012871;30.62;18
0.012871;30.81;18
0.012871;30.90;18
0.012871;30.88;18
0.012871;30.98;18
0.012871;30.80;18
0.012871;31.24;18
0.012870;31.09;18
0.012870;31.09;18
0.012870;31.05;18
0.012870;31.33;18
0.012870;31.02;18
0.012870;30.94;18
0.012870;31.07;18
0.012870;31.24;18
0.012870;30.95;18
0.012870;30.69;18
0.012870;30.81;18
0.012870;30.87;18
0.012870;30.90;18
0.012870;31.10;18
0.012870;31.03;18
0.012892;30.88;18
0.012889;30.75;18
0.012886;30.81;18
0.012883;30.70;18
0.012880;30.72;18
0.012877;30.51;18
0.012873;30.70;18
0.012869;30.75;18
0.012864;30.56;18
0.012859;30.49;18
0.012854;30.60;18
0.012848;31.04;18
0.012841;30.83;18
0.012833;30.80;18
0.012824;30.80;18
0.012814;30.74;18
0.012802;30.71;18
0.012789;30.98;18
0.012773;30.77;18
0.012754;31.10;18
0.012731;31.14;18
0.012704;31.20;18
0.012669;31.06;18
