loss;elapsed_time;iteration
0.103567;45.60;0
0.094917;44.73;0
0.086827;44.84;0
0.076357;44.53;0
0.066007;44.43;0
0.058089;44.86;0
0.050549;44.61;0
0.042605;44.60;0
0.036166;44.82;0
0.031022;44.68;0
0.027724;44.65;0
0.025085;44.63;0
0.022846;44.61;0
0.021141;44.58;0
0.020132;43.81;0
0.018950;43.82;0
0.017803;43.90;0
0.016662;43.90;0
0.015707;43.98;0
0.014802;43.72;0
0.013952;43.85;0
0.013002;43.71;0
0.012463;43.81;0
0.011894;43.75;0
0.011490;43.52;0
0.010936;43.90;0
0.010243;44.06;0
0.009647;44.09;0
0.008876;43.84;0
0.007805;43.76;0
0.007119;43.68;0
0.006471;43.59;0
0.005950;43.42;0
0.005584;43.35;0
0.005269;43.44;0
0.004969;43.27;0
0.004692;43.44;0
0.004497;43.49;0
0.004347;43.53;0
0.004206;43.70;0
0.004038;43.68;0
0.003882;43.85;0
0.003762;43.94;0
0.003655;43.56;0
0.003544;43.60;0
0.003450;43.71;0
0.003378;43.91;0
0.003276;43.97;0
0.003177;44.19;0
0.003101;43.42;0
0.003022;43.57;0
0.002949;43.61;0
0.002866;43.61;0
0.002758;43.54;0
0.002704;43.76;0
0.002688;43.70;0
0.002670;43.51;0
0.002637;43.69;0
0.002597;43.82;0
0.002556;43.70;0
0.002524;43.60;0
0.002489;43.73;0
0.002461;43.85;0
0.002428;43.79;0
0.002390;43.86;0
0.002351;43.91;0
0.002317;43.64;0
0.002293;43.70;0
0.002274;43.94;0
0.002254;43.65;0
0.002237;43.33;0
0.002219;43.51;0
0.002204;43.73;0
0.002190;43.61;0
0.002180;43.78;0
0.002162;43.81;0
0.002142;43.88;0
0.002126;43.65;0
0.002116;43.55;0
0.002108;43.50;0
0.002089;44.13;0
0.002082;44.14;0
0.002066;44.11;0
0.002056;44.08;0
0.002048;43.48;0
0.002042;43.42;0
0.002037;43.21;0
0.002033;43.47;0
0.002029;43.33;0
0.002027;44.12;0
0.002025;43.40;0
0.002023;43.52;0
0.002021;44.05;0
0.002019;43.96;0
0.002018;43.85;0
0.002016;44.08;0
0.002013;43.40;0
0.002011;43.60;0
0.002010;43.71;0
0.002009;43.77;0
0.165573;43.14;1
0.143660;43.02;1
0.104261;42.95;1
0.076066;43.76;1
0.058378;43.23;1
0.048169;42.99;1
0.042076;43.15;1
0.037541;43.09;1
0.033527;42.98;1
0.029633;42.96;1
0.025608;42.94;1
0.021444;43.09;1
0.017430;42.97;1
0.013935;42.89;1
0.011342;42.91;1
0.009482;42.91;1
0.008157;42.78;1
0.007153;42.91;1
0.006330;42.87;1
0.005658;42.95;1
0.005131;43.27;1
0.004746;43.23;1
0.004466;42.84;1
0.004256;42.93;1
0.004073;42.80;1
0.003886;42.78;1
0.003697;42.76;1
0.003534;42.90;1
0.003407;42.95;1
0.003313;42.94;1
0.003253;43.03;1
0.003209;43.09;1
0.003179;43.00;1
0.003156;42.90;1
0.003121;42.97;1
0.003097;42.91;1
0.003082;42.84;1
0.003059;42.94;1
0.003021;42.90;1
0.002988;42.96;1
0.002925;43.05;1
0.002834;43.02;1
0.002725;42.95;1
0.002602;42.84;1
0.002471;42.95;1
0.002326;43.05;1
0.002216;42.96;1
0.002163;43.13;1
0.002136;43.14;1
0.002115;43.46;1
0.002085;44.65;1
0.002084;44.91;1
0.002084;43.70;1
0.002083;43.21;1
0.002082;43.25;1
0.002082;43.24;1
0.002081;43.01;1
0.002081;43.22;1
0.002081;43.37;1
0.002080;43.09;1
0.002080;43.12;1
0.002080;43.09;1
0.002079;43.13;1
0.002079;43.12;1
0.002079;43.04;1
0.002079;43.29;1
0.002079;43.03;1
0.002078;43.00;1
0.002078;43.12;1
0.002078;43.32;1
0.002078;43.31;1
0.002078;43.11;1
0.002078;43.05;1
0.002077;43.11;1
0.002077;43.16;1
0.002077;43.56;1
0.002077;43.01;1
0.002076;43.01;1
0.002076;43.13;1
0.002076;43.24;1
0.002076;43.00;1
0.002075;43.19;1
0.002075;43.07;1
0.002075;43.01;1
0.002075;43.17;1
0.002075;43.11;1
0.002075;43.03;1
0.002074;43.13;1
0.002074;43.17;1
0.002074;43.07;1
0.002074;43.20;1
0.002074;42.94;1
0.002074;43.06;1
0.002074;43.04;1
0.002073;43.31;1
0.002073;43.03;1
0.002073;43.13;1
0.002073;43.06;1
0.002073;43.80;1
0.002073;43.60;1
0.002092;43.65;2
0.002082;43.25;2
0.002073;43.24;2
0.002066;43.30;2
0.002059;43.28;2
0.002053;43.35;2
0.002047;43.24;2
0.002042;43.35;2
0.002038;43.24;2
0.002035;43.27;2
0.002032;43.29;2
0.002029;43.23;2
0.002026;43.34;2
0.002024;43.18;2
0.002022;43.13;2
0.002021;43.23;2
0.002019;43.14;2
0.002018;43.33;2
0.002017;43.21;2
0.002016;43.12;2
0.002015;43.12;2
0.002014;43.07;2
0.002013;42.76;2
0.002012;42.79;2
0.002011;42.95;2
0.002011;42.97;2
0.002010;42.85;2
0.002010;42.78;2
0.002010;42.96;2
0.002009;42.96;2
0.002009;42.88;2
0.002009;43.08;2
0.002008;42.96;2
0.002008;42.90;2
0.002008;42.91;2
0.002008;42.98;2
0.002007;42.92;2
0.002007;43.08;2
0.002007;43.07;2
0.002007;42.96;2
0.002007;42.95;2
0.002007;43.15;2
0.002007;43.00;2
0.002006;42.91;2
0.002006;42.95;2
0.002006;43.01;2
0.002006;43.01;2
0.002006;43.08;2
0.002006;43.12;2
0.002006;43.11;2
0.001999;43.17;2
0.001998;43.10;2
0.001998;42.98;2
0.001998;42.78;2
0.001998;42.95;2
0.001998;42.85;2
0.001998;42.71;2
0.001998;42.81;2
0.001998;42.95;2
0.001998;43.05;2
0.001998;42.89;2
0.001998;43.20;2
0.001998;42.96;2
0.001998;42.86;2
0.001998;42.90;2
0.001998;43.11;2
0.001998;43.05;2
0.001997;43.14;2
0.001997;43.11;2
0.001997;43.03;2
0.001997;42.98;2
0.001997;42.97;2
0.001997;43.01;2
0.001997;43.08;2
0.001997;43.01;2
0.001997;42.87;2
0.001997;43.12;2
0.001997;43.07;2
0.001997;43.47;2
0.001997;43.61;2
0.001997;43.01;2
0.001997;43.93;2
0.001997;43.71;2
0.001997;42.94;2
0.001997;43.02;2
0.001997;43.04;2
0.001997;43.02;2
0.001997;42.92;2
0.001997;43.15;2
0.001997;43.09;2
0.001996;42.97;2
0.001996;43.24;2
0.001996;43.22;2
0.001996;43.17;2
0.001996;43.12;2
0.001996;43.00;2
0.001996;42.99;2
0.001996;42.97;2
0.001996;43.01;2
0.001996;42.98;2
0.002003;42.93;3
0.002003;43.40;3
0.002003;43.01;3
0.002003;43.05;3
0.002003;43.06;3
0.002003;43.22;3
0.002003;43.03;3
0.002003;43.03;3
0.002003;43.10;3
0.002003;43.13;3
0.002003;43.23;3
0.002003;43.03;3
0.002003;42.97;3
0.002003;43.25;3
0.002003;43.13;3
0.002003;43.11;3
0.002002;43.05;3
0.002002;42.99;3
0.002002;43.03;3
0.002002;43.00;3
0.002002;42.97;3
0.002002;42.93;3
0.002002;43.13;3
0.002002;43.19;3
0.002002;43.12;3
0.002002;43.09;3
0.002002;43.09;3
0.002002;43.07;3
0.002002;43.13;3
0.002002;43.06;3
0.002002;42.87;3
0.002002;43.07;3
0.002002;42.97;3
0.002002;43.14;3
0.002002;43.07;3
0.002002;43.22;3
0.002002;43.10;3
0.002002;43.03;3
0.002002;44.12;3
0.002002;42.96;3
0.002002;43.08;3
0.002002;43.16;3
0.002002;43.15;3
0.002002;43.12;3
0.002002;43.24;3
0.002002;43.06;3
0.002002;43.15;3
0.002002;42.90;3
0.002002;43.07;3
0.002002;42.89;3
0.001998;42.87;3
0.001998;42.91;3
0.001998;43.16;3
0.001998;43.20;3
0.001998;43.35;3
0.001998;43.33;3
0.001998;43.17;3
0.001998;43.25;3
0.001998;43.19;3
0.001998;43.15;3
0.001997;43.32;3
0.001997;43.07;3
0.001997;43.18;3
0.001997;43.19;3
0.001997;43.37;3
0.001997;43.25;3
0.001997;43.24;3
0.001997;43.15;3
0.001997;43.21;3
0.001997;43.18;3
0.001997;42.99;3
0.001997;43.19;3
0.001997;43.24;3
0.001997;43.26;3
0.001997;43.19;3
0.001997;43.12;3
0.001997;43.03;3
0.001997;43.22;3
0.001997;43.08;3
0.001997;43.15;3
0.001997;43.09;3
0.001997;43.03;3
0.001997;43.11;3
0.001997;43.25;3
0.001997;43.18;3
0.001997;43.27;3
0.001997;43.20;3
0.001997;43.13;3
0.001997;43.17;3
0.001997;43.10;3
0.001997;43.09;3
0.001997;43.20;3
0.001997;43.17;3
0.001997;43.03;3
0.001997;43.13;3
0.001997;42.92;3
0.001997;43.20;3
0.001997;43.12;3
0.001997;43.11;3
0.001997;43.84;3
0.002003;43.50;4
0.002003;43.32;4
0.002003;43.23;4
0.002003;43.11;4
0.002003;43.23;4
0.002003;43.05;4
0.002003;43.06;4
0.002003;43.30;4
0.002003;43.26;4
0.002003;43.09;4
0.002003;43.15;4
0.002003;43.16;4
0.002003;43.14;4
0.002003;43.14;4
0.002003;43.20;4
0.002003;43.21;4
0.002003;42.96;4
0.002003;43.22;4
0.002003;43.21;4
0.002003;43.44;4
0.002003;43.31;4
0.002003;43.24;4
0.002003;43.07;4
0.002003;43.10;4
0.002003;43.22;4
0.002003;43.37;4
0.002003;43.43;4
0.002003;43.45;4
0.002003;43.15;4
0.002003;43.12;4
0.002003;43.04;4
0.002003;43.10;4
0.002003;43.23;4
0.002003;43.05;4
0.002003;43.18;4
0.002003;43.20;4
0.002003;43.15;4
0.002003;43.28;4
0.002003;43.08;4
0.002003;42.96;4
0.002003;43.10;4
0.002003;43.27;4
0.002003;42.99;4
0.002003;43.07;4
0.002003;43.07;4
0.002003;43.07;4
0.002003;43.36;4
0.002003;43.94;4
0.002003;43.79;4
0.002003;43.21;4
0.002000;42.95;4
0.002000;42.85;4
0.002000;42.83;4
0.002000;42.86;4
0.002000;43.01;4
0.002000;43.03;4
0.002000;42.96;4
0.002000;42.86;4
0.002000;43.19;4
0.002000;43.06;4
0.002000;43.09;4
0.002000;43.18;4
0.002000;43.33;4
0.002000;43.05;4
0.002000;42.95;4
0.002000;42.92;4
0.002000;43.06;4
0.002000;43.01;4
0.002000;43.09;4
0.002000;43.13;4
0.002000;43.04;4
0.002000;42.97;4
0.002000;43.10;4
0.002000;43.29;4
0.002000;43.09;4
0.002000;43.09;4
0.002000;43.06;4
0.002000;43.03;4
0.002000;43.15;4
0.002000;43.03;4
0.002000;42.96;4
0.002000;43.16;4
0.002000;43.10;4
0.002000;43.04;4
0.002000;42.94;4
0.002000;43.00;4
0.002000;43.02;4
0.002000;43.14;4
0.002000;43.07;4
0.002000;43.02;4
0.002000;42.92;4
0.002000;43.07;4
0.002000;43.18;4
0.002000;43.15;4
0.002000;43.01;4
0.002000;43.20;4
0.002000;43.13;4
0.002000;43.10;4
0.002000;43.31;4
0.002000;43.12;4
0.002001;42.98;5
0.002001;43.06;5
0.002001;42.94;5
0.002001;43.07;5
0.002001;43.27;5
0.002001;42.94;5
0.002001;43.14;5
0.002001;43.06;5
0.002001;43.01;5
0.002001;43.33;5
0.002001;44.39;5
0.002001;44.16;5
0.002001;43.02;5
0.002001;43.05;5
0.002001;43.21;5
0.002001;43.02;5
0.002001;42.89;5
0.002001;42.94;5
0.002001;42.88;5
0.002001;43.13;5
0.002001;43.35;5
0.002001;43.05;5
0.002001;43.10;5
0.002001;43.04;5
0.002001;43.02;5
0.002001;43.17;5
0.002001;43.00;5
0.002001;43.08;5
0.002001;43.14;5
0.002001;43.24;5
0.002001;43.06;5
0.002001;43.05;5
0.002001;43.01;5
0.002001;43.00;5
0.002001;43.17;5
0.002001;42.84;5
0.002001;43.02;5
0.002001;43.03;5
0.002001;43.11;5
0.002001;43.20;5
0.002001;43.07;5
0.002001;43.03;5
0.002001;43.09;5
0.002001;43.07;5
0.002001;43.04;5
0.002001;43.07;5
0.002001;43.04;5
0.002000;43.19;5
0.002000;42.95;5
0.002000;43.34;5
0.002002;42.93;5
0.002002;42.94;5
0.002002;42.85;5
0.002002;42.96;5
0.002002;42.90;5
0.002002;42.77;5
0.002002;43.10;5
0.002002;42.95;5
0.002002;43.13;5
0.002002;43.00;5
0.002002;43.09;5
0.002002;43.11;5
0.002002;42.97;5
0.002002;42.86;5
0.002002;42.95;5
0.002002;42.91;5
0.002002;42.78;5
0.002002;42.79;5
0.002002;42.83;5
0.002002;42.92;5
0.002002;42.74;5
0.002002;43.44;5
0.002002;42.75;5
0.002002;42.72;5
0.002002;42.95;5
0.002002;42.79;5
0.002002;42.88;5
0.002002;42.80;5
0.002002;42.78;5
0.002002;42.75;5
0.002002;42.75;5
0.002002;42.79;5
0.002002;42.97;5
0.002002;42.82;5
0.002002;43.01;5
0.002002;42.94;5
0.002002;42.86;5
0.002002;42.72;5
0.002002;42.83;5
0.002002;42.83;5
0.002002;42.97;5
0.002002;42.93;5
0.002002;42.88;5
0.002002;43.03;5
0.002002;43.08;5
0.002002;42.91;5
0.002002;43.12;5
0.002002;43.14;5
0.002002;43.21;5
0.002002;42.83;5
0.001994;43.83;6
0.001994;43.11;6
0.001994;42.98;6
0.001994;43.36;6
0.001994;43.21;6
0.001994;42.95;6
0.001994;43.54;6
0.001994;43.39;6
0.001994;43.30;6
0.001994;43.25;6
0.001994;42.86;6
0.001994;42.88;6
0.001994;43.18;6
0.001994;42.91;6
0.001994;42.93;6
0.001994;43.02;6
0.001994;43.15;6
0.001994;42.83;6
0.001994;43.00;6
0.001994;42.97;6
0.001994;42.96;6
0.001993;43.04;6
0.001993;42.91;6
0.001993;43.09;6
0.001993;43.11;6
0.001993;42.92;6
0.001993;42.99;6
0.001993;43.10;6
0.001993;43.04;6
0.001993;43.57;6
0.001993;43.04;6
0.001993;42.84;6
0.001993;43.08;6
0.001993;43.10;6
0.001993;42.98;6
0.001993;42.88;6
0.001993;42.96;6
0.001993;42.98;6
0.001993;42.94;6
0.001993;42.93;6
0.001993;42.83;6
0.001993;42.79;6
0.001993;42.90;6
0.001993;43.02;6
0.001993;43.33;6
0.001993;42.86;6
0.001993;43.06;6
0.001993;42.95;6
0.001993;42.91;6
0.001993;43.12;6
0.002008;42.93;6
0.002008;43.03;6
0.002008;42.93;6
0.002008;43.04;6
0.002008;43.03;6
0.002008;42.85;6
0.002008;42.94;6
0.002008;43.04;6
0.002008;42.85;6
0.002008;43.04;6
0.002008;42.80;6
0.002008;43.01;6
0.002008;43.01;6
0.002008;42.92;6
0.002008;42.89;6
0.002008;43.07;6
0.002008;42.96;6
0.002008;42.93;6
0.002008;43.12;6
0.002008;43.00;6
0.002008;43.05;6
0.002008;43.47;6
0.002008;42.91;6
0.002008;42.97;6
0.002008;43.06;6
0.002008;42.91;6
0.002008;42.89;6
0.002008;42.84;6
0.002008;42.69;6
0.002008;42.88;6
0.002008;43.02;6
0.002008;42.96;6
0.002008;43.08;6
0.002008;43.16;6
0.002008;43.14;6
0.002008;43.20;6
0.002008;43.09;6
0.002008;43.09;6
0.002008;43.21;6
0.002008;42.76;6
0.002008;42.87;6
0.002008;43.03;6
0.002008;42.88;6
0.002008;42.97;6
0.002008;43.06;6
0.002008;43.36;6
0.002008;43.24;6
0.002008;43.08;6
0.002008;43.16;6
0.002008;43.01;6
0.001999;42.92;7
0.001999;42.94;7
0.001999;42.88;7
0.001999;43.01;7
0.001999;42.94;7
0.001999;42.92;7
0.001999;43.42;7
0.001999;42.99;7
0.001999;43.07;7
0.001998;43.79;7
0.001998;42.94;7
0.001998;43.25;7
0.001998;42.95;7
0.001998;42.96;7
0.001998;42.90;7
0.001998;42.86;7
0.001998;42.80;7
0.001998;42.90;7
0.001998;42.95;7
0.001998;43.01;7
0.001998;42.88;7
0.001998;43.00;7
0.001998;42.85;7
0.001998;42.92;7
0.001998;42.92;7
0.001998;42.86;7
0.001998;42.85;7
0.001998;42.82;7
0.001998;42.88;7
0.001998;43.04;7
0.001998;42.95;7
0.001998;42.96;7
0.001998;42.95;7
0.001998;42.98;7
0.001998;43.02;7
0.001998;42.89;7
0.001997;43.10;7
0.001997;44.48;7
0.001997;43.19;7
0.001997;43.38;7
0.001997;43.10;7
0.001997;43.42;7
0.001997;43.33;7
0.001997;43.34;7
0.001997;43.21;7
0.001997;43.27;7
0.001997;43.32;7
0.001997;43.38;7
0.001997;43.22;7
0.001997;43.33;7
0.002012;43.04;7
0.002012;43.15;7
0.002012;43.22;7
0.002012;43.25;7
0.002012;43.15;7
0.002012;43.22;7
0.002012;43.14;7
0.002012;43.21;7
0.002012;43.02;7
0.002012;42.82;7
0.002012;42.88;7
0.002012;42.84;7
0.002012;42.88;7
0.002012;42.90;7
0.002012;43.02;7
0.002012;43.86;7
0.002012;42.75;7
0.002012;43.08;7
0.002012;43.12;7
0.002012;42.91;7
0.002012;42.98;7
0.002012;42.94;7
0.002012;43.15;7
0.002012;43.24;7
0.002012;43.77;7
0.002012;43.32;7
0.002012;43.15;7
0.002012;43.05;7
0.002012;43.05;7
0.002012;43.08;7
0.002012;43.00;7
0.002012;43.15;7
0.002012;43.11;7
0.002012;42.95;7
0.002012;42.86;7
0.002012;42.93;7
0.002012;43.06;7
0.002012;42.97;7
0.002012;42.93;7
0.002012;43.16;7
0.002012;42.91;7
0.002012;43.11;7
0.002012;43.00;7
0.002012;43.00;7
0.002012;43.25;7
0.002012;42.90;7
0.002012;43.09;7
0.002012;42.97;7
0.002012;42.88;7
0.002012;42.99;7
0.001990;42.80;8
0.001990;42.86;8
0.001990;42.94;8
0.001990;42.87;8
0.001990;42.91;8
0.001990;42.87;8
0.001990;43.01;8
0.001990;42.83;8
0.001990;42.85;8
0.001990;42.92;8
0.001990;42.91;8
0.001990;42.75;8
0.001990;42.89;8
0.001990;42.95;8
0.001990;43.41;8
0.001990;43.31;8
0.001990;43.03;8
0.001990;43.08;8
0.001989;43.07;8
0.001989;43.04;8
0.001989;42.95;8
0.001989;43.15;8
0.001989;43.03;8
0.001989;42.95;8
0.001989;43.38;8
0.001989;43.96;8
0.001989;42.86;8
0.001989;42.98;8
0.001989;42.92;8
0.001989;42.92;8
0.001989;43.17;8
0.001989;42.96;8
0.001989;43.09;8
0.001989;43.13;8
0.001989;43.09;8
0.001989;43.12;8
0.001989;42.94;8
0.001989;43.03;8
0.001989;42.89;8
0.001989;43.03;8
0.001989;43.14;8
0.001989;43.00;8
0.001989;43.10;8
0.001989;43.03;8
0.001989;43.27;8
0.001989;43.08;8
0.001989;43.18;8
0.001989;43.10;8
0.001989;43.03;8
0.001989;43.12;8
0.002009;42.99;8
0.002009;42.87;8
0.002009;42.89;8
0.002009;42.87;8
0.002009;42.94;8
0.002009;42.92;8
0.002009;43.41;8
0.002009;43.11;8
0.002009;43.09;8
0.002009;43.15;8
0.002009;43.68;8
0.002009;43.10;8
0.002009;42.90;8
0.002009;43.06;8
0.002009;42.88;8
0.002009;43.10;8
0.002009;42.93;8
0.002009;42.82;8
0.002009;42.95;8
0.002009;43.12;8
0.002009;43.03;8
0.002009;43.14;8
0.002008;43.14;8
0.002008;42.99;8
0.002008;43.32;8
0.002008;43.05;8
0.002008;43.07;8
0.002008;43.11;8
0.002007;43.15;8
0.002007;43.05;8
0.002007;43.09;8
0.002007;43.10;8
0.002007;43.00;8
0.002007;43.15;8
0.002007;43.02;8
0.002007;43.03;8
0.002007;42.90;8
0.002007;43.16;8
0.002007;42.96;8
0.002006;43.17;8
0.002006;42.96;8
0.002006;43.06;8
0.002006;43.19;8
0.002006;43.23;8
0.002006;43.29;8
0.002006;43.20;8
0.002006;43.03;8
0.002006;43.09;8
0.002006;43.76;8
0.002006;43.18;8
0.001998;43.26;9
0.001998;43.46;9
0.001998;43.46;9
0.001998;43.65;9
0.001998;43.27;9
0.001998;43.05;9
0.001998;43.17;9
0.001998;42.95;9
0.001998;43.07;9
0.001998;43.14;9
0.001998;43.07;9
0.001998;43.01;9
0.001998;43.17;9
0.001998;43.12;9
0.001998;43.16;9
0.001998;43.09;9
0.001998;43.11;9
0.001998;43.16;9
0.001998;43.12;9
0.001998;43.07;9
0.001998;43.07;9
0.001998;43.00;9
0.001998;42.81;9
0.001998;42.85;9
0.001998;42.89;9
0.001998;42.89;9
0.001998;42.96;9
0.001998;42.76;9
0.001998;42.85;9
0.001997;42.82;9
0.001997;42.92;9
0.001997;42.84;9
0.001997;42.93;9
0.001997;42.89;9
0.001997;42.89;9
0.001997;42.92;9
0.001997;42.83;9
0.001997;42.97;9
0.001997;43.01;9
0.001997;42.98;9
0.001997;42.79;9
0.001997;42.90;9
0.001997;42.83;9
0.001997;42.98;9
0.001997;43.00;9
0.001997;43.09;9
0.001997;43.14;9
0.001997;43.10;9
0.001997;42.98;9
0.001996;43.07;9
0.001999;42.83;9
0.001999;42.86;9
0.001998;42.93;9
0.001998;42.82;9
0.001998;42.89;9
0.001998;42.87;9
0.001998;42.84;9
0.001998;42.88;9
0.001998;42.93;9
0.001998;42.91;9
0.001998;42.78;9
0.001998;43.25;9
0.001997;42.98;9
0.001997;43.01;9
0.001997;43.08;9
0.001997;43.00;9
0.001997;43.03;9
0.001997;42.98;9
0.001997;42.92;9
0.001997;42.89;9
0.001997;43.03;9
0.001997;43.17;9
0.001997;42.98;9
0.001996;42.98;9
0.001996;42.97;9
0.001996;42.97;9
0.001996;42.85;9
0.001996;42.72;9
0.001996;42.81;9
0.001996;42.95;9
0.001996;42.69;9
0.001996;43.12;9
0.001996;42.83;9
0.001995;43.04;9
0.001995;43.00;9
0.001995;43.15;9
0.001995;42.91;9
0.001995;42.87;9
0.001995;42.84;9
0.001995;42.91;9
0.001995;42.94;9
0.001995;42.88;9
0.001995;42.89;9
0.001995;42.95;9
0.001995;42.98;9
0.001995;43.00;9
0.001994;43.05;9
0.001994;42.82;9
0.001994;42.97;9
0.001994;43.09;9
0.001999;43.00;10
0.001998;43.09;10
0.001998;43.11;10
0.001998;43.21;10
0.001998;43.04;10
0.001998;43.24;10
0.001998;42.94;10
0.001998;42.99;10
0.001998;43.00;10
0.001998;42.80;10
0.001998;43.08;10
0.001998;43.00;10
0.001997;42.98;10
0.001997;43.07;10
0.001997;43.10;10
0.001997;43.03;10
0.001997;43.13;10
0.001997;43.26;10
0.001997;43.20;10
0.001997;43.07;10
0.001997;43.08;10
0.001997;43.11;10
0.001997;43.16;10
0.001997;43.07;10
0.001997;43.04;10
0.001997;43.06;10
0.001996;43.09;10
0.001996;43.02;10
0.001996;42.93;10
0.001996;43.05;10
0.001996;42.95;10
0.001996;43.03;10
0.001996;42.82;10
0.001996;42.94;10
0.001996;42.73;10
0.001996;43.37;10
0.001996;43.02;10
0.001996;42.93;10
0.001996;43.03;10
0.001996;43.03;10
0.001996;42.87;10
0.001996;42.97;10
0.001996;42.85;10
0.001996;42.94;10
0.001995;42.85;10
0.001995;42.82;10
0.001995;42.76;10
0.001995;42.88;10
0.001995;42.89;10
0.001995;42.79;10
0.001982;42.77;10
0.001982;42.91;10
0.001982;42.91;10
0.001982;42.89;10
0.001981;43.01;10
0.001981;42.91;10
0.001981;42.94;10
0.001981;43.00;10
0.001981;42.80;10
0.001981;42.68;10
0.001981;42.86;10
0.001981;42.93;10
0.001981;43.00;10
0.001981;42.78;10
0.001981;43.01;10
0.001981;42.86;10
0.001981;42.87;10
0.001981;42.77;10
0.001981;42.78;10
0.001981;42.70;10
0.001981;42.77;10
0.001981;42.74;10
0.001981;42.87;10
0.001981;42.86;10
0.001981;43.10;10
0.001981;42.78;10
0.001980;42.96;10
0.001980;42.77;10
0.001980;42.96;10
0.001980;42.96;10
0.001980;42.93;10
0.001980;43.04;10
0.001980;42.70;10
0.001980;42.88;10
0.001980;43.00;10
0.001980;42.77;10
0.001980;42.83;10
0.001980;42.99;10
0.001980;42.90;10
0.001980;42.89;10
0.001980;42.99;10
0.001980;42.81;10
0.001980;42.96;10
0.001980;43.01;10
0.001980;43.00;10
0.001980;42.92;10
0.001979;43.05;10
0.001979;43.10;10
0.001979;43.37;10
0.001979;43.78;10
0.001980;43.45;11
0.001980;42.92;11
0.001980;43.67;11
0.001980;43.43;11
0.001979;43.44;11
0.001979;42.94;11
0.001979;43.04;11
0.001979;42.91;11
0.001979;42.89;11
0.001979;42.85;11
0.001979;42.86;11
0.001979;42.87;11
0.001979;42.94;11
0.001979;42.94;11
0.001979;43.00;11
0.001979;43.06;11
0.001979;43.02;11
0.001979;42.92;11
0.001979;42.85;11
0.001979;42.89;11
0.001979;43.00;11
0.001979;42.98;11
0.001979;42.94;11
0.001979;42.88;11
0.001979;43.08;11
0.001979;43.08;11
0.001979;43.11;11
0.001979;43.10;11
0.001979;42.91;11
0.001979;42.78;11
0.001979;43.07;11
0.001979;42.98;11
0.001979;43.06;11
0.001979;43.14;11
0.001979;42.99;11
0.001979;43.12;11
0.001979;43.06;11
0.001979;43.12;11
0.001979;43.08;11
0.001979;42.93;11
0.001979;43.06;11
0.001979;42.89;11
0.001979;42.85;11
0.001979;42.91;11
0.001979;42.89;11
0.001978;43.01;11
0.001978;43.00;11
0.001978;43.20;11
0.001978;43.16;11
0.001978;42.92;11
0.001969;43.09;11
0.001969;43.02;11
0.001969;43.02;11
0.001969;43.02;11
0.001969;42.95;11
0.001969;43.09;11
0.001969;42.82;11
0.001968;42.88;11
0.001968;43.20;11
0.001968;43.10;11
0.001968;43.10;11
0.001968;43.07;11
0.001968;42.97;11
0.001968;43.00;11
0.001968;43.04;11
0.001968;42.95;11
0.001968;42.95;11
0.001968;42.94;11
0.001968;42.83;11
0.001968;42.89;11
0.001968;42.89;11
0.001968;43.06;11
0.001968;42.89;11
0.001968;42.90;11
0.001968;42.92;11
0.001968;42.90;11
0.001968;42.95;11
0.001967;42.95;11
0.001967;42.79;11
0.001967;42.91;11
0.001967;42.85;11
0.001967;42.88;11
0.001967;43.08;11
0.001967;43.27;11
0.001967;42.96;11
0.001967;42.85;11
0.001967;42.79;11
0.001967;42.81;11
0.001967;42.68;11
0.001967;42.85;11
0.001967;42.80;11
0.001967;42.69;11
0.001967;42.81;11
0.001967;42.81;11
0.001967;42.80;11
0.001967;42.86;11
0.001967;42.94;11
0.001967;42.86;11
0.001966;42.95;11
0.001966;42.97;11
0.001985;42.87;12
0.001985;42.90;12
0.001985;43.22;12
0.001985;43.11;12
0.001985;44.18;12
0.001985;43.52;12
0.001985;43.22;12
0.001985;43.07;12
0.001985;43.17;12
0.001985;43.20;12
0.001985;43.11;12
0.001985;43.22;12
0.001985;43.24;12
0.001985;43.18;12
0.001985;44.11;12
0.001985;44.24;12
0.001985;43.17;12
0.001984;43.31;12
0.001984;43.24;12
0.001984;43.33;12
0.001984;43.36;12
0.001984;43.20;12
0.001984;43.16;12
0.001984;43.29;12
0.001984;43.09;12
0.001984;43.23;12
0.001984;42.96;12
0.001984;42.93;12
0.001984;42.96;12
0.001984;43.29;12
0.001984;43.17;12
0.001984;43.48;12
0.001984;43.56;12
0.001984;43.29;12
0.001984;43.50;12
0.001984;43.55;12
0.001984;42.94;12
0.001984;43.02;12
0.001984;43.16;12
0.001984;43.13;12
0.001984;43.05;12
0.001984;43.12;12
0.001984;42.96;12
0.001984;43.14;12
0.001984;42.99;12
0.001984;43.12;12
0.001984;43.02;12
0.001984;43.07;12
0.001984;43.07;12
0.001984;43.47;12
0.001960;43.33;12
0.001960;42.99;12
0.001960;42.88;12
0.001960;42.92;12
0.001960;43.20;12
0.001960;43.00;12
0.001960;43.13;12
0.001960;43.11;12
0.001960;43.01;12
0.001959;43.01;12
0.001959;43.04;12
0.001959;43.03;12
0.001959;42.92;12
0.001959;42.95;12
0.001959;42.98;12
0.001959;42.98;12
0.001959;42.99;12
0.001959;43.08;12
0.001959;43.01;12
0.001959;43.02;12
0.001959;43.17;12
0.001959;43.07;12
0.001959;43.00;12
0.001959;43.07;12
0.001959;42.90;12
0.001959;42.95;12
0.001959;42.81;12
0.001959;42.96;12
0.001958;42.95;12
0.001958;42.86;12
0.001958;42.92;12
0.001958;42.79;12
0.001958;43.08;12
0.001958;43.17;12
0.001958;43.09;12
0.001958;43.25;12
0.001958;42.72;12
0.001958;43.15;12
0.001958;43.04;12
0.001958;42.93;12
0.001958;42.89;12
0.001957;42.94;12
0.001957;43.03;12
0.001957;42.89;12
0.001957;42.99;12
0.001957;43.07;12
0.001957;43.06;12
0.001957;42.93;12
0.001957;42.85;12
0.001957;42.95;12
0.001988;43.26;13
0.001988;43.00;13
0.001988;43.22;13
0.001988;43.12;13
0.001988;42.98;13
0.001988;43.08;13
0.001988;43.06;13
0.001988;42.80;13
0.001988;42.86;13
0.001988;43.00;13
0.001988;43.03;13
0.001988;42.91;13
0.001988;43.18;13
0.001988;42.98;13
0.001988;42.92;13
0.001988;43.11;13
0.001988;43.16;13
0.001988;43.05;13
0.001988;43.07;13
0.001988;43.10;13
0.001988;43.02;13
0.001988;43.01;13
0.001988;43.09;13
0.001988;43.06;13
0.001988;43.03;13
0.001988;43.23;13
0.001988;43.04;13
0.001988;43.70;13
0.001987;43.09;13
0.001987;43.13;13
0.001987;43.17;13
0.001987;43.05;13
0.001987;42.98;13
0.001987;43.01;13
0.001987;43.06;13
0.001987;42.98;13
0.001987;43.01;13
0.001987;42.99;13
0.001987;42.98;13
0.001987;42.98;13
0.001987;43.24;13
0.001987;42.85;13
0.001987;43.09;13
0.001987;43.25;13
0.001987;42.97;13
0.001987;43.00;13
0.001987;43.00;13
0.001987;43.40;13
0.001987;43.22;13
0.001987;43.17;13
0.001958;42.69;13
0.001958;42.66;13
0.001958;42.75;13
0.001958;42.77;13
0.001958;42.78;13
0.001958;42.69;13
0.001958;42.95;13
0.001957;42.80;13
0.001957;42.79;13
0.001957;42.64;13
0.001957;42.69;13
0.001957;42.75;13
0.001957;42.72;13
0.001957;42.57;13
0.001957;42.58;13
0.001957;42.63;13
0.001957;42.92;13
0.001957;43.17;13
0.001957;43.02;13
0.001957;42.69;13
0.001957;43.38;13
0.001957;43.08;13
0.001956;42.94;13
0.001956;43.18;13
0.001956;42.79;13
0.001956;42.82;13
0.001956;42.70;13
0.001956;42.70;13
0.001956;42.97;13
0.001956;42.86;13
0.001956;42.80;13
0.001956;42.62;13
0.001956;42.66;13
0.001956;42.79;13
0.001956;42.83;13
0.001956;42.81;13
0.001955;42.87;13
0.001955;43.05;13
0.001955;42.82;13
0.001955;42.93;13
0.001955;43.03;13
0.001955;42.97;13
0.001955;42.90;13
0.001955;42.75;13
0.001955;42.73;13
0.001955;42.80;13
0.001955;42.83;13
0.001955;42.79;13
0.001955;43.09;13
0.001955;43.09;13
0.001976;42.84;14
0.001976;42.86;14
0.001976;43.23;14
0.001976;43.22;14
0.001976;43.27;14
0.001976;43.05;14
0.001976;43.02;14
0.001976;43.10;14
0.001976;42.87;14
0.001976;42.87;14
0.001976;42.90;14
0.001976;43.16;14
0.001976;44.16;14
0.001976;43.17;14
0.001976;43.17;14
0.001976;43.14;14
0.001976;43.02;14
0.001976;42.84;14
0.001976;42.84;14
0.001976;43.02;14
0.001976;43.02;14
0.001976;43.13;14
0.001976;42.98;14
0.001976;43.10;14
0.001976;43.11;14
0.001976;43.03;14
0.001976;42.77;14
0.001976;42.80;14
0.001976;42.73;14
0.001976;43.07;14
0.001976;43.12;14
0.001976;43.07;14
0.001976;43.03;14
0.001976;42.78;14
0.001976;43.18;14
0.001976;43.20;14
0.001976;43.02;14
0.001976;42.97;14
0.001976;43.09;14
0.001976;43.00;14
0.001976;43.14;14
0.001976;43.17;14
0.001976;43.02;14
0.001976;42.84;14
0.001976;42.97;14
0.001976;42.82;14
0.001976;42.83;14
0.001976;43.01;14
0.001976;43.07;14
0.001976;42.91;14
0.001953;42.78;14
0.001953;42.97;14
0.001953;42.96;14
0.001953;43.12;14
0.001953;42.98;14
0.001953;42.96;14
0.001953;42.99;14
0.001953;42.90;14
0.001953;42.85;14
0.001953;42.94;14
0.001953;42.92;14
0.001953;42.85;14
0.001952;42.88;14
0.001952;42.91;14
0.001952;43.03;14
0.001952;43.00;14
0.001952;43.08;14
0.001952;43.00;14
0.001952;42.97;14
0.001952;42.86;14
0.001952;42.98;14
0.001952;42.82;14
0.001952;43.10;14
0.001952;43.03;14
0.001952;43.06;14
0.001952;42.90;14
0.001952;43.03;14
0.001951;42.87;14
0.001951;42.89;14
0.001951;42.91;14
0.001951;43.09;14
0.001951;43.01;14
0.001951;43.02;14
0.001951;42.93;14
0.001951;42.95;14
0.001951;42.94;14
0.001951;42.89;14
0.001951;43.06;14
0.001951;42.94;14
0.001951;42.94;14
0.001950;43.01;14
0.001950;43.00;14
0.001950;43.02;14
0.001950;42.95;14
0.001950;42.80;14
0.001950;42.81;14
0.001950;42.95;14
0.001950;42.99;14
0.001950;42.90;14
0.001950;43.19;14
0.001969;42.85;15
0.001969;42.90;15
0.001969;42.96;15
0.001969;43.04;15
0.001969;42.86;15
0.001969;42.97;15
0.001969;43.02;15
0.001969;43.18;15
0.001969;43.07;15
0.001969;42.98;15
0.001969;43.04;15
0.001969;42.95;15
0.001969;43.20;15
0.001969;43.26;15
0.001969;42.99;15
0.001969;43.09;15
0.001969;43.22;15
0.001969;43.17;15
0.001969;43.08;15
0.001969;43.12;15
0.001969;43.13;15
0.001969;43.14;15
0.001969;42.95;15
0.001969;42.97;15
0.001969;44.08;15
0.001969;43.77;15
0.001969;42.96;15
0.001969;42.79;15
0.001969;42.98;15
0.001969;43.15;15
0.001969;43.06;15
0.001969;42.92;15
0.001969;42.86;15
0.001969;42.88;15
0.001969;43.04;15
0.001969;42.93;15
0.001969;42.99;15
0.001969;43.47;15
0.001969;43.13;15
0.001969;43.11;15
0.001969;43.20;15
0.001969;43.07;15
0.001969;42.95;15
0.001969;42.84;15
0.001969;42.85;15
0.001969;42.91;15
0.001969;42.79;15
0.001969;42.91;15
0.001969;42.80;15
0.001969;42.97;15
0.001950;42.91;15
0.001950;42.84;15
0.001950;42.90;15
0.001950;42.88;15
0.001950;42.90;15
0.001950;42.84;15
0.001950;42.78;15
0.001950;42.67;15
0.001950;42.69;15
0.001950;42.70;15
0.001950;42.91;15
0.001949;42.80;15
0.001949;42.76;15
0.001949;42.82;15
0.001949;42.78;15
0.001949;43.00;15
0.001949;43.00;15
0.001949;43.23;15
0.001949;42.85;15
0.001949;42.78;15
0.001949;42.83;15
0.001949;42.81;15
0.001949;42.83;15
0.001949;42.89;15
0.001949;42.89;15
0.001949;42.77;15
0.001949;42.82;15
0.001949;42.86;15
0.001949;42.82;15
0.001948;42.81;15
0.001948;42.89;15
0.001948;42.91;15
0.001948;42.97;15
0.001948;42.82;15
0.001948;43.47;15
0.001948;43.67;15
0.001948;43.05;15
0.001948;43.00;15
0.001948;43.05;15
0.001948;42.86;15
0.001948;43.10;15
0.001948;43.06;15
0.001948;42.94;15
0.001948;42.93;15
0.001948;43.07;15
0.001948;42.96;15
0.001948;43.02;15
0.001948;43.03;15
0.001947;42.80;15
0.001947;43.01;15
0.001973;42.88;16
0.001973;42.87;16
0.001973;43.09;16
0.001973;43.02;16
0.001973;43.01;16
0.001973;43.07;16
0.001973;42.98;16
0.001973;42.99;16
0.001973;42.90;16
0.001973;43.11;16
0.001973;43.54;16
0.001973;42.95;16
0.001973;42.92;16
0.001973;43.11;16
0.001972;42.88;16
0.001972;42.69;16
0.001972;42.84;16
0.001972;42.72;16
0.001972;42.94;16
0.001972;42.80;16
0.001972;43.04;16
0.001972;42.70;16
0.001972;42.76;16
0.001972;42.86;16
0.001972;42.80;16
0.001972;42.85;16
0.001972;42.73;16
0.001972;42.70;16
0.001972;42.81;16
0.001972;42.78;16
0.001972;43.22;16
0.001972;42.82;16
0.001972;42.96;16
0.001972;42.75;16
0.001972;42.86;16
0.001972;42.85;16
0.001972;43.02;16
0.001972;42.92;16
0.001972;42.94;16
0.001972;42.84;16
0.001972;42.81;16
0.001972;42.92;16
0.001972;42.67;16
0.001972;42.85;16
0.001972;42.84;16
0.001972;42.72;16
0.001972;42.97;16
0.001972;42.80;16
0.001972;42.91;16
0.001972;42.99;16
0.001949;43.39;16
0.001949;43.33;16
0.001949;43.41;16
0.001949;43.29;16
0.001949;43.38;16
0.001949;43.51;16
0.001949;43.32;16
0.001949;43.81;16
0.001949;43.63;16
0.001949;43.24;16
0.001949;43.28;16
0.001949;43.52;16
0.001948;43.29;16
0.001948;43.12;16
0.001948;43.01;16
0.001948;43.00;16
0.001948;43.32;16
0.001948;43.07;16
0.001948;43.01;16
0.001948;43.11;16
0.001948;42.91;16
0.001948;42.84;16
0.001948;43.02;16
0.001948;42.88;16
0.001948;42.99;16
0.001948;42.89;16
0.001948;43.05;16
0.001948;42.83;16
0.001948;42.96;16
0.001947;43.00;16
0.001947;43.00;16
0.001947;42.81;16
0.001947;42.94;16
0.001947;42.84;16
0.001947;43.03;16
0.001947;43.13;16
0.001947;42.95;16
0.001947;42.98;16
0.001947;42.92;16
0.001947;43.16;16
0.001947;42.96;16
0.001947;42.91;16
0.001946;43.05;16
0.001946;42.96;16
0.001946;42.99;16
0.001946;42.91;16
0.001946;43.17;16
0.001946;43.09;16
0.001946;43.04;16
0.001946;43.12;16
0.001965;43.91;17
0.001965;43.28;17
0.001965;43.11;17
0.001965;43.07;17
0.001965;43.11;17
0.001965;42.89;17
0.001965;42.88;17
0.001965;42.83;17
0.001965;42.95;17
0.001965;43.00;17
0.001965;42.86;17
0.001965;42.96;17
0.001965;43.01;17
0.001965;42.95;17
0.001965;42.94;17
0.001964;42.94;17
0.001964;42.82;17
0.001964;42.76;17
0.001964;42.63;17
0.001964;42.88;17
0.001964;42.79;17
0.001964;42.86;17
0.001964;42.76;17
0.001964;42.72;17
0.001964;42.75;17
0.001964;42.75;17
0.001964;42.82;17
0.001964;42.82;17
0.001964;42.87;17
0.001964;42.74;17
0.001964;42.86;17
0.001964;42.86;17
0.001964;42.84;17
0.001964;42.89;17
0.001964;43.25;17
0.001964;42.82;17
0.001964;42.73;17
0.001964;42.96;17
0.001964;42.70;17
0.001964;42.67;17
0.001964;42.80;17
0.001964;42.78;17
0.001964;42.82;17
0.001964;43.16;17
0.001964;42.78;17
0.001964;42.83;17
0.001964;42.90;17
0.001964;42.70;17
0.001964;42.90;17
0.001964;42.96;17
0.001944;42.93;17
0.001944;42.92;17
0.001944;42.99;17
0.001944;42.95;17
0.001943;43.35;17
0.001943;43.64;17
0.001943;43.16;17
0.001943;42.85;17
0.001943;42.96;17
0.001943;42.83;17
0.001943;42.83;17
0.001943;42.88;17
0.001943;43.01;17
0.001943;42.95;17
0.001943;42.99;17
0.001943;42.95;17
0.001943;42.93;17
0.001942;42.90;17
0.001942;42.88;17
0.001942;43.05;17
0.001942;42.95;17
0.001942;42.99;17
0.001942;42.99;17
0.001942;42.85;17
0.001942;43.10;17
0.001942;43.00;17
0.001942;42.92;17
0.001942;42.93;17
0.001942;42.89;17
0.001942;42.96;17
0.001942;42.86;17
0.001942;42.95;17
0.001942;42.92;17
0.001942;42.82;17
0.001942;42.91;17
0.001941;42.88;17
0.001941;43.15;17
0.001941;42.85;17
0.001941;42.88;17
0.001941;42.91;17
0.001941;42.92;17
0.001941;42.93;17
0.001941;42.94;17
0.001941;42.93;17
0.001941;42.95;17
0.001941;42.76;17
0.001941;43.13;17
0.001941;42.93;17
0.001941;42.90;17
0.001941;42.91;17
0.001953;44.13;18
0.001953;42.85;18
0.001953;42.93;18
0.001953;42.92;18
0.001953;42.78;18
0.001953;42.64;18
0.001953;42.76;18
0.001953;42.97;18
0.001953;42.93;18
0.001953;43.00;18
0.001953;42.82;18
0.001953;42.92;18
0.001953;42.74;18
0.001953;42.88;18
0.001953;42.89;18
0.001953;42.77;18
0.001953;42.91;18
0.001953;42.96;18
0.001953;42.83;18
0.001953;42.80;18
0.001953;42.78;18
0.001953;42.78;18
0.001953;42.95;18
0.001953;42.80;18
0.001953;42.85;18
0.001953;42.82;18
0.001953;42.80;18
0.001953;42.74;18
0.001953;42.86;18
0.001953;42.77;18
0.001953;43.10;18
0.001953;42.87;18
0.001953;42.90;18
0.001953;42.99;18
0.001953;42.78;18
0.001953;43.06;18
0.001953;43.00;18
0.001953;43.09;18
0.001953;42.79;18
0.001953;42.97;18
0.001953;42.88;18
0.001953;42.92;18
0.001953;42.94;18
0.001953;42.88;18
0.001953;42.88;18
0.001953;43.01;18
0.001953;43.18;18
0.001953;43.34;18
0.001953;42.86;18
0.001953;43.26;18
0.001940;43.78;18
0.001940;43.88;18
0.001940;43.69;18
0.001940;43.50;18
0.001940;43.73;18
0.001940;43.46;18
0.001940;43.46;18
0.001940;43.51;18
0.001940;43.46;18
0.001940;43.55;18
0.001940;43.71;18
0.001939;43.67;18
0.001939;43.98;18
0.001939;43.49;18
0.001939;43.72;18
0.001939;43.73;18
0.001939;43.48;18
0.001939;43.52;18
0.001939;43.62;18
0.001939;43.73;18
0.001939;43.55;18
0.001939;43.77;18
0.001939;43.46;18
0.001939;43.61;18
0.001939;43.52;18
0.001939;43.70;18
0.001939;43.85;18
0.001939;43.43;18
0.001939;43.78;18
0.001939;43.29;18
0.001939;44.05;18
0.001939;43.73;18
0.001939;43.52;18
0.001939;43.70;18
0.001939;43.52;18
0.001939;43.48;18
0.001938;43.61;18
0.001938;43.85;18
0.001938;43.86;18
0.001938;43.51;18
0.001938;43.50;18
0.001938;43.40;18
0.001938;43.77;18
0.001938;43.65;18
0.001938;43.73;18
0.001938;43.63;18
0.001938;43.80;18
0.001938;43.58;18
0.001938;43.56;18
0.001938;43.60;18
0.001943;43.65;19
0.001943;43.68;19
0.001943;43.42;19
0.001943;43.26;19
0.001943;43.38;19
0.001943;43.38;19
0.001943;43.18;19
0.001943;43.29;19
0.001943;43.30;19
0.001943;43.47;19
0.001943;43.55;19
0.001943;43.78;19
0.001943;43.44;19
0.001943;43.57;19
0.001943;43.58;19
0.001943;43.85;19
0.001943;43.31;19
0.001943;43.75;19
0.001943;43.21;19
0.001943;43.35;19
0.001943;43.29;19
0.001943;43.39;19
0.001943;43.38;19
0.001943;43.21;19
0.001943;43.38;19
0.001943;43.84;19
0.001943;43.80;19
0.001943;44.06;19
0.001943;50.30;19
0.001943;45.33;19
0.001943;44.20;19
0.001943;44.52;19
0.001943;44.58;19
0.001943;44.12;19
0.001943;44.10;19
0.001943;44.23;19
0.001943;44.49;19
0.001943;44.31;19
0.001943;44.63;19
0.001943;44.55;19
0.001943;44.79;19
0.001943;44.77;19
0.001943;44.55;19
0.001943;44.38;19
0.001943;44.46;19
0.001943;44.62;19
0.001943;44.35;19
0.001943;44.52;19
0.001943;44.36;19
0.001943;44.23;19
0.001939;44.04;19
0.001939;43.15;19
0.001939;43.10;19
0.001939;43.19;19
0.001939;43.20;19
0.001938;43.49;19
0.001938;43.49;19
0.001938;43.34;19
0.001938;43.12;19
0.001938;43.36;19
0.001938;43.15;19
0.001938;43.35;19
0.001938;43.32;19
0.001938;43.28;19
0.001938;43.24;19
0.001938;43.38;19
0.001938;43.46;19
0.001938;43.47;19
0.001938;43.21;19
0.001938;43.20;19
0.001938;43.36;19
0.001938;43.13;19
0.001938;43.30;19
0.001938;43.15;19
0.001938;43.27;19
0.001938;43.55;19
0.001938;43.39;19
0.001938;43.31;19
0.001938;43.21;19
0.001938;43.25;19
0.001938;43.07;19
0.001938;43.23;19
0.001938;43.26;19
0.001938;43.80;19
0.001938;43.15;19
0.001938;43.18;19
0.001938;43.16;19
0.001938;43.28;19
0.001938;43.24;19
0.001938;43.28;19
0.001938;43.19;19
0.001938;43.21;19
0.001938;43.15;19
0.001938;43.15;19
0.001938;43.13;19
0.001938;43.30;19
0.001938;43.20;19
0.001938;43.21;19
0.001938;43.28;19
0.001938;43.32;19
