loss;elapsed time;iteration
0.279613;29.10;0
0.005971;28.27;0
0.003314;28.08;0
0.002618;27.95;0
0.002334;28.32;0
0.002196;27.93;0
0.002150;27.90;0
0.002079;28.70;0
0.002097;28.09;0
0.002045;28.14;0
0.002063;28.00;0
0.002142;28.02;0
0.002036;28.18;0
0.002070;28.15;0
0.002012;27.95;0
0.002010;28.43;0
0.002036;28.13;0
0.002010;28.24;0
0.002046;28.02;0
0.002011;27.92;0
0.002006;28.03;0
0.002011;28.04;0
0.002009;28.06;0
0.002015;28.18;0
0.002006;28.21;0
0.002005;28.66;0
0.002031;28.49;0
0.002016;28.22;0
0.002004;28.31;0
0.002007;28.15;0
0.002004;28.19;0
0.002006;28.09;0
0.002004;28.13;0
0.002006;27.92;0
0.002054;27.98;0
0.002017;28.06;0
0.002002;27.92;0
0.002007;28.10;0
0.002012;28.03;0
0.002013;28.09;0
0.002005;28.10;0
0.002005;28.39;0
0.002002;28.01;0
0.002020;28.14;0
0.002004;27.97;0
0.002004;28.04;0
0.002004;28.14;0
0.002004;28.26;0
0.002005;28.21;0
0.002005;28.48;0
0.002032;28.20;0
0.002002;28.26;0
0.002036;28.57;0
0.002062;28.18;0
0.002008;28.16;0
0.002023;28.66;0
0.002003;28.84;0
0.002011;28.97;0
0.002002;29.10;0
0.002002;28.77;0
0.002006;28.62;0
0.002052;28.59;0
0.002057;28.54;0
0.002003;28.33;0
0.002004;28.00;0
0.002003;28.43;0
0.002005;28.53;0
0.002060;28.49;0
0.002001;28.58;0
0.002009;28.60;0
0.002009;28.51;0
0.002073;28.19;0
0.002000;28.23;0
0.002004;28.29;0
0.002006;28.10;0
0.002048;28.22;0
0.002000;28.24;0
0.002023;28.05;0
0.002002;28.18;0
0.001995;27.72;0
0.002006;27.75;0
0.002022;27.74;0
0.002046;28.41;0
0.002005;28.87;0
0.002019;28.61;0
0.001992;28.25;0
0.001989;28.15;0
0.002001;27.96;0
0.002024;27.99;0
0.001998;28.28;0
0.001997;28.37;0
0.001990;28.45;0
0.001999;28.52;0
0.002027;28.22;0
0.001993;28.18;0
0.001986;28.25;0
0.001982;28.42;0
0.001995;28.00;0
0.001990;28.42;0
0.002007;28.20;0
0.158412;28.25;1
0.005126;28.28;1
0.002936;28.27;1
0.002394;28.41;1
0.002201;28.67;1
0.002178;28.35;1
0.002068;28.30;1
0.002045;28.92;1
0.002043;28.96;1
0.002020;28.68;1
0.002042;27.95;1
0.002014;28.13;1
0.002015;28.50;1
0.002033;28.45;1
0.002000;28.41;1
0.002003;28.65;1
0.002004;28.98;1
0.002020;28.45;1
0.002105;28.29;1
0.001995;28.14;1
0.001987;28.04;1
0.002016;27.93;1
0.002044;28.20;1
0.002004;28.35;1
0.001999;27.98;1
0.001989;28.11;1
0.001993;28.10;1
0.001986;28.19;1
0.002010;28.21;1
0.002021;28.40;1
0.001987;28.48;1
0.001997;28.57;1
0.001994;28.60;1
0.001998;28.43;1
0.001991;28.36;1
0.001988;28.29;1
0.001987;28.37;1
0.002013;28.52;1
0.001987;28.55;1
0.001985;28.34;1
0.002000;28.29;1
0.001998;28.54;1
0.002127;27.96;1
0.002061;28.41;1
0.001998;28.01;1
0.001985;28.67;1
0.001988;28.28;1
0.002249;28.85;1
0.002028;28.25;1
0.002009;28.84;1
0.001982;28.28;1
0.001980;28.10;1
0.001981;28.44;1
0.001981;28.75;1
0.001983;28.23;1
0.001979;27.91;1
0.001978;28.14;1
0.001979;28.20;1
0.001978;27.96;1
0.001985;28.28;1
0.001978;28.52;1
0.001982;28.34;1
0.001978;28.55;1
0.001986;28.45;1
0.001984;28.43;1
0.001997;28.75;1
0.001979;28.70;1
0.001977;28.27;1
0.001978;28.41;1
0.001976;28.21;1
0.001976;28.38;1
0.001983;28.33;1
0.001974;28.54;1
0.001978;28.26;1
0.001977;28.23;1
0.001974;27.85;1
0.001980;28.32;1
0.001979;28.60;1
0.001976;28.40;1
0.001973;28.31;1
0.001977;28.48;1
0.001980;28.65;1
0.001975;28.31;1
0.001976;28.13;1
0.001974;28.48;1
0.001976;28.67;1
0.001977;28.08;1
0.001974;28.57;1
0.001976;28.59;1
0.001973;28.69;1
0.001977;28.19;1
0.001976;28.45;1
0.001975;28.29;1
0.001974;28.59;1
0.001971;28.70;1
0.001971;28.26;1
0.001972;28.33;1
0.001972;28.32;1
0.001972;28.11;1
0.001972;28.63;1
0.001974;28.32;2
0.001967;28.33;2
0.001978;28.14;2
0.001976;28.05;2
0.001979;28.33;2
0.001973;28.30;2
0.001986;28.01;2
0.001978;28.33;2
0.001975;28.07;2
0.001974;28.40;2
0.001979;28.28;2
0.001970;28.49;2
0.001987;28.40;2
0.001974;28.37;2
0.001974;28.31;2
0.001972;28.12;2
0.001977;28.14;2
0.001973;28.20;2
0.001977;28.06;2
0.001982;27.98;2
0.001973;28.26;2
0.001972;28.24;2
0.001982;28.26;2
0.001984;28.21;2
0.001971;28.24;2
0.001986;28.02;2
0.001972;28.19;2
0.001975;28.49;2
0.001976;28.41;2
0.001972;28.25;2
0.001977;28.22;2
0.001976;28.46;2
0.001969;28.24;2
0.001983;28.24;2
0.001975;28.67;2
0.001975;28.47;2
0.001973;28.64;2
0.001973;28.57;2
0.001971;28.20;2
0.001971;28.43;2
0.001966;28.50;2
0.001977;28.10;2
0.001971;28.08;2
0.001980;28.25;2
0.001969;28.16;2
0.001972;28.44;2
0.001974;28.45;2
0.001977;28.43;2
0.001982;28.12;2
0.001970;27.87;2
0.001984;28.15;2
0.001996;27.83;2
0.001994;27.78;2
0.001992;28.00;2
0.001992;28.12;2
0.001992;28.38;2
0.002001;27.98;2
0.001994;28.10;2
0.001992;28.29;2
0.001993;28.31;2
0.001995;28.11;2
0.001991;28.16;2
0.001991;28.02;2
0.001990;28.28;2
0.001987;28.12;2
0.001999;28.11;2
0.001996;28.57;2
0.001999;28.24;2
0.001989;28.50;2
0.001992;28.15;2
0.001991;28.43;2
0.001983;28.08;2
0.002013;28.00;2
0.001987;27.95;2
0.001992;28.13;2
0.001993;28.13;2
0.001980;28.32;2
0.001986;28.12;2
0.001976;28.21;2
0.001995;27.94;2
0.001989;28.33;2
0.001996;27.92;2
0.001987;28.03;2
0.001993;28.21;2
0.001991;28.30;2
0.001977;28.51;2
0.001993;28.27;2
0.001989;28.62;2
0.001972;28.12;2
0.001995;28.45;2
0.001989;28.20;2
0.001981;28.11;2
0.002003;28.02;2
0.001987;28.21;2
0.001981;28.27;2
0.002001;28.16;2
0.001992;28.37;2
0.002008;28.23;2
0.001990;28.46;2
0.002003;28.42;2
0.001962;28.40;3
0.001957;28.40;3
0.001963;28.19;3
0.001965;28.03;3
0.001964;28.02;3
0.001967;28.17;3
0.001964;28.23;3
0.001958;28.65;3
0.001966;28.38;3
0.001965;28.79;3
0.001963;28.35;3
0.001957;28.26;3
0.001960;28.27;3
0.001962;28.29;3
0.001968;28.53;3
0.001963;28.22;3
0.001960;28.29;3
0.001962;28.04;3
0.001961;28.15;3
0.001960;28.23;3
0.001968;28.18;3
0.001958;28.17;3
0.001959;28.07;3
0.001962;28.30;3
0.001959;28.31;3
0.001962;28.57;3
0.001956;28.53;3
0.001963;28.53;3
0.001967;28.44;3
0.001972;28.37;3
0.001973;28.64;3
0.001962;28.50;3
0.001971;28.41;3
0.001975;28.33;3
0.001971;28.31;3
0.001969;28.25;3
0.001973;28.42;3
0.001973;28.32;3
0.001960;28.27;3
0.001956;28.35;3
0.001961;28.23;3
0.001961;28.53;3
0.001955;28.57;3
0.001963;28.51;3
0.001957;28.24;3
0.001955;28.66;3
0.001953;28.35;3
0.001956;28.54;3
0.001954;28.53;3
0.001959;28.41;3
0.001947;28.95;3
0.001956;28.46;3
0.001948;28.31;3
0.001947;28.14;3
0.001990;28.34;3
0.001962;28.54;3
0.001986;28.73;3
0.001947;28.47;3
0.001950;28.96;3
0.001946;28.57;3
0.001946;28.20;3
0.001947;28.47;3
0.001963;28.02;3
0.001956;28.20;3
0.001983;27.71;3
0.001968;27.75;3
0.002013;28.01;3
0.001946;28.19;3
0.001945;28.18;3
0.001950;28.08;3
0.001981;28.13;3
0.001959;28.27;3
0.001945;28.03;3
0.001946;28.33;3
0.001958;28.27;3
0.001947;28.12;3
0.001949;28.18;3
0.001946;28.17;3
0.001950;28.13;3
0.001949;28.53;3
0.001945;28.60;3
0.001948;28.57;3
0.001945;28.12;3
0.001957;28.11;3
0.001944;28.22;3
0.001956;28.53;3
0.001958;28.33;3
0.001944;28.50;3
0.001975;28.39;3
0.001944;28.15;3
0.001946;28.31;3
0.001944;28.47;3
0.002026;28.14;3
0.001962;27.99;3
0.001977;28.64;3
0.001961;28.57;3
0.001945;28.35;3
0.001948;28.09;3
0.001966;28.20;3
0.001944;28.28;3
0.001954;28.22;4
0.001955;28.60;4
0.001946;28.47;4
0.001944;28.65;4
0.001942;28.30;4
0.001948;28.83;4
0.001950;28.26;4
0.001946;28.46;4
0.001943;28.60;4
0.001946;28.68;4
0.001947;28.32;4
0.001942;28.50;4
0.001945;28.81;4
0.001951;28.32;4
0.001950;28.55;4
0.001945;28.30;4
0.001955;28.30;4
0.001949;27.97;4
0.001947;28.07;4
0.001949;28.43;4
0.001947;28.43;4
0.001946;28.47;4
0.001943;28.43;4
0.001945;28.43;4
0.001943;28.55;4
0.001942;28.70;4
0.001941;28.45;4
0.001941;28.02;4
0.001941;28.10;4
0.001950;28.09;4
0.001944;28.20;4
0.001949;28.09;4
0.001943;28.25;4
0.001950;28.17;4
0.001943;28.76;4
0.001945;28.74;4
0.001955;28.66;4
0.001948;28.53;4
0.001949;28.26;4
0.001942;28.27;4
0.001941;28.23;4
0.001945;28.49;4
0.001948;28.43;4
0.001947;28.40;4
0.001955;28.29;4
0.001941;28.41;4
0.001950;28.38;4
0.001941;28.43;4
0.001943;28.35;4
0.001946;28.37;4
0.001954;28.51;4
0.001957;27.95;4
0.001949;27.99;4
0.001974;27.92;4
0.001961;28.32;4
0.001971;28.04;4
0.001949;28.02;4
0.001947;28.28;4
0.001957;28.16;4
0.001967;28.25;4
0.001963;28.36;4
0.001963;28.33;4
0.001966;28.22;4
0.001955;28.13;4
0.001953;28.06;4
0.001961;28.42;4
0.001961;28.43;4
0.001964;28.42;4
0.001960;28.41;4
0.001959;28.08;4
0.001966;28.41;4
0.001961;28.52;4
0.001967;28.46;4
0.001970;28.43;4
0.001967;28.17;4
0.001963;28.08;4
0.001946;28.31;4
0.001969;28.49;4
0.001965;28.16;4
0.001948;28.19;4
0.001959;28.06;4
0.001969;28.40;4
0.001966;28.68;4
0.001966;28.10;4
0.001948;28.13;4
0.001957;28.26;4
0.001947;28.09;4
0.001949;28.20;4
0.001958;28.16;4
0.001950;28.49;4
0.001952;28.50;4
0.001961;28.65;4
0.001961;28.30;4
0.001960;28.31;4
0.001947;28.22;4
0.001956;28.38;4
0.001953;28.45;4
0.001959;28.30;4
0.001945;28.32;4
0.001954;28.33;4
0.001945;28.26;5
0.001959;28.35;5
0.001949;27.98;5
0.001943;28.27;5
0.001949;28.05;5
0.001943;28.01;5
0.001950;28.07;5
0.001949;28.07;5
0.001964;28.15;5
0.001947;27.95;5
0.001955;28.51;5
0.001943;28.02;5
0.001955;28.19;5
0.001955;28.31;5
0.001946;28.15;5
0.001941;27.99;5
0.001951;28.50;5
0.001956;28.27;5
0.001948;28.46;5
0.001947;28.44;5
0.001949;28.37;5
0.001945;28.35;5
0.001940;28.22;5
0.001947;28.25;5
0.001948;27.81;5
0.001944;28.40;5
0.001948;28.33;5
0.001948;28.96;5
0.001953;28.73;5
0.001942;28.87;5
0.001951;28.48;5
0.001937;28.49;5
0.001959;28.48;5
0.001950;28.37;5
0.001940;28.40;5
0.001945;28.36;5
0.001951;28.37;5
0.001942;28.37;5
0.001956;28.43;5
0.001947;28.36;5
0.001948;28.75;5
0.001945;29.02;5
0.001951;28.36;5
0.001951;28.10;5
0.001947;28.02;5
0.001948;28.22;5
0.001945;28.06;5
0.001952;28.24;5
0.001940;28.30;5
0.001949;28.61;5
0.001937;28.41;5
0.001934;27.65;5
0.001934;28.05;5
0.001934;28.04;5
0.001937;28.21;5
0.001935;28.27;5
0.001937;28.47;5
0.001934;28.26;5
0.001935;28.17;5
0.001934;28.19;5
0.001994;28.25;5
0.001933;28.22;5
0.001935;28.31;5
0.001932;28.42;5
0.001934;28.31;5
0.001933;28.49;5
0.001933;28.17;5
0.001932;28.44;5
0.001933;28.73;5
0.001933;28.40;5
0.001932;28.27;5
0.001933;28.02;5
0.001933;28.02;5
0.001933;28.29;5
0.001933;28.37;5
0.001935;27.97;5
0.001932;28.26;5
0.001932;28.15;5
0.001933;28.20;5
0.001933;28.26;5
0.001933;28.11;5
0.001933;28.22;5
0.001934;28.42;5
0.001932;28.27;5
0.001932;28.38;5
0.001932;28.57;5
0.001931;28.39;5
0.001933;28.03;5
0.001933;28.15;5
0.001933;28.01;5
0.001932;28.10;5
0.001933;28.06;5
0.001931;28.23;5
0.001932;28.43;5
0.001932;28.15;5
0.001936;28.11;5
0.001932;28.22;5
0.001931;28.23;5
0.001933;27.95;5
0.001932;28.16;5
0.001947;28.33;6
0.001953;28.19;6
0.001934;28.29;6
0.001948;28.31;6
0.001962;28.30;6
0.001945;28.41;6
0.001953;28.29;6
0.001938;28.47;6
0.001936;28.20;6
0.001930;28.49;6
0.001935;28.30;6
0.001930;28.23;6
0.001959;28.42;6
0.001942;27.98;6
0.001945;28.22;6
0.001951;28.21;6
0.001937;28.49;6
0.001948;28.51;6
0.001933;28.57;6
0.001927;28.34;6
0.001935;28.12;6
0.001956;28.32;6
0.001960;28.81;6
0.001957;28.92;6
0.001949;28.22;6
0.001945;28.75;6
0.001942;28.72;6
0.001953;28.20;6
0.001932;27.97;6
0.001941;28.04;6
0.001938;27.94;6
0.001945;27.94;6
0.001939;28.01;6
0.001944;28.09;6
0.001951;28.19;6
0.001948;28.77;6
0.001934;28.84;6
0.001934;28.72;6
0.001951;28.55;6
0.001940;28.21;6
0.001952;28.14;6
0.001953;28.06;6
0.001932;28.51;6
0.001944;28.13;6
0.001951;28.16;6
0.001945;28.06;6
0.001949;28.20;6
0.001953;28.40;6
0.001957;28.03;6
0.001960;28.47;6
0.001946;28.06;6
0.001970;28.34;6
0.001964;28.35;6
0.001948;27.92;6
0.001960;28.19;6
0.001965;28.15;6
0.001947;28.02;6
0.001948;28.16;6
0.001947;28.32;6
0.001954;28.40;6
0.001948;28.70;6
0.001958;28.64;6
0.001945;28.32;6
0.001947;28.43;6
0.001943;28.27;6
0.001946;28.25;6
0.001944;28.24;6
0.001963;28.24;6
0.001946;28.56;6
0.001944;28.11;6
0.001961;28.60;6
0.001949;28.39;6
0.001946;28.37;6
0.001948;28.04;6
0.001949;28.53;6
0.001950;28.34;6
0.001954;28.39;6
0.001943;28.38;6
0.001944;28.48;6
0.001960;28.32;6
0.001949;28.42;6
0.001950;28.35;6
0.001950;28.32;6
0.001946;28.36;6
0.001946;28.50;6
0.001945;28.60;6
0.001943;28.33;6
0.001948;28.41;6
0.002023;28.28;6
0.001945;28.48;6
0.001956;28.31;6
0.001958;28.47;6
0.001947;28.30;6
0.001952;28.43;6
0.001954;28.88;6
0.001956;27.97;6
0.001944;28.22;6
0.001943;28.36;6
0.001957;28.59;6
0.001961;28.33;6
0.001920;28.38;7
0.001918;28.27;7
0.001918;28.23;7
0.001920;28.29;7
0.001920;28.54;7
0.001922;28.37;7
0.001926;28.29;7
0.001920;28.23;7
0.001917;28.20;7
0.001919;28.46;7
0.001918;28.66;7
0.001918;28.12;7
0.001927;28.58;7
0.001920;28.45;7
0.001924;28.23;7
0.001917;28.56;7
0.001917;28.70;7
0.001917;28.95;7
0.001916;29.09;7
0.001920;28.92;7
0.001918;28.45;7
0.001923;28.27;7
0.001917;28.46;7
0.001927;28.61;7
0.001920;28.40;7
0.001919;28.41;7
0.001918;28.36;7
0.001921;28.30;7
0.001918;28.40;7
0.001919;28.43;7
0.001918;28.47;7
0.001917;28.40;7
0.001917;28.03;7
0.001916;27.94;7
0.001918;28.52;7
0.001917;28.78;7
0.001920;28.60;7
0.001917;28.73;7
0.001919;28.68;7
0.001927;28.39;7
0.001920;28.18;7
0.001922;28.31;7
0.001918;28.14;7
0.001920;28.30;7
0.001919;28.62;7
0.001919;29.10;7
0.001919;28.66;7
0.001919;28.50;7
0.001928;28.92;7
0.001917;28.22;7
0.001937;28.36;7
0.001935;28.01;7
0.001936;28.09;7
0.001939;28.11;7
0.001938;28.29;7
0.001938;28.27;7
0.001937;28.04;7
0.001935;28.18;7
0.001940;28.30;7
0.001937;28.26;7
0.001937;28.15;7
0.001941;28.40;7
0.001937;28.05;7
0.001946;28.38;7
0.001937;28.13;7
0.001937;28.22;7
0.001938;28.07;7
0.001936;27.99;7
0.001937;28.18;7
0.001938;28.52;7
0.001938;28.51;7
0.001938;28.45;7
0.001935;28.24;7
0.001937;28.08;7
0.001937;28.26;7
0.001936;28.28;7
0.001936;28.55;7
0.001938;29.02;7
0.001940;28.15;7
0.001947;28.04;7
0.001948;28.64;7
0.001939;28.68;7
0.001937;27.95;7
0.001936;28.10;7
0.001939;28.18;7
0.001940;28.09;7
0.001937;28.06;7
0.001937;28.22;7
0.001947;28.22;7
0.001939;28.15;7
0.001937;28.51;7
0.001938;28.37;7
0.001937;28.24;7
0.001936;28.09;7
0.001935;28.10;7
0.001937;27.87;7
0.001941;28.32;7
0.001935;28.40;7
0.001936;28.50;7
0.001938;28.45;7
0.001926;28.14;8
0.001929;28.18;8
0.001933;27.94;8
0.001927;28.22;8
0.001927;28.47;8
0.001930;28.51;8
0.001926;28.13;8
0.001931;28.53;8
0.001929;28.74;8
0.001926;28.70;8
0.001927;28.73;8
0.001924;28.07;8
0.001926;28.25;8
0.001934;28.09;8
0.001925;27.91;8
0.001932;28.33;8
0.001930;28.74;8
0.001929;28.75;8
0.001930;28.20;8
0.001929;28.09;8
0.001930;28.28;8
0.001932;28.21;8
0.001925;28.12;8
0.001933;28.42;8
0.001925;28.08;8
0.001928;28.17;8
0.001924;28.02;8
0.001926;28.18;8
0.001927;28.56;8
0.001927;28.54;8
0.001923;28.69;8
0.001927;28.78;8
0.001927;28.28;8
0.001925;28.38;8
0.001933;28.26;8
0.001936;28.52;8
0.001927;28.24;8
0.001928;28.31;8
0.001923;28.13;8
0.001928;27.92;8
0.001927;28.33;8
0.001925;28.46;8
0.001930;28.08;8
0.001929;28.11;8
0.001924;28.17;8
0.001941;28.31;8
0.001931;28.23;8
0.001926;28.46;8
0.001929;28.40;8
0.001925;28.37;8
0.001927;28.41;8
0.001927;28.17;8
0.001932;28.02;8
0.001931;28.12;8
0.001929;28.40;8
0.001926;28.24;8
0.001932;28.36;8
0.001928;28.46;8
0.001931;28.18;8
0.001961;28.23;8
0.001928;28.23;8
0.001926;28.18;8
0.001928;28.11;8
0.001927;28.07;8
0.001924;28.29;8
0.001930;28.27;8
0.001927;28.71;8
0.001928;28.33;8
0.001924;28.49;8
0.001929;28.53;8
0.001927;28.79;8
0.001927;28.15;8
0.001929;28.84;8
0.001933;28.76;8
0.001946;28.69;8
0.001926;28.90;8
0.001926;28.50;8
0.001928;28.20;8
0.001938;28.24;8
0.001932;28.29;8
0.001932;28.26;8
0.001935;28.28;8
0.001924;28.24;8
0.001938;28.58;8
0.001935;28.69;8
0.001951;28.66;8
0.001926;28.31;8
0.001929;28.17;8
0.001928;28.54;8
0.001945;28.18;8
0.001929;28.11;8
0.001941;28.43;8
0.001933;28.22;8
0.001933;28.20;8
0.001927;28.09;8
0.001927;28.10;8
0.001935;28.58;8
0.001932;28.86;8
0.001927;28.73;8
0.001924;28.70;8
0.001925;28.41;9
0.001930;28.62;9
0.001927;28.53;9
0.001931;28.14;9
0.001931;27.93;9
0.001924;28.06;9
0.001932;28.14;9
0.001930;28.39;9
0.001930;28.38;9
0.001935;28.38;9
0.001932;28.27;9
0.001923;28.24;9
0.001924;28.33;9
0.001925;28.15;9
0.001929;28.15;9
0.001932;28.19;9
0.001930;28.31;9
0.001930;28.31;9
0.001926;28.31;9
0.001924;28.26;9
0.001924;28.32;9
0.001928;28.39;9
0.001932;28.27;9
0.001928;28.34;9
0.001933;28.13;9
0.001932;28.52;9
0.001937;28.33;9
0.001927;28.27;9
0.001929;28.20;9
0.001928;28.08;9
0.001933;28.29;9
0.001929;28.32;9
0.001934;28.19;9
0.001929;28.28;9
0.001937;28.09;9
0.001931;28.24;9
0.001931;28.15;9
0.001929;28.29;9
0.001923;28.42;9
0.001926;28.19;9
0.001927;28.26;9
0.001934;28.12;9
0.001927;28.25;9
0.001931;28.29;9
0.001922;28.27;9
0.001931;28.75;9
0.001932;28.42;9
0.001927;28.38;9
0.001926;28.43;9
0.001933;28.34;9
0.001926;28.10;9
0.001942;27.78;9
0.001922;27.87;9
0.001920;27.73;9
0.001916;27.74;9
0.001921;27.77;9
0.001917;28.22;9
0.001931;28.14;9
0.001925;28.07;9
0.001932;28.32;9
0.001915;28.11;9
0.001921;28.23;9
0.001917;28.25;9
0.001915;27.95;9
0.001926;28.01;9
0.001919;27.92;9
0.001922;27.86;9
0.001914;27.81;9
0.001916;28.16;9
0.001917;28.20;9
0.001916;28.19;9
0.001919;28.36;9
0.001925;28.33;9
0.001916;28.17;9
0.001938;28.19;9
0.001914;28.22;9
0.001930;28.22;9
0.001923;28.18;9
0.001922;28.13;9
0.001913;27.98;9
0.001915;28.33;9
0.001922;28.20;9
0.001924;28.38;9
0.001920;28.33;9
0.001919;27.90;9
0.001921;27.98;9
0.001920;28.27;9
0.001915;28.15;9
0.001912;28.20;9
0.001921;28.18;9
0.001920;28.35;9
0.001922;28.18;9
0.001916;27.85;9
0.001913;28.25;9
0.001914;28.15;9
0.001918;28.30;9
0.001924;28.14;9
0.001915;28.46;9
0.001920;28.20;9
0.001914;28.65;9
0.001934;28.18;10
0.001929;28.01;10
0.001930;28.32;10
0.001930;28.22;10
0.001927;28.23;10
0.001931;28.15;10
0.001928;28.43;10
0.001930;28.44;10
0.001927;28.05;10
0.001927;28.71;10
0.001927;28.64;10
0.001927;27.91;10
0.001934;28.21;10
0.001928;28.50;10
0.001934;28.65;10
0.001927;28.10;10
0.001934;28.00;10
0.001928;27.86;10
0.001928;28.19;10
0.001929;28.03;10
0.001928;28.13;10
0.001927;28.10;10
0.001929;27.91;10
0.001931;28.18;10
0.001927;27.92;10
0.001938;28.28;10
0.001929;28.12;10
0.001932;27.90;10
0.001931;28.08;10
0.001928;28.07;10
0.001931;28.46;10
0.001938;28.52;10
0.001930;28.51;10
0.001932;28.58;10
0.001934;28.51;10
0.001927;28.25;10
0.001926;27.90;10
0.001929;28.19;10
0.001927;28.26;10
0.001927;28.58;10
0.001933;28.76;10
0.001933;28.92;10
0.001930;28.61;10
0.001929;29.00;10
0.001927;28.94;10
0.001930;28.59;10
0.001939;28.30;10
0.001934;28.26;10
0.001929;28.16;10
0.001935;28.01;10
0.001921;28.71;10
0.001929;28.65;10
0.001921;28.00;10
0.001919;28.55;10
0.001921;28.15;10
0.001918;27.96;10
0.001923;28.12;10
0.001925;28.23;10
0.001922;28.35;10
0.001923;28.42;10
0.001919;28.16;10
0.001924;28.34;10
0.001923;28.28;10
0.001917;28.12;10
0.001931;28.16;10
0.001917;28.03;10
0.001920;27.98;10
0.001926;27.90;10
0.001923;28.00;10
0.001923;28.19;10
0.001922;28.13;10
0.001919;28.23;10
0.001919;28.79;10
0.001925;28.09;10
0.001921;28.39;10
0.001924;28.32;10
0.001923;28.11;10
0.001920;28.02;10
0.001923;28.45;10
0.001920;28.46;10
0.001932;28.28;10
0.001922;28.21;10
0.001923;28.28;10
0.001920;28.19;10
0.001928;28.04;10
0.001921;28.06;10
0.001918;28.63;10
0.001919;28.71;10
0.001930;28.46;10
0.001926;28.73;10
0.001934;28.41;10
0.001925;28.05;10
0.001916;28.05;10
0.001928;28.11;10
0.001922;28.26;10
0.001918;28.08;10
0.001929;28.70;10
0.001917;28.88;10
0.001919;28.97;10
0.001919;28.15;10
0.001928;28.52;11
0.001931;28.64;11
0.001928;28.47;11
0.001927;27.87;11
0.001928;28.01;11
0.001930;28.17;11
0.001932;28.16;11
0.001936;28.11;11
0.001930;28.73;11
0.001939;28.80;11
0.001926;28.50;11
0.001926;28.12;11
0.001927;28.68;11
0.001932;28.29;11
0.001933;28.03;11
0.001933;28.65;11
0.001928;27.96;11
0.001926;28.08;11
0.001931;28.03;11
0.001930;28.24;11
0.001925;28.25;11
0.001933;28.34;11
0.001939;28.43;11
0.001935;28.20;11
0.001927;27.96;11
0.001923;28.22;11
0.001921;28.44;11
0.001933;28.36;11
0.001922;28.21;11
0.001929;28.22;11
0.001930;28.01;11
0.001932;28.08;11
0.001929;27.88;11
0.001928;28.14;11
0.001934;28.11;11
0.001930;28.12;11
0.001931;28.18;11
0.001932;28.50;11
0.001926;28.25;11
0.001927;28.08;11
0.001934;28.20;11
0.001932;27.96;11
0.001933;28.03;11
0.001931;28.04;11
0.001936;28.46;11
0.001928;28.21;11
0.001938;28.25;11
0.001933;28.05;11
0.001929;27.94;11
0.001927;28.00;11
0.001914;27.99;11
0.001915;27.90;11
0.001914;27.98;11
0.001915;27.97;11
0.001917;27.98;11
0.001920;27.93;11
0.001918;28.39;11
0.001916;28.27;11
0.001915;28.21;11
0.001913;27.98;11
0.001918;28.09;11
0.001919;28.51;11
0.001917;28.37;11
0.001923;28.67;11
0.001916;28.72;11
0.001917;28.30;11
0.001913;28.21;11
0.001919;28.24;11
0.001918;27.97;11
0.001917;28.25;11
0.001919;27.95;11
0.001917;28.09;11
0.001914;28.08;11
0.001914;27.90;11
0.001913;27.97;11
0.001919;28.43;11
0.001913;28.11;11
0.001914;27.98;11
0.001916;27.92;11
0.001916;28.01;11
0.001913;28.12;11
0.001918;27.94;11
0.001917;28.04;11
0.001918;27.89;11
0.001916;27.96;11
0.001917;28.42;11
0.001914;28.00;11
0.001913;28.18;11
0.001915;28.05;11
0.001916;28.33;11
0.001917;28.37;11
0.001914;27.80;11
0.001918;28.17;11
0.001915;27.92;11
0.001919;28.34;11
0.001918;27.99;11
0.001916;27.75;11
0.001918;27.75;11
0.001918;28.02;11
0.001919;28.07;11
0.001980;28.03;12
0.001969;28.17;12
0.001985;28.19;12
0.001948;28.60;12
0.001949;28.16;12
0.001950;28.71;12
0.001940;28.49;12
0.001959;28.78;12
0.001971;28.80;12
0.001979;28.40;12
0.001949;28.41;12
0.001948;28.18;12
0.001947;28.59;12
0.001955;28.85;12
0.001933;28.87;12
0.001943;28.22;12
0.001940;28.27;12
0.001950;28.10;12
0.001938;28.40;12
0.001957;27.84;12
0.001969;28.61;12
0.001949;28.49;12
0.001965;28.72;12
0.001940;28.53;12
0.001957;28.08;12
0.001978;28.58;12
0.001952;28.69;12
0.001957;28.71;12
0.001984;28.21;12
0.001967;28.33;12
0.001971;28.24;12
0.001935;28.36;12
0.001933;28.29;12
0.001945;28.61;12
0.001954;28.55;12
0.001966;27.97;12
0.001981;27.79;12
0.001968;28.46;12
0.001953;28.78;12
0.001943;28.28;12
0.001940;28.24;12
0.001931;28.59;12
0.001955;28.23;12
0.001932;28.10;12
0.001951;28.43;12
0.001953;28.42;12
0.001927;28.43;12
0.001952;28.69;12
0.001948;28.38;12
0.001999;28.39;12
0.001916;28.13;12
0.001916;28.29;12
0.001923;28.13;12
0.001921;28.29;12
0.001918;28.07;12
0.001915;28.40;12
0.001918;28.17;12
0.001917;28.28;12
0.001919;28.14;12
0.001916;28.76;12
0.001916;28.35;12
0.001918;28.19;12
0.001917;28.29;12
0.001974;28.34;12
0.001916;28.36;12
0.001920;28.30;12
0.001920;28.26;12
0.001914;28.04;12
0.001915;28.12;12
0.001913;28.16;12
0.001917;28.06;12
0.001915;27.71;12
0.001916;28.21;12
0.001917;28.40;12
0.001915;27.96;12
0.001915;28.14;12
0.001915;28.36;12
0.001915;28.19;12
0.001919;28.45;12
0.001913;28.50;12
0.001920;28.37;12
0.001915;28.53;12
0.001920;28.20;12
0.001923;28.28;12
0.001924;28.55;12
0.001918;28.11;12
0.001917;28.01;12
0.001948;28.32;12
0.001928;28.26;12
0.001918;28.24;12
0.001916;28.33;12
0.001914;28.38;12
0.001915;28.52;12
0.001915;28.15;12
0.001918;28.46;12
0.001931;27.91;12
0.001914;28.25;12
0.001913;28.30;12
0.001945;28.51;12
0.001916;28.13;12
0.001942;28.04;13
0.001957;28.43;13
0.001942;28.23;13
0.001963;28.20;13
0.001974;28.30;13
0.001974;28.28;13
0.001949;28.29;13
0.001962;28.22;13
0.001973;28.00;13
0.001944;28.21;13
0.001959;28.27;13
0.001952;28.32;13
0.001975;28.39;13
0.001966;28.31;13
0.001970;28.12;13
0.001964;28.41;13
0.001972;28.59;13
0.001964;28.39;13
0.001975;28.12;13
0.001979;27.99;13
0.001952;28.28;13
0.001962;28.16;13
0.001975;27.80;13
0.001960;28.24;13
0.001960;28.74;13
0.001975;28.45;13
0.001970;28.44;13
0.001973;28.18;13
0.001968;27.86;13
0.001966;28.07;13
0.001946;28.01;13
0.001951;28.11;13
0.001971;28.05;13
0.001946;28.10;13
0.001970;28.36;13
0.001962;28.22;13
0.001969;28.37;13
0.001976;28.25;13
0.001974;28.87;13
0.001976;28.79;13
0.001995;28.99;13
0.001966;28.28;13
0.001970;28.02;13
0.001963;28.59;13
0.001969;28.80;13
0.001976;28.56;13
0.001967;28.58;13
0.001980;28.36;13
0.001963;28.23;13
0.001970;28.21;13
0.001930;27.96;13
0.001939;28.10;13
0.001928;28.45;13
0.001927;28.35;13
0.001924;27.96;13
0.001926;28.57;13
0.001931;28.56;13
0.001929;28.34;13
0.001929;28.44;13
0.001928;27.80;13
0.001934;27.76;13
0.001928;28.03;13
0.001925;28.20;13
0.001935;28.03;13
0.001925;28.33;13
0.001929;28.00;13
0.001923;27.98;13
0.001929;28.35;13
0.001927;28.36;13
0.001929;28.20;13
0.001935;28.42;13
0.001929;28.26;13
0.001935;28.21;13
0.001928;28.46;13
0.001927;28.67;13
0.001925;28.83;13
0.001925;28.16;13
0.001935;28.20;13
0.001926;28.45;13
0.001933;28.33;13
0.001929;28.51;13
0.001929;28.29;13
0.001935;28.39;13
0.001927;28.21;13
0.001934;28.31;13
0.001929;28.26;13
0.001926;28.40;13
0.001924;28.01;13
0.001923;27.98;13
0.001926;28.39;13
0.001930;28.40;13
0.001929;28.42;13
0.001935;28.49;13
0.001925;28.40;13
0.001923;28.40;13
0.001919;28.40;13
0.001935;28.17;13
0.001928;28.00;13
0.001926;28.49;13
0.001929;28.25;13
0.001940;28.10;14
0.001937;28.19;14
0.001939;28.10;14
0.001938;28.56;14
0.001937;28.56;14
0.001946;27.93;14
0.001948;28.16;14
0.001941;28.38;14
0.001940;27.99;14
0.001947;28.18;14
0.001949;28.55;14
0.001937;28.69;14
0.001936;28.16;14
0.001937;28.01;14
0.001943;28.06;14
0.001936;28.13;14
0.001940;28.21;14
0.001937;28.15;14
0.001938;28.23;14
0.001937;28.28;14
0.001938;28.32;14
0.001939;28.24;14
0.001942;28.07;14
0.001941;28.11;14
0.001937;28.41;14
0.001936;28.35;14
0.001958;27.86;14
0.001936;27.90;14
0.001947;28.04;14
0.001944;28.59;14
0.001937;28.36;14
0.001941;28.45;14
0.001937;28.40;14
0.001940;28.75;14
0.001935;28.62;14
0.001941;28.23;14
0.001940;28.46;14
0.001938;28.79;14
0.001935;28.93;14
0.001936;28.79;14
0.001938;28.86;14
0.001938;28.84;14
0.001938;28.55;14
0.001936;28.26;14
0.001941;28.31;14
0.001936;28.31;14
0.001936;28.35;14
0.001943;29.01;14
0.001935;28.99;14
0.001948;29.03;14
0.001909;28.25;14
0.001912;27.69;14
0.001909;28.13;14
0.001909;28.02;14
0.001918;28.18;14
0.001909;28.32;14
0.001912;28.17;14
0.001917;28.34;14
0.001908;28.14;14
0.001912;28.15;14
0.001913;28.11;14
0.001908;28.10;14
0.001912;28.25;14
0.001908;28.14;14
0.001911;28.09;14
0.001910;28.65;14
0.001909;28.43;14
0.001913;28.36;14
0.001908;28.45;14
0.001908;28.35;14
0.001911;28.32;14
0.001909;28.30;14
0.001909;28.56;14
0.001909;28.54;14
0.001908;28.50;14
0.001908;27.93;14
0.001912;27.93;14
0.001908;28.34;14
0.001908;28.08;14
0.001908;28.19;14
0.001911;28.40;14
0.001909;28.42;14
0.001909;28.51;14
0.001909;28.40;14
0.001911;28.21;14
0.001908;28.02;14
0.001909;28.21;14
0.001909;28.12;14
0.001910;28.36;14
0.001908;28.27;14
0.001908;28.04;14
0.001919;28.17;14
0.001908;28.07;14
0.001916;28.11;14
0.001909;28.04;14
0.001910;27.90;14
0.001916;28.20;14
0.001908;28.22;14
0.001915;28.34;14
0.001909;28.10;14
0.001921;28.28;15
0.001921;28.24;15
0.001920;28.33;15
0.001928;28.22;15
0.001934;28.38;15
0.001923;28.27;15
0.001925;28.27;15
0.001927;28.24;15
0.001934;28.21;15
0.001924;28.23;15
0.001921;28.16;15
0.001925;28.01;15
0.001918;28.00;15
0.001923;28.20;15
0.001919;28.08;15
0.001926;28.09;15
0.001927;28.53;15
0.001925;28.83;15
0.001926;28.79;15
0.001927;28.68;15
0.001930;29.06;15
0.001929;28.69;15
0.001921;27.95;15
0.001925;28.24;15
0.001922;28.31;15
0.001923;28.09;15
0.001960;28.14;15
0.001932;28.12;15
0.001923;28.01;15
0.001933;27.96;15
0.001924;28.07;15
0.001921;28.21;15
0.001923;28.02;15
0.001931;28.24;15
0.001920;28.75;15
0.001932;28.37;15
0.001927;28.27;15
0.001925;28.17;15
0.001963;27.83;15
0.001926;28.10;15
0.001921;28.08;15
0.001920;27.93;15
0.001928;28.15;15
0.001926;28.45;15
0.001923;28.28;15
0.001927;28.44;15
0.001921;28.16;15
0.001925;28.26;15
0.001929;28.33;15
0.001924;28.33;15
0.001916;27.92;15
0.001928;28.68;15
0.001934;28.18;15
0.001926;28.12;15
0.001922;28.13;15
0.001918;28.08;15
0.001914;28.00;15
0.001916;28.17;15
0.001912;28.23;15
0.001919;28.26;15
0.001920;27.97;15
0.001921;28.39;15
0.001926;28.55;15
0.001923;28.14;15
0.001919;28.03;15
0.001919;28.39;15
0.001912;28.22;15
0.001921;28.73;15
0.001924;28.38;15
0.001922;28.13;15
0.001918;28.01;15
0.001912;28.35;15
0.001932;28.25;15
0.001923;28.26;15
0.001921;28.26;15
0.001923;28.32;15
0.001919;28.64;15
0.001913;28.32;15
0.001931;28.31;15
0.001929;28.40;15
0.001922;28.23;15
0.001929;28.20;15
0.001932;28.32;15
0.001927;28.19;15
0.001925;28.21;15
0.001929;28.16;15
0.001932;28.11;15
0.001924;28.11;15
0.001923;28.22;15
0.001922;28.52;15
0.001914;28.26;15
0.001924;28.12;15
0.001926;28.01;15
0.001920;28.49;15
0.001921;28.60;15
0.001926;28.08;15
0.001925;28.40;15
0.001919;28.23;15
0.001913;28.43;15
0.001919;28.26;15
0.001944;28.35;16
0.001966;27.63;16
0.001955;27.82;16
0.001937;28.01;16
0.001924;28.08;16
0.001947;28.12;16
0.001929;28.07;16
0.001978;28.08;16
0.001923;28.28;16
0.001948;28.32;16
0.001923;28.40;16
0.001972;28.68;16
0.001933;28.60;16
0.001965;28.18;16
0.001931;28.04;16
0.001944;28.02;16
0.001970;28.43;16
0.001930;28.02;16
0.001939;28.17;16
0.001942;28.20;16
0.001943;28.39;16
0.001986;28.90;16
0.001950;28.80;16
0.001966;28.22;16
0.001958;28.52;16
0.001934;28.60;16
0.001949;28.49;16
0.001922;28.79;16
0.001928;27.93;16
0.001955;28.49;16
0.001971;28.49;16
0.001976;28.45;16
0.001927;28.16;16
0.001924;28.20;16
0.001971;28.09;16
0.001960;28.06;16
0.001949;28.34;16
0.001931;28.11;16
0.001975;28.74;16
0.001927;28.52;16
0.001962;28.33;16
0.001981;28.14;16
0.001924;28.04;16
0.001966;28.08;16
0.001923;28.09;16
0.001952;28.42;16
0.001963;28.48;16
0.001931;28.48;16
0.001952;28.61;16
0.001931;28.51;16
0.001906;28.18;16
0.001906;28.20;16
0.001906;28.48;16
0.001906;28.10;16
0.001907;28.00;16
0.001907;28.03;16
0.001907;28.05;16
0.001908;28.16;16
0.001906;28.17;16
0.001907;28.42;16
0.001907;28.23;16
0.001908;28.29;16
0.001909;27.94;16
0.001906;28.19;16
0.001911;28.22;16
0.001908;28.27;16
0.001907;28.37;16
0.001906;28.52;16
0.001909;28.57;16
0.001907;28.02;16
0.001908;28.18;16
0.001911;28.51;16
0.001908;28.27;16
0.001906;28.36;16
0.001907;28.20;16
0.001909;28.17;16
0.001907;28.62;16
0.001907;28.12;16
0.001907;28.06;16
0.001907;28.43;16
0.001907;28.16;16
0.001907;28.42;16
0.001908;28.16;16
0.001906;28.19;16
0.001906;28.44;16
0.001906;28.53;16
0.001906;28.67;16
0.001907;28.58;16
0.001910;28.36;16
0.001906;28.02;16
0.001907;28.09;16
0.001909;28.36;16
0.001907;28.34;16
0.001907;28.30;16
0.001910;28.26;16
0.001907;28.34;16
0.001905;28.36;16
0.001906;28.36;16
0.001907;28.66;16
0.001905;28.50;16
0.001947;28.37;17
0.001962;28.30;17
0.001970;28.39;17
0.001956;28.39;17
0.001968;28.61;17
0.001967;28.49;17
0.001969;28.30;17
0.001991;27.85;17
0.001943;27.96;17
0.001968;27.94;17
0.002003;28.30;17
0.001941;27.94;17
0.001996;28.68;17
0.001940;28.63;17
0.001946;28.69;17
0.001948;28.20;17
0.001942;28.44;17
0.001971;28.29;17
0.001954;28.16;17
0.001983;28.23;17
0.001939;28.06;17
0.001959;28.01;17
0.001968;27.92;17
0.001976;28.34;17
0.001975;28.38;17
0.001967;28.42;17
0.001961;28.36;17
0.001974;28.59;17
0.001965;28.29;17
0.001956;28.36;17
0.001947;28.53;17
0.001970;28.42;17
0.001955;28.09;17
0.001982;28.26;17
0.001942;28.06;17
0.001960;28.06;17
0.001943;28.15;17
0.001945;28.36;17
0.001969;28.34;17
0.001955;28.30;17
0.001963;28.44;17
0.001966;28.28;17
0.001952;28.05;17
0.001960;28.39;17
0.002001;28.31;17
0.001942;28.13;17
0.002007;28.20;17
0.001948;27.89;17
0.001948;28.07;17
0.001953;28.52;17
0.001909;28.72;17
0.001939;28.50;17
0.001920;28.48;17
0.001935;28.37;17
0.001920;28.47;17
0.001944;28.58;17
0.001943;28.58;17
0.001925;28.76;17
0.001941;28.52;17
0.001932;28.32;17
0.001945;28.08;17
0.001925;28.17;17
0.001918;28.17;17
0.001940;28.05;17
0.001941;28.03;17
0.001929;28.02;17
0.001937;28.25;17
0.001931;28.03;17
0.001948;28.03;17
0.001925;28.22;17
0.001948;28.25;17
0.001928;28.35;17
0.001918;28.10;17
0.001930;28.56;17
0.001933;28.19;17
0.001926;28.04;17
0.001935;28.31;17
0.001932;28.34;17
0.001942;28.18;17
0.001938;28.06;17
0.001939;28.13;17
0.001930;28.25;17
0.001952;28.02;17
0.001925;28.16;17
0.001933;27.99;17
0.001929;28.12;17
0.001941;28.06;17
0.001954;28.02;17
0.001947;28.38;17
0.001940;28.15;17
0.001926;28.13;17
0.001930;28.32;17
0.001925;28.28;17
0.001928;28.26;17
0.001932;28.34;17
0.001942;28.24;17
0.001925;28.32;17
0.001936;28.15;17
0.001946;28.11;17
0.001926;28.66;17
0.001917;28.65;18
0.001911;28.72;18
0.001917;28.34;18
0.001914;28.19;18
0.001911;28.67;18
0.001922;28.00;18
0.001933;28.31;18
0.001912;28.54;18
0.001920;28.56;18
0.001924;27.98;18
0.001929;28.66;18
0.001917;28.29;18
0.001943;28.05;18
0.001925;28.47;18
0.001918;28.32;18
0.001919;28.12;18
0.001923;28.24;18
0.001947;28.31;18
0.001923;28.44;18
0.001919;28.52;18
0.001923;28.09;18
0.001911;28.20;18
0.001920;28.30;18
0.001918;28.41;18
0.001910;28.40;18
0.001916;28.50;18
0.001930;28.34;18
0.001918;28.99;18
0.001922;28.37;18
0.001916;28.30;18
0.001983;28.36;18
0.001915;28.40;18
0.001914;28.34;18
0.001914;28.54;18
0.001923;28.51;18
0.001915;28.40;18
0.001923;28.38;18
0.001945;28.39;18
0.001911;28.52;18
0.001950;28.29;18
0.001914;28.37;18
0.001920;28.58;18
0.001913;28.36;18
0.001925;28.31;18
0.001915;28.49;18
0.001921;29.06;18
0.001911;28.59;18
0.001913;28.51;18
0.001912;28.97;18
0.001916;28.54;18
0.001902;28.27;18
0.001899;28.19;18
0.001899;28.29;18
0.001901;28.73;18
0.001899;28.96;18
0.001898;28.87;18
0.001903;28.70;18
0.001899;28.86;18
0.001909;28.23;18
0.001914;28.45;18
0.001904;28.21;18
0.001898;28.27;18
0.001899;28.19;18
0.001901;28.25;18
0.001899;28.63;18
0.001902;28.75;18
0.001900;28.80;18
0.001898;28.38;18
0.001906;28.31;18
0.001898;28.67;18
0.001899;27.92;18
0.001913;27.93;18
0.001899;27.95;18
