loss;elapsed time;iteration0.007651;32.60;0
0.003267;32.45;0
0.002602;32.42;0
0.002454;33.01;0
0.002384;32.74;0
0.002132;32.24;0
0.002166;32.10;0
0.002117;32.24;0
0.002141;32.00;0
0.002071;29.04;0
0.002118;31.86;0
0.002178;35.19;0
0.002044;34.02;0
0.002065;35.16;0
0.002030;35.66;0
0.002038;34.45;0
0.002068;34.12;0
0.002040;34.67;0
0.002269;34.42;0
0.002126;33.36;0
0.002036;34.00;0
0.002079;32.95;0
0.002029;33.69;0
0.002115;33.50;0
0.002029;31.79;0
0.002086;32.85;0
0.002041;32.01;0
0.002091;32.52;0
0.002261;31.31;0
0.002067;28.64;0
0.002052;31.38;0
0.002024;31.07;0
0.002076;31.28;0
0.002155;31.00;0
0.002050;31.12;0
0.002214;31.16;0
0.002124;31.27;0
0.002068;31.20;0
0.002046;28.28;0
0.002098;31.47;0
0.002026;31.84;0
0.002111;31.15;0
0.002129;31.55;0
0.002024;31.07;0
0.002014;31.63;0
0.002137;31.11;0
0.002002;31.64;0
0.002141;28.33;0
0.002006;31.68;0
0.002135;31.22;0
0.002031;31.18;0
0.002061;31.23;0
0.002251;31.15;0
0.002059;31.22;0
0.002076;31.16;0
0.002024;28.35;0
0.002042;31.35;0
0.002007;31.81;0
0.002034;31.35;0
0.002011;31.23;0
0.001980;31.29;0
0.002139;31.31;0
0.002136;31.12;0
0.002017;31.03;0
0.002071;28.04;0
0.002002;31.36;0
0.002014;30.16;0
0.001991;31.01;0
0.002007;30.67;0
0.002011;31.58;0
0.002023;31.40;0
0.002009;32.04;0
0.002056;28.27;0
0.002338;31.24;0
0.001998;31.21;0
0.002122;30.82;0
0.002007;31.12;0
0.001998;30.87;0
0.002032;30.95;0
0.002013;30.88;0
0.002015;28.24;0
0.002019;31.31;0
0.001982;30.95;0
0.002043;30.90;0
0.002163;30.88;0
0.001998;31.00;0
0.001988;30.99;0
0.002016;30.94;0
0.002060;31.19;0
0.002016;28.15;0
0.002023;30.69;0
0.002382;31.26;0
0.001983;31.42;0
0.002052;31.29;0
0.001996;31.36;0
0.002084;31.42;0
0.001972;27.89;0
0.002016;31.36;0
0.001961;31.94;0
0.002027;31.72;0
0.007888;31.71;1
0.003040;27.67;1
0.002641;31.40;1
0.002209;31.47;1
0.002304;31.22;1
0.002130;31.64;1
0.002100;31.30;1
0.002073;31.30;1
0.002355;27.64;1
0.002032;30.98;1
0.002056;30.62;1
0.002775;30.82;1
0.002048;30.80;1
0.002070;30.69;1
0.002160;30.83;1
0.002132;27.90;1
0.002265;31.32;1
0.002051;31.27;1
0.002072;31.49;1
0.002068;31.54;1
0.002025;31.52;1
0.002097;31.54;1
0.001988;31.51;1
0.002071;27.76;1
0.002074;31.08;1
0.002322;31.08;1
0.002050;31.02;1
0.002049;30.93;1
0.002083;31.04;1
0.002022;31.36;1
0.002043;27.33;1
0.002060;31.02;1
0.002083;31.38;1
0.002099;31.39;1
0.002005;31.24;1
0.002077;31.13;1
0.002088;31.26;1
0.002044;27.60;1
0.002028;31.24;1
0.002014;31.06;1
0.002043;31.10;1
0.002049;31.38;1
0.002034;31.66;1
0.002268;31.86;1
0.002105;27.79;1
0.002267;31.01;1
0.002036;31.06;1
0.002022;31.26;1
0.002034;31.19;1
0.002016;31.29;1
0.001989;30.88;1
0.001999;31.12;1
0.002022;31.06;1
0.001999;30.76;1
0.002058;30.88;1
0.002018;27.56;1
0.002022;30.69;1
0.002077;30.72;1
0.002056;30.69;1
0.001993;30.76;1
0.002017;30.85;1
0.002125;30.64;1
0.001992;27.02;1
0.002023;30.61;1
0.002000;30.60;1
0.001983;30.73;1
0.002013;30.63;1
0.002062;30.70;1
0.002033;26.98;1
0.002010;30.58;1
0.001989;30.65;1
0.002009;30.76;1
0.002015;30.58;1
0.002003;30.85;1
0.002001;30.71;1
0.002146;27.10;1
0.002043;30.75;1
0.002136;30.49;1
0.002015;30.98;1
0.002089;30.83;1
0.002217;30.80;1
0.002010;27.04;1
0.001970;30.54;1
0.001978;30.60;1
0.002099;30.69;1
0.002023;30.65;1
0.001997;30.72;1
0.001999;30.77;1
0.002050;27.20;1
0.002005;30.67;1
0.002151;30.61;1
0.002069;30.74;1
0.002005;30.65;1
0.002344;30.62;1
0.002018;26.94;1
0.001996;30.78;1
0.002097;30.80;1
0.001998;30.72;1
0.002065;30.62;1
0.002268;31.36;1
0.002055;30.65;2
0.002286;30.54;2
0.002026;30.55;2
0.002039;30.57;2
0.002168;30.60;2
0.002048;26.94;2
0.002087;30.64;2
0.002292;30.60;2
0.002123;30.74;2
0.002061;30.70;2
0.002019;30.62;2
0.002118;27.09;2
0.002110;30.70;2
0.001997;31.27;2
0.002134;30.72;2
0.002074;31.13;2
0.001994;30.58;2
0.002073;31.33;2
0.002254;27.04;2
0.002356;31.08;2
0.002048;30.54;2
0.002037;31.10;2
0.002094;30.79;2
0.002080;30.65;2
0.002062;26.84;2
0.002162;30.57;2
0.002063;31.21;2
0.002057;30.88;2
0.002002;31.05;2
0.002089;30.68;2
0.002094;31.05;2
0.002035;27.14;2
0.002098;31.32;2
0.002047;30.69;2
0.002326;31.35;2
0.002024;30.77;2
0.002101;30.71;2
0.002279;30.58;2
0.002044;27.24;2
0.002012;30.46;2
0.001993;30.41;2
0.002015;30.52;2
0.002151;30.52;2
0.001997;30.58;2
0.002076;27.07;2
0.002019;30.61;2
0.002003;30.60;2
0.002069;30.64;2
0.002061;30.73;2
0.002051;30.65;2
0.002027;30.64;2
0.002031;31.38;2
0.002000;31.24;2
0.002033;30.49;2
0.001985;27.17;2
0.002188;30.82;2
0.001962;30.60;2
0.001987;30.61;2
0.001969;30.83;2
0.001984;30.70;2
0.002061;31.39;2
0.001970;27.53;2
0.001981;31.64;2
0.001994;31.01;2
0.002084;30.80;2
0.002153;31.61;2
0.001993;31.46;2
0.002041;31.21;2
0.002014;27.20;2
0.002027;30.91;2
0.001998;30.78;2
0.002056;30.92;2
0.002107;30.76;2
0.002045;30.74;2
0.001962;30.69;2
0.001974;27.13;2
0.001995;30.68;2
0.001981;30.69;2
0.001977;30.74;2
0.002024;30.57;2
0.001975;30.32;2
0.002140;27.35;2
0.001978;30.87;2
0.002098;30.94;2
0.002011;30.84;2
0.002050;31.00;2
0.002181;31.01;2
0.002072;30.81;2
0.001972;27.37;2
0.001996;30.75;2
0.001995;30.89;2
0.002007;30.73;2
0.002089;30.64;2
0.001963;30.46;2
0.001998;26.94;2
0.001988;30.64;2
0.002277;30.77;2
0.001969;30.90;2
0.002034;30.74;2
0.002024;30.69;2
0.002210;30.61;3
0.002091;30.57;3
0.002071;30.66;3
0.002003;30.78;3
0.002235;30.75;3
0.002020;27.15;3
0.001995;30.69;3
0.002026;30.65;3
0.001997;30.56;3
0.002010;30.55;3
0.002103;30.60;3
0.002175;30.57;3
0.002060;27.00;3
0.002007;30.48;3
0.002038;30.61;3
0.002058;30.49;3
0.002091;30.46;3
0.002036;30.50;3
0.002046;26.80;3
0.002050;30.64;3
0.002015;30.35;3
0.002108;30.32;3
0.002007;30.46;3
0.002022;30.41;3
0.002010;26.79;3
0.002123;30.35;3
0.002031;30.45;3
0.002019;30.52;3
0.002146;30.38;3
0.002032;30.40;3
0.002004;26.92;3
0.001982;31.04;3
0.001992;30.62;3
0.002081;31.26;3
0.002037;30.56;3
0.002170;31.17;3
0.002083;30.47;3
0.001988;27.51;3
0.001978;30.51;3
0.001983;31.26;3
0.002078;30.69;3
0.001973;30.76;3
0.002115;30.70;3
0.001971;27.06;3
0.002137;30.64;3
0.002029;30.55;3
0.001984;30.52;3
0.002011;30.56;3
0.002029;30.77;3
0.002195;30.64;3
0.001949;30.71;3
0.001951;30.58;3
0.001947;30.68;3
0.002012;30.52;3
0.001927;27.00;3
0.001981;30.59;3
0.001935;30.53;3
0.001956;30.50;3
0.001956;30.78;3
0.001946;30.61;3
0.001975;27.19;3
0.001954;30.57;3
0.002020;31.29;3
0.002074;31.46;3
0.002042;31.22;3
0.002111;30.85;3
0.001952;30.71;3
0.002020;27.06;3
0.001958;31.12;3
0.002047;31.26;3
0.001960;30.52;3
0.001944;30.49;3
0.001942;30.92;3
0.002005;27.18;3
0.001964;30.38;3
0.001965;30.60;3
0.002039;31.05;3
0.001953;31.32;3
0.001964;31.48;3
0.002069;31.43;3
0.001945;27.84;3
0.001952;31.12;3
0.002007;30.79;3
0.001966;30.62;3
0.001948;30.69;3
0.001981;30.44;3
0.001975;30.48;3
0.001939;26.99;3
0.001911;30.87;3
0.001922;30.67;3
0.002011;30.54;3
0.001969;30.55;3
0.001982;30.58;3
0.001934;26.83;3
0.002079;30.35;3
0.001965;30.46;3
0.001972;30.45;3
0.001991;30.40;3
0.001929;30.47;3
0.001965;26.79;3
0.002115;30.42;4
0.001959;30.25;4
0.001987;30.44;4
0.002056;26.87;4
0.002069;30.48;4
0.002013;30.54;4
0.001971;30.60;4
0.002031;30.61;4
0.001989;30.55;4
0.001942;27.03;4
0.002020;30.61;4
0.002012;30.77;4
0.001963;30.49;4
0.001977;30.50;4
0.001995;30.58;4
0.001955;30.45;4
0.001961;26.90;4
0.002012;30.59;4
0.001954;30.62;4
0.002032;30.55;4
0.002085;30.57;4
0.002115;30.48;4
0.001986;27.02;4
0.001975;30.50;4
0.002160;30.52;4
0.002032;30.48;4
0.001997;30.56;4
0.001967;27.03;4
0.001954;33.69;4
0.002145;28.88;4
0.001980;30.74;4
0.002033;30.14;4
0.002038;27.07;4
0.001999;31.03;4
0.001950;30.16;4
0.001981;30.82;4
0.002071;30.83;4
0.001989;30.69;4
0.002092;30.64;4
0.001994;27.02;4
0.002063;30.62;4
0.001947;30.72;4
0.002012;30.58;4
0.001983;30.67;4
0.002028;30.73;4
0.002000;27.13;4
0.001947;30.72;4
0.002021;30.73;4
0.002013;30.71;4
0.002034;31.17;4
0.001981;31.31;4
0.001946;30.70;4
0.001992;31.23;4
0.002006;30.43;4
0.001920;31.19;4
0.001969;30.65;4
0.001987;27.82;4
0.001977;31.00;4
0.002019;30.68;4
0.002137;31.01;4
0.001938;31.16;4
0.001989;31.38;4
0.002012;31.38;4
0.001946;27.20;4
0.001964;30.75;4
0.001943;30.81;4
0.001953;31.09;4
0.002052;31.32;4
0.001955;31.44;4
0.001919;31.38;4
0.001942;27.78;4
0.001979;30.82;4
0.002238;30.92;4
0.001947;31.51;4
0.001930;30.66;4
0.002054;30.55;4
0.001991;30.91;4
0.002031;26.97;4
0.001976;30.56;4
0.001968;30.57;4
0.001955;30.65;4
0.001961;30.69;4
0.001948;30.46;4
0.001955;26.97;4
0.001965;30.71;4
0.001937;30.53;4
0.001973;30.71;4
0.001943;30.75;4
0.002017;30.55;4
0.001935;27.09;4
0.001939;30.38;4
0.002034;30.54;4
0.001986;30.57;4
0.001924;30.73;4
0.002076;30.66;4
0.001925;30.70;4
0.001945;27.12;4
0.001937;30.70;4
0.001953;30.58;4
0.001996;30.82;4
0.001952;27.10;5
0.002018;30.54;5
0.001995;30.45;5
0.002248;30.43;5
0.001945;30.60;5
0.002007;31.21;5
0.001950;27.20;5
0.002028;30.80;5
0.002021;30.75;5
0.001982;30.76;5
0.001957;30.60;5
0.001954;30.76;5
0.002073;30.90;5
0.001989;27.24;5
0.001931;30.77;5
0.001982;30.77;5
0.002047;30.93;5
0.001994;30.80;5
0.002089;30.84;5
0.001991;27.21;5
0.001936;30.76;5
0.001975;30.90;5
0.001965;30.84;5
0.001958;30.89;5
0.001948;30.86;5
0.002027;30.69;5
0.002116;27.33;5
0.001951;30.96;5
0.002006;31.09;5
0.002085;30.85;5
0.001997;30.71;5
0.001987;31.61;5
0.001951;31.05;5
0.002007;27.79;5
0.001932;30.92;5
0.002115;31.52;5
0.001962;31.07;5
0.002020;31.48;5
0.001952;30.88;5
0.002036;31.18;5
0.001978;27.01;5
0.002134;30.67;5
0.002090;30.66;5
0.001977;30.61;5
0.001939;30.63;5
0.002121;30.69;5
0.001957;26.95;5
0.001989;30.59;5
0.002005;30.50;5
0.001982;30.63;5
0.002018;27.36;5
0.002025;31.06;5
0.001975;30.98;5
0.001939;30.93;5
0.001931;31.01;5
0.002019;30.72;5
0.001993;30.70;5
0.001948;27.26;5
0.001940;30.88;5
0.001931;30.83;5
0.001949;30.79;5
0.001959;30.75;5
0.002023;30.75;5
0.001939;27.28;5
0.001961;30.80;5
0.001929;31.42;5
0.001949;30.80;5
0.001987;31.43;5
0.001948;30.74;5
0.001920;31.28;5
0.001932;27.15;5
0.001960;30.92;5
0.002012;30.62;5
0.002122;31.13;5
0.001939;30.68;5
0.001952;30.67;5
0.002013;30.62;5
0.001997;27.21;5
0.001960;30.78;5
0.001999;30.77;5
0.001941;30.73;5
0.001936;30.43;5
0.001928;30.52;5
0.001972;26.94;5
0.001999;30.55;5
0.002013;30.70;5
0.001947;30.71;5
0.001945;30.62;5
0.002024;30.46;5
0.001934;30.62;5
0.002065;27.03;5
0.001961;30.77;5
0.001963;30.67;5
0.001951;30.66;5
0.001925;30.68;5
0.001925;30.57;5
0.002059;27.03;5
0.001973;30.55;5
0.002103;30.53;5
0.001927;30.48;5
0.001974;26.86;6
0.001922;30.53;6
0.001994;30.50;6
0.001946;30.56;6
0.001941;30.62;6
0.001985;30.59;6
0.002050;27.04;6
0.002165;30.63;6
0.001988;30.75;6
0.001944;30.70;6
0.002042;30.67;6
0.002017;30.62;6
0.001921;30.81;6
0.002032;27.17;6
0.001972;30.61;6
0.001955;30.55;6
0.001965;30.49;6
0.001939;30.46;6
0.002019;30.65;6
0.001966;27.20;6
0.001934;30.63;6
0.001988;30.56;6
0.001930;30.63;6
0.001911;30.62;6
0.001943;30.71;6
0.001911;27.11;6
0.001923;30.67;6
0.001925;30.70;6
0.001934;30.69;6
0.001976;30.72;6
0.002131;30.64;6
0.002033;30.67;6
0.001960;26.97;6
0.001917;30.62;6
0.001958;30.51;6
0.001945;30.57;6
0.001931;30.68;6
0.002370;30.67;6
0.002033;27.10;6
0.002006;30.58;6
0.002075;30.54;6
0.001928;32.41;6
0.001989;33.03;6
0.001935;31.80;6
0.002018;31.29;6
0.001951;30.82;6
0.001947;28.16;6
0.001922;33.50;6
0.001973;33.32;6
0.001969;32.05;6
0.001949;32.97;6
0.001966;31.27;6
0.001964;28.79;6
0.001914;31.28;6
0.002002;32.45;6
0.002095;31.82;6
0.001916;31.43;6
0.001934;31.03;6
0.001986;32.17;6
0.001941;31.64;6
0.002031;28.05;6
0.001961;32.23;6
0.001975;30.68;6
0.001956;30.79;6
0.002019;30.72;6
0.002003;30.76;6
0.001922;30.81;6
0.001919;29.05;6
0.001941;33.32;6
0.001995;31.15;6
0.001962;30.68;6
0.001910;30.82;6
0.001947;30.67;6
0.001987;30.66;6
0.001963;27.12;6
0.001961;27.07;6
0.001916;30.73;6
0.002108;30.58;6
0.001943;30.73;6
0.002003;30.89;6
0.001998;30.71;6
0.001993;27.87;6
0.001985;30.78;6
0.001942;31.47;6
0.001982;30.77;6
0.001946;31.61;6
0.001950;30.75;6
0.001958;31.46;6
0.001939;27.02;6
0.001934;31.47;6
0.001952;30.80;6
0.001980;30.93;6
0.001922;30.53;6
0.001932;30.36;6
0.002105;30.79;6
0.001920;27.04;6
0.001945;30.70;6
0.001944;30.67;6
0.001933;30.94;6
0.001938;30.85;6
0.001949;30.97;7
0.001940;30.92;7
0.001923;30.84;7
0.001942;30.89;7
0.001945;30.79;7
0.001955;31.02;7
0.001997;27.39;7
0.001981;31.06;7
0.001949;31.06;7
0.001997;30.80;7
0.001930;30.91;7
0.001934;30.99;7
0.001925;30.78;7
0.001984;27.31;7
0.001959;31.02;7
0.002005;30.98;7
0.001961;30.87;7
0.001929;30.96;7
0.002076;31.11;7
0.002039;31.11;7
0.001923;27.52;7
0.001931;30.53;7
0.001955;30.94;7
0.002065;31.06;7
0.001947;30.49;7
0.001941;30.81;7
0.001999;27.15;7
0.002074;30.64;7
0.001920;30.54;7
0.001988;30.68;7
0.001934;30.70;7
0.001954;30.90;7
0.001986;30.77;7
0.002025;27.34;7
0.001976;30.49;7
0.001983;30.67;7
0.001933;30.77;7
0.001937;30.56;7
0.001927;30.73;7
0.001977;27.97;7
0.001923;27.16;7
0.001973;31.43;7
0.001991;31.38;7
0.001938;31.28;7
0.001988;30.66;7
0.001947;31.31;7
0.002049;30.91;7
0.002137;28.29;7
0.001962;31.50;7
0.001966;31.41;7
0.001934;30.64;7
0.001938;27.05;7
0.001949;30.66;7
0.001927;30.91;7
0.001945;30.81;7
0.001950;30.73;7
0.001996;30.72;7
0.001940;27.59;7
0.001926;30.77;7
0.001950;30.89;7
0.001924;30.71;7
0.001937;30.66;7
0.001950;31.23;7
0.001978;31.61;7
0.001929;27.86;7
0.001931;31.11;7
0.001906;30.69;7
0.001915;30.68;7
0.001947;30.64;7
0.002025;30.76;7
0.001918;31.33;7
0.001990;27.56;7
0.001982;31.66;7
0.001916;31.92;7
0.001912;31.35;7
0.001965;31.27;7
0.001939;31.55;7
0.002058;31.61;7
0.001917;31.53;7
0.001927;27.96;7
0.001932;31.49;7
0.001948;31.64;7
0.001994;31.46;7
0.001951;31.35;7
0.001936;31.32;7
0.001925;30.75;7
0.001952;27.24;7
0.001975;30.98;7
0.001918;30.80;7
0.001981;30.88;7
0.001924;30.80;7
0.001967;30.88;7
0.001936;30.77;7
0.001916;27.07;7
0.002012;30.87;7
0.002085;30.92;7
0.001924;30.89;7
0.001922;31.13;7
0.001921;30.98;7
0.001955;31.14;7
0.001975;30.77;8
0.002042;31.41;8
0.001964;30.79;8
0.001922;31.39;8
0.001940;27.43;8
0.002032;31.20;8
0.001945;30.79;8
0.001950;30.73;8
0.002068;30.76;8
0.001919;30.75;8
0.001958;27.03;8
0.001914;30.62;8
0.001967;30.46;8
0.001992;30.75;8
0.001923;30.53;8
0.001983;30.50;8
0.002140;30.72;8
0.001936;27.04;8
0.002040;30.78;8
0.001937;30.61;8
0.001928;30.62;8
0.001937;30.52;8
0.001975;30.46;8
0.002070;26.93;8
0.001934;30.54;8
0.002056;30.90;8
0.001934;30.64;8
0.001996;31.16;8
0.001936;31.54;8
0.002030;31.39;8
0.001955;27.76;8
0.002051;30.95;8
0.001940;31.46;8
0.001967;30.72;8
0.002013;30.66;8
0.002151;30.48;8
0.001961;30.71;8
0.001982;27.06;8
0.001936;30.54;8
0.001917;30.53;8
0.001923;30.65;8
0.001946;30.66;8
0.001944;30.68;8
0.001970;27.05;8
0.001979;30.66;8
0.002005;30.76;8
0.001921;30.61;8
0.001977;30.64;8
0.001923;30.75;8
0.001966;30.54;8
0.001921;30.68;8
0.001910;30.56;8
0.001911;30.60;8
0.001960;26.97;8
0.001982;30.93;8
0.001923;30.57;8
0.002050;30.50;8
0.001954;30.66;8
0.001930;30.80;8
0.002022;30.72;8
0.001961;27.02;8
0.001905;30.77;8
0.001932;30.54;8
0.001949;30.52;8
0.001995;30.55;8
0.002088;30.77;8
0.001927;27.07;8
0.001938;30.80;8
0.001950;31.10;8
0.001979;30.85;8
0.002028;30.60;8
0.001967;30.61;8
0.001958;31.37;8
0.001959;27.27;8
0.001914;31.39;8
0.001919;30.81;8
0.001964;31.27;8
0.001924;30.79;8
0.002052;31.24;8
0.001916;30.65;8
0.001926;27.79;8
0.002088;30.64;8
0.002016;30.74;8
0.001940;30.75;8
0.001938;30.74;8
0.001985;30.64;8
0.001906;26.97;8
0.001966;30.53;8
0.001939;30.65;8
0.001980;30.69;8
0.001938;30.64;8
0.001963;30.74;8
0.002098;30.71;8
0.002065;27.17;8
0.001966;30.65;8
0.001981;30.87;8
0.001914;30.53;8
0.001911;30.54;8
0.001898;30.66;8
0.001921;27.15;8
0.001961;30.86;9
0.001896;30.64;9
0.001917;30.57;9
0.001938;27.00;9
0.001960;30.84;9
0.002038;31.10;9
0.001988;30.99;9
0.001933;31.01;9
0.002189;31.08;9
0.001952;30.87;9
0.001955;27.40;9
0.002004;30.95;9
0.001909;32.01;9
0.001900;31.66;9
0.001910;32.89;9
0.001912;32.74;9
0.001924;32.82;9
0.001899;32.95;9
0.001941;31.76;9
0.001899;28.18;9
0.001974;31.67;9
0.001912;31.95;9
0.001987;31.47;9
0.001915;31.60;9
0.002015;30.98;9
0.001900;30.58;9
0.001933;27.08;9
0.002013;30.67;9
0.001922;30.73;9
0.001894;30.75;9
0.001919;30.67;9
0.001916;30.60;9
0.001946;30.68;9
0.001901;26.97;9
0.001916;30.77;9
0.001950;30.67;9
0.001911;30.77;9
0.001909;30.52;9
0.001976;30.60;9
0.001936;27.00;9
0.001904;30.66;9
0.001933;30.86;9
0.001908;30.43;9
0.001904;30.65;9
0.001915;30.66;9
0.001968;30.80;9
0.001941;27.22;9
0.002012;30.72;9
0.001938;30.72;9
0.001895;30.67;9
0.001926;27.10;9
0.001994;30.67;9
0.001915;30.68;9
0.001912;30.65;9
0.001941;30.76;9
0.001917;30.64;9
0.001950;27.15;9
0.001965;30.65;9
0.001911;30.72;9
0.001986;30.66;9
0.001992;30.78;9
0.001929;30.84;9
0.002188;27.28;9
0.001931;30.84;9
0.001936;30.79;9
0.001978;30.76;9
0.001912;30.78;9
0.001946;30.78;9
0.001945;30.75;9
0.001930;27.27;9
0.001897;30.69;9
0.001915;30.70;9
0.001935;30.71;9
0.001940;30.79;9
0.001993;30.74;9
0.001905;27.01;9
0.001933;27.52;9
0.001936;30.66;9
0.001946;30.72;9
0.001945;30.73;9
0.002012;30.81;9
0.001924;30.81;9
0.001955;27.22;9
0.001903;30.66;9
0.001962;30.98;9
0.001909;30.95;9
0.001924;31.39;9
0.001909;31.26;9
0.001916;30.92;9
0.001939;27.50;9
0.002020;31.16;9
0.001908;30.98;9
0.001907;31.06;9
0.001988;31.02;9
0.001967;30.98;9
0.001921;30.91;9
0.001931;27.42;9
0.001915;31.17;9
0.001974;30.98;9
0.001919;31.15;9
0.001897;27.29;10
0.001907;30.90;10
0.001887;30.82;10
0.001926;30.68;10
0.001890;31.13;10
0.001903;30.97;10
0.001895;31.46;10
0.001938;28.54;10
0.001883;31.42;10
0.001962;30.94;10
0.001917;31.28;10
0.001993;31.40;10
0.002057;31.14;10
0.001912;30.66;10
0.001899;27.74;10
0.001945;30.90;10
0.001924;31.15;10
0.001940;30.69;10
0.001956;30.62;10
0.001898;30.78;10
0.001907;30.94;10
0.001908;27.31;10
0.001897;30.91;10
0.002146;30.94;10
0.001960;30.94;10
0.002147;30.90;10
0.001939;30.77;10
0.001908;30.74;10
0.001967;27.32;10
0.001897;30.76;10
0.002031;31.58;10
0.001932;30.86;10
0.002061;31.26;10
0.001943;30.64;10
0.001887;31.31;10
0.001907;27.38;10
0.001944;31.48;10
0.001924;30.91;10
0.001937;31.53;10
0.001944;30.76;10
0.001884;30.82;10
0.001910;30.73;10
0.001899;27.76;10
0.001980;30.63;10
0.001970;31.09;10
0.001984;30.50;10
0.001908;31.35;10
0.001910;31.21;10
0.001903;31.05;10
0.001940;28.87;10
0.001938;30.32;10
0.001930;30.58;10
0.001950;30.49;10
0.001939;30.33;10
0.001923;30.33;10
0.001920;30.44;10
0.001945;30.43;10
0.001906;29.34;10
0.001920;30.52;10
0.001900;30.24;10
0.002080;30.02;10
0.001918;30.26;10
0.001943;29.97;10
0.001957;30.02;10
0.001942;30.31;10
0.001952;30.15;10
0.001927;30.07;10
0.001969;30.13;10
0.002053;29.24;10
0.002074;30.34;10
0.001961;30.44;10
0.001978;30.38;10
0.001942;30.15;10
0.001963;30.11;10
0.002000;30.22;10
0.001898;30.41;10
0.001927;30.43;10
0.001931;30.23;10
0.002113;30.29;10
0.001934;30.23;10
0.001997;29.67;10
0.001942;30.36;10
0.001909;30.52;10
0.001921;30.33;10
0.001903;30.54;10
0.002051;30.47;10
0.001927;30.37;10
0.001897;30.28;10
0.001911;30.47;10
0.001939;30.37;10
0.001898;30.33;10
0.001998;30.55;10
0.001906;30.31;10
0.001910;29.40;10
0.001919;30.31;10
0.001940;30.23;10
0.002008;30.23;10
0.001915;30.63;10
0.001951;30.31;10
0.001927;30.53;10
0.001938;29.88;11
0.001950;30.17;11
0.001984;30.31;11
0.001893;30.39;11
0.001985;30.27;11
0.001897;30.12;11
0.001907;30.25;11
0.001890;30.69;11
0.001916;30.35;11
0.002006;30.22;11
0.002084;30.14;11
0.002072;30.26;11
0.001942;30.12;11
0.002004;29.93;11
0.001933;30.07;11
0.001985;30.08;11
0.001930;29.98;11
0.001932;30.05;11
0.001954;30.20;11
0.002013;30.02;11
0.001919;30.11;11
0.001895;30.05;11
0.001922;30.32;11
0.002055;30.35;11
0.001939;30.39;11
0.001954;30.16;11
0.001896;30.16;11
0.001948;30.25;11
0.001931;30.15;11
0.001906;30.15;11
0.001908;30.31;11
0.001998;30.20;11
0.001939;29.99;11
0.001890;30.07;11
0.001993;30.00;11
0.001895;30.06;11
0.001918;30.09;11
0.002090;30.28;11
0.001923;30.11;11
0.001925;30.16;11
0.001986;30.21;11
0.001913;30.20;11
0.001942;30.29;11
0.001921;30.16;11
0.001926;30.39;11
0.001932;30.49;11
0.001926;30.40;11
0.001916;30.90;11
0.001952;30.33;11
0.002016;30.79;11
0.001908;30.57;11
0.001912;30.00;11
0.001904;30.67;11
0.001907;30.04;11
0.001937;30.73;11
0.001994;30.07;11
0.001920;30.14;11
0.001920;30.14;11
0.001925;30.06;11
0.002082;29.96;11
0.001940;30.18;11
0.001916;30.23;11
0.001976;30.01;11
0.001932;30.80;11
0.001909;30.89;11
0.001930;30.22;11
0.001978;30.22;11
0.001968;30.05;11
0.001950;30.09;11
0.002026;30.10;11
0.001925;30.39;11
0.001944;30.18;11
0.001912;30.00;11
0.001896;30.15;11
0.001900;30.14;11
0.001908;30.04;11
0.002053;30.06;11
0.001916;29.90;11
0.001948;30.07;11
0.001917;29.98;11
0.001960;30.10;11
0.001940;30.18;11
0.001967;30.28;11
0.001904;30.34;11
0.001926;30.38;11
0.001919;30.21;11
0.001953;30.39;11
0.001905;30.22;11
0.001906;30.21;11
0.001899;30.28;11
0.002100;30.52;11
0.001978;30.41;11
0.001908;30.46;11
0.001909;30.56;11
0.001923;30.97;11
0.001958;30.92;11
0.002000;30.72;11
0.001934;30.95;11
0.001937;30.99;11
0.001952;30.96;11
0.002118;30.20;12
0.001947;30.40;12
0.001936;30.47;12
0.001954;30.56;12
0.001924;30.44;12
0.001950;30.46;12
0.001894;30.37;12
0.002013;30.26;12
0.001929;30.28;12
0.001882;30.43;12
0.001918;30.40;12
0.001924;30.35;12
0.001902;30.32;12
0.001924;30.33;12
0.001884;30.78;12
0.001932;32.87;12
0.001948;31.08;12
0.001971;31.72;12
0.001923;32.88;12
0.001972;40.01;12
0.001910;31.43;12
0.001908;32.57;12
0.001998;32.61;12
0.002031;30.95;12
0.001883;31.31;12
0.001959;33.88;12
0.001893;33.06;12
0.002076;33.93;12
0.001927;33.48;12
0.001884;32.63;12
0.001962;32.06;12
0.001889;30.65;12
0.001933;30.38;12
0.001920;30.49;12
0.001966;30.81;12
0.001948;30.86;12
0.001915;31.01;12
0.001887;30.86;12
0.002001;30.91;12
0.001951;30.63;12
0.001907;30.67;12
0.001921;30.56;12
0.001903;30.55;12
0.001949;30.56;12
0.001892;30.67;12
0.001886;30.90;12
0.001902;30.97;12
0.001968;30.69;12
0.001921;30.56;12
0.001880;30.29;12
0.001935;30.29;12
0.001968;30.30;12
0.001956;30.30;12
0.001981;30.25;12
0.001923;30.24;12
0.001919;30.24;12
0.001919;30.27;12
0.001918;30.30;12
0.001977;30.15;12
0.002002;30.24;12
0.001967;29.94;12
0.002008;30.41;12
0.001958;30.52;12
0.002011;30.42;12
0.001906;30.33;12
0.001909;30.58;12
0.002027;30.32;12
0.002063;30.39;12
0.001903;30.23;12
0.001907;30.54;12
0.001914;30.10;12
0.002084;29.95;12
0.001936;29.91;12
0.001918;30.34;12
0.001929;30.29;12
0.001976;29.75;12
0.001959;30.81;12
0.001908;31.00;12
0.002053;30.32;12
0.001997;29.99;12
0.001993;30.83;12
0.001919;30.72;12
0.001964;30.44;12
0.002008;30.26;12
0.001915;30.15;12
0.001917;30.09;12
0.001910;30.22;12
0.001962;30.13;12
0.001966;30.26;12
0.001932;30.30;12
0.001915;30.28;12
0.001965;30.27;12
0.001946;30.31;12
0.001958;30.28;12
0.001995;30.17;12
0.001906;30.22;12
0.001915;30.26;12
0.001965;30.28;12
0.001968;30.29;12
0.001937;30.23;12
0.001877;30.30;13
0.001909;30.28;13
0.001941;30.41;13
0.001900;30.34;13
0.001885;30.40;13
0.001905;30.43;13
0.001870;30.79;13
0.001878;30.63;13
0.002015;30.62;13
0.001875;30.40;13
0.001885;30.72;13
0.001886;30.31;13
0.001871;30.77;13
0.001896;30.53;13
0.001981;30.62;13
0.001886;30.62;13
0.001882;30.42;13
0.001919;30.50;13
0.001940;30.59;13
0.001927;30.36;13
0.001908;30.46;13
0.001921;30.45;13
0.001910;30.44;13
0.001882;30.42;13
0.001954;30.39;13
0.001918;30.36;13
0.001870;30.32;13
0.001885;30.33;13
0.001889;30.35;13
0.002011;29.99;13
0.001882;30.39;13
0.001945;30.10;13
0.002069;30.06;13
0.001899;29.99;13
0.001940;29.97;13
0.001948;30.08;13
0.001929;30.16;13
0.001902;30.19;13
0.001874;30.09;13
0.001905;30.30;13
0.001864;30.29;13
0.001867;30.15;13
0.001877;30.22;13
0.001896;30.16;13
0.002060;29.89;13
0.001938;29.96;13
0.001877;30.01;13
0.001903;31.24;13
0.001889;29.87;13
0.001922;30.83;13
0.001949;30.55;13
0.001924;30.04;13
0.001914;30.61;13
0.002066;30.40;13
0.001985;30.93;13
0.001911;31.04;13
0.001915;30.55;13
0.001922;30.31;13
0.001916;30.26;13
0.001911;29.98;13
0.001952;30.23;13
0.001943;30.46;13
0.001930;30.26;13
0.001919;30.26;13
0.001930;30.35;13
0.001963;30.26;13
0.001922;30.35;13
0.002017;30.43;13
0.001909;30.49;13
0.001919;30.17;13
0.001901;30.23;13
0.001912;30.24;13
0.001902;30.22;13
0.001976;30.23;13
0.002000;30.35;13
0.002004;30.37;13
0.001898;30.47;13
0.001914;30.27;13
0.001916;31.81;13
0.001933;30.11;13
0.001916;30.93;13
0.001949;30.06;13
0.001913;31.08;13
0.001916;29.91;13
0.001951;31.01;13
0.001960;29.85;13
0.001945;30.95;13
0.001901;30.06;13
0.001908;30.06;13
0.001923;29.98;13
0.001939;29.91;13
0.001975;30.02;13
0.002089;29.88;13
0.001902;29.81;13
0.001914;29.91;13
0.001907;29.96;13
0.001911;30.03;13
0.001969;30.01;13
0.001945;29.99;13
0.001975;29.85;13
0.001897;30.11;14
0.001913;29.93;14
0.002028;30.00;14
0.001901;29.99;14
0.001972;29.81;14
0.001872;30.64;14
0.001887;30.54;14
0.002007;30.44;14
0.001894;30.65;14
0.001935;30.69;14
0.001917;30.52;14
0.001979;30.67;14
0.001876;30.45;14
0.001948;30.95;14
0.001935;30.37;14
0.001965;30.35;14
0.001935;30.19;14
0.001868;30.25;14
0.001888;30.38;14
0.001890;30.31;14
0.001899;30.37;14
0.001881;30.28;14
0.001907;30.30;14
0.002010;30.44;14
0.001911;30.35;14
0.001918;30.33;14
0.001901;30.29;14
0.001889;30.37;14
0.001896;30.26;14
0.001877;30.28;14
0.001941;30.25;14
0.001938;30.42;14
0.001895;30.36;14
0.001888;30.38;14
0.001973;30.31;14
0.001902;30.13;14
0.001921;30.20;14
0.001879;30.32;14
0.001883;30.23;14
0.001921;30.14;14
0.001926;30.30;14
0.002052;30.37;14
0.001917;30.55;14
0.001918;30.30;14
0.002013;30.26;14
0.001919;30.33;14
0.001880;30.40;14
0.001912;30.74;14
0.001976;30.34;14
0.001927;30.18;14
0.001898;30.28;14
0.001970;30.18;14
0.001929;30.21;14
0.001956;30.16;14
0.001978;30.30;14
0.001909;30.28;14
0.001938;30.03;14
0.001950;30.13;14
0.001904;30.11;14
0.002098;30.22;14
0.001906;30.26;14
0.002168;30.39;14
0.001921;30.37;14
0.001936;30.65;14
0.001912;30.32;14
0.001946;30.24;14
0.001916;30.27;14
0.001990;30.24;14
0.001922;30.03;14
0.001911;30.34;14
0.001935;30.85;14
0.001952;30.34;14
0.002020;30.38;14
0.001919;30.24;14
0.001924;30.27;14
0.001926;30.31;14
0.001913;30.89;14
0.001958;31.22;14
0.001984;31.31;14
0.002026;30.41;14
0.001926;30.39;14
0.001905;30.33;14
0.001951;30.35;14
0.001915;30.39;14
0.001900;30.30;14
0.001924;30.48;14
0.001952;30.61;14
0.001920;30.64;14
0.001930;30.50;14
0.001904;30.31;14
0.001913;30.32;14
0.002007;30.41;14
0.001905;30.29;14
0.001906;30.41;14
0.001950;30.28;14
0.001929;31.33;14
0.001901;31.23;14
0.002023;31.55;14
0.001909;30.25;14
0.001902;30.92;14
0.001944;31.12;15
0.001879;30.96;15
0.002056;31.81;15
0.001896;31.12;15
0.001895;31.03;15
0.001957;31.16;15
0.001881;31.25;15
0.001877;31.17;15
0.001898;31.25;15
0.001934;31.18;15
0.001926;31.24;15
0.001890;30.64;15
0.001891;30.15;15
0.001878;30.41;15
0.001923;30.65;15
0.001923;30.38;15
0.001952;30.47;15
0.001937;30.48;15
0.001871;30.52;15
0.001933;30.49;15
0.001859;30.22;15
0.001886;30.83;15
0.001893;32.24;15
0.001934;31.03;15
0.001882;30.91;15
0.001884;30.68;15
0.001891;30.64;15
0.001917;31.04;15
0.001958;30.52;15
0.001952;31.05;15
0.001917;30.80;15
0.001895;30.70;15
0.001909;30.59;15
0.001960;30.49;15
0.001882;30.21;15
0.001875;30.48;15
0.001911;30.27;15
0.001870;30.23;15
0.001871;30.33;15
0.001870;30.29;15
0.001885;30.33;15
0.001870;30.35;15
0.001888;30.38;15
0.001947;30.28;15
0.001936;30.39;15
0.001905;30.30;15
0.001872;30.28;15
0.001930;30.46;15
0.001866;30.42;15
0.001877;30.34;15
0.001930;30.54;15
0.001916;30.36;15
0.001901;30.46;15
0.001904;30.33;15
0.001903;30.32;15
0.001935;30.53;15
0.001886;30.21;15
0.001919;30.35;15
0.002011;30.40;15
0.001970;30.53;15
0.001921;30.79;15
0.001989;30.97;15
0.001891;30.43;15
0.001959;30.41;15
0.001901;30.32;15
0.001914;30.26;15
0.001954;30.37;15
0.001907;30.31;15
0.001916;30.62;15
0.001895;30.25;15
0.001894;30.69;15
0.001908;31.06;15
0.001921;30.50;15
0.001912;30.42;15
0.001911;30.03;15
0.001950;30.12;15
0.002041;30.27;15
0.001906;30.39;15
0.001882;30.34;15
0.001912;30.53;15
0.001894;30.32;15
0.001942;30.19;15
0.001937;30.30;15
0.001947;30.39;15
0.002107;30.45;15
0.001963;30.04;15
0.001945;30.01;15
0.001911;30.78;15
0.001912;31.74;15
0.001915;30.55;15
0.001949;32.48;15
0.001892;31.09;15
0.001932;31.89;15
0.002059;30.91;15
0.001898;32.29;15
0.001895;30.80;15
0.001916;31.04;15
0.001914;30.45;15
0.001904;30.39;15
0.001986;30.39;15
0.001912;30.52;16
0.001908;30.46;16
0.001928;30.59;16
0.001917;30.62;16
0.002032;30.37;16
0.001920;30.27;16
0.001936;30.41;16
0.002015;30.29;16
0.001912;30.40;16
0.001963;30.51;16
0.001942;31.14;16
0.001909;31.17;16
0.001990;33.56;16
0.001903;35.41;16
0.001931;32.88;16
0.001958;33.11;16
0.001918;30.96;16
0.001986;32.41;16
0.001904;31.12;16
0.001913;31.32;16
0.002047;31.19;16
0.001930;31.51;16
0.001945;31.29;16
0.001913;30.90;16
0.001923;30.70;16
0.001973;30.54;16
0.001929;31.20;16
0.001907;33.00;16
0.001933;32.36;16
0.001922;32.39;16
0.001960;32.33;16
0.001923;32.47;16
0.001946;33.66;16
0.002003;33.35;16
0.001928;33.02;16
0.001928;31.37;16
0.001963;31.70;16
0.002000;30.93;16
0.002032;31.01;16
0.001916;31.13;16
0.001943;31.01;16
0.001901;31.30;16
0.001979;31.16;16
0.001905;31.26;16
0.001955;33.09;16
0.001948;30.99;16
0.001933;31.62;16
0.001956;31.70;16
0.001927;30.95;16
0.001991;30.85;16
0.001995;31.49;16
0.002030;31.53;16
0.001959;31.97;16
0.002069;31.33;16
0.002090;30.75;16
0.002073;30.77;16
0.001969;30.88;16
0.001999;30.53;16
0.002014;31.19;16
0.002023;31.18;16
0.002053;31.09;16
0.001986;30.92;16
0.001973;30.16;16
0.002045;30.29;16
0.001984;30.36;16
0.002059;30.45;16
0.002015;30.39;16
0.002037;31.30;16
0.001974;29.74;16
0.001953;29.66;16
0.001963;30.22;16
0.002059;30.00;16
0.002035;30.31;16
0.001984;30.39;16
0.001981;30.27;16
0.001947;29.96;16
0.001981;30.31;16
0.001966;30.35;16
0.001995;30.85;16
0.001951;30.44;16
0.002062;30.23;16
0.001970;30.66;16
0.002009;30.43;16
0.001963;31.24;16
0.001970;31.07;16
0.002010;30.58;16
0.001977;32.39;16
0.002028;30.78;16
0.002014;31.28;16
0.001990;30.37;16
0.002045;31.07;16
0.001992;30.45;16
0.001948;31.15;16
0.001986;30.35;16
0.002013;30.24;16
0.001952;30.93;16
0.001942;30.46;16
0.001967;30.76;16
0.002065;30.46;16
0.002154;30.67;16
0.001929;30.70;17
0.001924;30.30;17
0.001944;30.18;17
0.001887;30.40;17
0.001848;30.50;17
0.001852;30.31;17
0.001981;31.17;17
0.001960;31.03;17
0.001893;31.44;17
0.001893;31.29;17
0.001884;31.49;17
0.002000;31.21;17
0.001885;30.94;17
0.001915;30.82;17
0.001836;30.65;17
0.001921;30.75;17
0.001874;30.47;17
0.001879;30.31;17
0.001870;30.48;17
0.001856;30.43;17
0.001871;30.94;17
0.001851;30.77;17
0.001875;30.75;17
0.001831;30.85;17
0.001847;30.97;17
0.001845;30.86;17
0.001852;30.65;17
0.002408;30.90;17
0.001890;30.85;17
0.001851;31.19;17
0.001891;30.64;17
0.001892;31.14;17
0.001862;30.30;17
0.001836;30.28;17
0.001920;30.04;17
0.001874;30.76;17
0.001877;31.38;17
0.001876;31.21;17
0.002005;31.40;17
0.002000;31.50;17
0.001945;31.52;17
0.002040;31.59;17
0.001884;30.84;17
0.001868;31.50;17
0.001948;30.86;17
0.001862;31.86;17
0.001906;31.44;17
0.001832;31.92;17
0.001850;31.40;17
0.001899;31.09;17
0.001969;30.41;17
0.001967;30.16;17
0.001969;29.96;17
0.002012;30.32;17
0.001983;30.33;17
0.001974;30.22;17
0.001959;30.10;17
0.001979;30.28;17
0.001961;30.22;17
0.001968;30.00;17
0.002075;30.19;17
0.001996;30.07;17
0.001972;30.17;17
0.001998;30.21;17
0.002019;30.20;17
0.001990;30.17;17
0.001955;30.10;17
0.001965;30.00;17
0.002012;29.97;17
0.002013;30.07;17
0.001950;30.12;17
0.002044;30.15;17
0.001954;30.13;17
0.001954;30.20;17
0.001960;30.10;17
0.001962;30.20;17
0.001979;30.36;17
0.002070;30.37;17
0.002056;30.26;17
0.002054;30.29;17
0.002017;30.32;17
0.001948;30.04;17
0.001961;30.32;17
0.001987;30.23;17
0.001955;30.19;17
0.001955;30.03;17
0.001980;30.04;17
0.001967;30.19;17
0.001961;30.24;17
0.001992;30.27;17
0.001962;30.21;17
0.002022;30.24;17
0.001965;30.27;17
0.002108;30.11;17
0.001971;30.06;17
0.001969;30.19;17
0.001958;30.21;17
0.002021;30.03;17
0.001989;30.46;17
0.001971;30.17;17
0.001841;29.98;18
0.001835;30.15;18
0.001876;30.13;18
0.001861;30.13;18
0.001954;29.93;18
0.001825;29.98;18
0.001930;29.92;18
0.001826;30.26;18
0.001832;30.16;18
0.001858;30.25;18
0.001846;30.45;18
0.001827;30.12;18
0.001880;29.92;18
0.001842;30.18;18
0.001848;29.99;18
0.001827;30.13;18
0.001908;30.31;18
0.001893;30.12;18
0.001838;30.01;18
0.001811;30.12;18
0.001829;30.14;18
0.001909;30.07;18
0.001872;30.19;18
0.001830;30.31;18
0.001863;30.35;18
0.001846;30.12;18
0.001869;30.14;18
0.001808;30.25;18
0.001880;30.14;18
0.001838;30.09;18
0.001923;30.15;18
0.001824;30.05;18
0.002173;30.18;18
0.001821;30.19;18
0.001806;30.41;18
0.001901;30.40;18
0.001815;30.10;18
0.001844;30.36;18
0.001880;31.03;18
0.001803;30.62;18
0.001936;31.96;18
0.001870;30.40;18
0.001822;30.86;18
0.001822;30.29;18
0.001869;31.23;18
0.001965;30.87;18
0.001822;30.80;18
0.001810;30.49;18
0.001832;30.62;18
0.001819;30.19;18
0.001948;30.02;18
0.001962;30.04;18
0.002007;30.25;18
0.001987;30.06;18
0.001997;30.11;18
0.001969;30.86;18
0.001953;30.53;18
0.001935;30.24;18
0.002154;30.54;18
0.001943;30.08;18
0.001941;30.40;18
0.002011;30.13;18
0.001944;30.75;18
0.001987;29.99;18
0.001963;30.11;18
0.001964;30.08;18
0.001989;29.98;18
0.001994;30.42;18
0.001945;30.19;18
0.001953;30.18;18
0.001982;30.27;18
0.001975;30.23;18
0.001966;30.66;18
