loss;elapsed time;iteration
1.410904;27.85;0
1.128181;27.84;0
0.919819;27.85;0
0.770414;27.65;0
0.668275;27.36;0
0.588589;27.45;0
0.519231;27.58;0
0.457561;27.50;0
0.402477;27.56;0
0.353516;27.65;0
0.310391;28.02;0
0.272850;28.07;0
0.240558;27.98;0
0.213066;27.54;0
0.189836;27.80;0
0.170342;27.97;0
0.154024;27.69;0
0.140366;27.63;0
0.128888;27.55;0
0.119150;27.57;0
0.110777;27.36;0
0.103458;27.72;0
0.096931;27.85;0
0.091001;27.97;0
0.085571;27.74;0
0.080567;27.70;0
0.075919;28.09;0
0.071580;28.07;0
0.067502;28.03;0
0.063652;27.93;0
0.060004;27.95;0
0.056534;27.51;0
0.053227;27.25;0
0.050071;27.84;0
0.047058;27.64;0
0.044179;27.59;0
0.041434;27.54;0
0.038819;27.82;0
0.036328;27.87;0
0.033960;28.03;0
0.031713;27.78;0
0.029587;27.66;0
0.027586;27.63;0
0.025706;27.49;0
0.023943;27.64;0
0.022296;27.72;0
0.020756;27.90;0
0.019320;27.67;0
0.017984;27.81;0
0.016742;27.34;0
0.015588;27.46;0
0.014521;27.25;0
0.013533;27.33;0
0.012622;28.02;0
0.011781;27.83;0
0.011005;27.73;0
0.010292;27.46;0
0.009637;27.71;0
0.009034;27.51;0
0.008481;27.80;0
0.007975;27.64;0
0.007513;27.41;0
0.007093;27.69;0
0.006710;27.52;0
0.006363;27.53;0
0.006049;28.04;0
0.005764;27.98;0
0.005506;27.78;0
0.005271;28.09;0
0.005056;27.97;0
0.004861;27.93;0
0.004682;27.81;0
0.004518;27.69;0
0.004367;28.10;0
0.004229;28.16;0
0.004102;27.92;0
0.003983;28.26;0
0.003871;27.87;0
0.003767;28.62;0
0.003670;28.58;0
0.003578;28.61;0
0.003492;28.21;0
0.003411;28.02;0
0.003334;27.84;0
0.003261;27.81;0
0.003193;27.63;0
0.003128;27.63;0
0.003068;27.63;0
0.003011;28.17;0
0.002957;28.09;0
0.002906;27.67;0
0.002858;27.96;0
0.002813;28.13;0
0.002771;28.04;0
0.002731;28.42;0
0.002694;27.95;0
0.002658;27.92;0
0.002625;28.05;0
0.002594;28.29;0
0.002564;28.08;0
0.217118;28.45;1
0.174107;28.12;1
0.144879;27.63;1
0.124342;27.65;1
0.109189;28.04;1
0.097349;27.70;1
0.087690;27.43;1
0.079550;27.66;1
0.072528;27.55;1
0.066369;27.66;1
0.060898;28.03;1
0.055995;28.25;1
0.051566;28.15;1
0.047548;28.20;1
0.043886;27.62;1
0.040536;27.81;1
0.037469;28.00;1
0.034655;27.97;1
0.032070;27.66;1
0.029683;27.68;1
0.027472;28.00;1
0.025426;27.75;1
0.023534;28.06;1
0.021786;28.01;1
0.020169;27.57;1
0.018675;27.81;1
0.017297;27.79;1
0.016030;27.79;1
0.014866;28.20;1
0.013797;27.66;1
0.012819;27.81;1
0.011927;27.83;1
0.011113;28.25;1
0.010372;28.43;1
0.009699;28.64;1
0.009089;28.64;1
0.008536;28.64;1
0.008036;27.78;1
0.007586;27.75;1
0.007181;27.55;1
0.006817;28.02;1
0.006490;27.84;1
0.006195;27.41;1
0.005930;27.57;1
0.005691;27.69;1
0.005475;27.97;1
0.005280;27.71;1
0.005102;27.90;1
0.004941;27.85;1
0.004792;27.98;1
0.004457;27.67;1
0.004333;27.78;1
0.004242;27.78;1
0.004165;27.76;1
0.004098;27.87;1
0.004037;27.83;1
0.003981;27.46;1
0.003930;27.54;1
0.003882;27.72;1
0.003837;27.62;1
0.003795;27.60;1
0.003755;27.90;1
0.003718;27.64;1
0.003683;27.92;1
0.003649;27.62;1
0.003617;28.07;1
0.003587;28.04;1
0.003559;28.09;1
0.003531;28.38;1
0.003505;27.91;1
0.003480;27.74;1
0.003457;27.57;1
0.003434;27.58;1
0.003413;27.62;1
0.003392;27.73;1
0.003372;28.53;1
0.003353;28.40;1
0.003335;28.05;1
0.003318;27.77;1
0.003301;27.81;1
0.003285;27.82;1
0.003270;27.83;1
0.003256;27.77;1
0.003242;27.77;1
0.003228;27.58;1
0.003216;27.54;1
0.003203;27.40;1
0.003191;28.08;1
0.003180;28.11;1
0.003169;27.74;1
0.003159;27.40;1
0.003148;27.52;1
0.003139;27.44;1
0.003129;27.98;1
0.003120;28.07;1
0.003111;27.86;1
0.003103;27.67;1
0.003095;27.70;1
0.003087;27.60;1
0.003079;27.45;1
0.003352;27.78;2
0.003273;28.08;2
0.003214;28.20;2
0.003164;27.80;2
0.003120;27.98;2
0.003080;28.34;2
0.003042;28.27;2
0.003008;27.61;2
0.002976;27.74;2
0.002946;27.58;2
0.002918;27.86;2
0.002893;27.95;2
0.002868;28.20;2
0.002846;28.23;2
0.002825;27.59;2
0.002805;27.44;2
0.002787;27.91;2
0.002770;27.90;2
0.002754;27.73;2
0.002739;27.96;2
0.002725;27.95;2
0.002713;27.80;2
0.002701;28.07;2
0.002689;27.92;2
0.002679;27.75;2
0.002669;27.80;2
0.002659;27.71;2
0.002650;27.92;2
0.002642;27.64;2
0.002634;27.72;2
0.002627;27.57;2
0.002620;27.48;2
0.002613;27.53;2
0.002607;27.32;2
0.002601;27.65;2
0.002595;28.09;2
0.002590;28.11;2
0.002585;28.22;2
0.002580;28.25;2
0.002576;28.67;2
0.002571;28.54;2
0.002567;28.23;2
0.002563;27.89;2
0.002559;28.19;2
0.002555;28.13;2
0.002552;28.17;2
0.002549;28.45;2
0.002546;28.03;2
0.002543;27.65;2
0.002540;27.66;2
0.002212;27.67;2
0.002200;27.53;2
0.002193;27.57;2
0.002189;27.63;2
0.002185;27.62;2
0.002182;27.90;2
0.002179;27.67;2
0.002177;27.47;2
0.002175;27.46;2
0.002173;27.55;2
0.002171;27.56;2
0.002169;27.37;2
0.002167;27.86;2
0.002166;27.51;2
0.002164;27.44;2
0.002163;27.50;2
0.002162;27.82;2
0.002160;27.71;2
0.002159;27.77;2
0.002158;27.78;2
0.002157;27.78;2
0.002156;27.95;2
0.002155;27.86;2
0.002154;28.55;2
0.002153;28.39;2
0.002152;28.51;2
0.002151;28.32;2
0.002150;27.62;2
0.002149;28.34;2
0.002149;28.46;2
0.002148;28.02;2
0.002147;27.93;2
0.002147;27.91;2
0.002146;27.61;2
0.002145;27.67;2
0.002145;28.05;2
0.002144;27.72;2
0.002143;27.74;2
0.002143;27.62;2
0.002142;27.89;2
0.002142;28.26;2
0.002141;28.23;2
0.002141;28.38;2
0.002140;28.18;2
0.002140;28.30;2
0.002139;27.94;2
0.002139;27.76;2
0.002138;28.00;2
0.002138;27.53;2
0.002137;27.51;2
0.002212;27.64;3
0.002207;27.72;3
0.002204;27.90;3
0.002201;28.03;3
0.002199;28.32;3
0.002196;28.28;3
0.002195;27.62;3
0.002193;28.24;3
0.002191;27.97;3
0.002190;27.94;3
0.002188;28.00;3
0.002187;27.55;3
0.002186;27.58;3
0.002184;27.65;3
0.002183;27.74;3
0.002182;27.82;3
0.002181;27.64;3
0.002180;27.66;3
0.002179;28.22;3
0.002179;28.17;3
0.002178;27.96;3
0.002177;27.65;3
0.002176;28.42;3
0.002175;27.46;3
0.002175;27.89;3
0.002174;27.67;3
0.002174;27.31;3
0.002173;27.56;3
0.002172;27.53;3
0.002172;27.59;3
0.002171;28.01;3
0.002171;28.00;3
0.002170;28.17;3
0.002170;27.82;3
0.002169;28.11;3
0.002169;28.14;3
0.002168;27.86;3
0.002168;27.81;3
0.002168;27.45;3
0.002167;27.70;3
0.002167;27.65;3
0.002166;27.47;3
0.002166;27.67;3
0.002166;27.75;3
0.002165;27.83;3
0.002165;27.74;3
0.002165;27.91;3
0.002164;27.84;3
0.002164;27.81;3
0.002164;27.72;3
0.002077;28.02;3
0.002076;27.70;3
0.002075;27.52;3
0.002074;27.62;3
0.002073;27.64;3
0.002073;27.97;3
0.002072;27.99;3
0.002072;27.98;3
0.002071;27.99;3
0.002071;27.57;3
0.002071;28.11;3
0.002071;27.84;3
0.002070;27.98;3
0.002070;27.97;3
0.002070;27.86;3
0.002069;27.42;3
0.002069;27.73;3
0.002069;27.71;3
0.002068;27.71;3
0.002068;27.57;3
0.002068;27.78;3
0.002067;27.54;3
0.002067;27.69;3
0.002067;27.93;3
0.002067;28.11;3
0.002066;27.95;3
0.002066;27.94;3
0.002066;27.67;3
0.002066;27.70;3
0.002065;27.67;3
0.002065;27.68;3
0.002065;27.80;3
0.002065;27.71;3
0.002065;27.60;3
0.002064;27.67;3
0.002064;28.02;3
0.002064;28.46;3
0.002064;27.83;3
0.002063;28.17;3
0.002063;28.34;3
0.002063;28.03;3
0.002063;28.04;3
0.002063;27.79;3
0.002063;27.67;3
0.002062;27.86;3
0.002062;28.11;3
0.002062;28.12;3
0.002062;27.60;3
0.002061;27.78;3
0.002061;27.87;3
0.002148;27.65;4
0.002147;27.75;4
0.002146;27.97;4
0.002145;27.81;4
0.002145;27.55;4
0.002145;27.57;4
0.002144;27.60;4
0.002143;27.78;4
0.002143;27.73;4
0.002143;28.13;4
0.002142;28.27;4
0.002142;28.04;4
0.002142;27.66;4
0.002141;27.95;4
0.002141;27.95;4
0.002141;28.18;4
0.002140;28.73;4
0.002140;28.40;4
0.002140;28.62;4
0.002139;27.99;4
0.002139;28.01;4
0.002139;27.91;4
0.002139;27.85;4
0.002139;28.22;4
0.002138;28.00;4
0.002138;27.61;4
0.002138;27.76;4
0.002138;27.74;4
0.002138;28.30;4
0.002137;27.99;4
0.002137;28.23;4
0.002137;27.88;4
0.002137;27.66;4
0.002137;28.19;4
0.002136;28.19;4
0.002136;27.97;4
0.002136;27.91;4
0.002136;27.93;4
0.002136;27.78;4
0.002136;27.92;4
0.002135;27.67;4
0.002135;27.77;4
0.002135;27.93;4
0.002135;28.13;4
0.002135;27.90;4
0.002135;27.87;4
0.002135;27.94;4
0.002134;27.99;4
0.002134;27.53;4
0.002134;27.84;4
0.002058;27.93;4
0.002057;27.72;4
0.002057;27.47;4
0.002056;28.00;4
0.002056;28.22;4
0.002056;28.17;4
0.002055;27.69;4
0.002055;28.03;4
0.002055;28.03;4
0.002055;28.34;4
0.002054;27.91;4
0.002054;28.00;4
0.002054;27.83;4
0.002054;27.46;4
0.002054;27.65;4
0.002054;28.09;4
0.002053;27.88;4
0.002053;27.93;4
0.002053;27.77;4
0.002053;27.76;4
0.002053;28.01;4
0.002053;27.76;4
0.002052;27.59;4
0.002052;27.75;4
0.002052;27.66;4
0.002052;27.63;4
0.002052;27.79;4
0.002052;27.89;4
0.002052;27.81;4
0.002052;27.66;4
0.002051;27.89;4
0.002051;27.87;4
0.002051;28.10;4
0.002051;27.88;4
0.002051;27.76;4
0.002051;27.40;4
0.002051;27.79;4
0.002051;27.85;4
0.002050;27.65;4
0.002050;28.05;4
0.002050;28.05;4
0.002050;27.80;4
0.002050;27.67;4
0.002050;27.61;4
0.002050;27.42;4
0.002050;27.46;4
0.002050;27.63;4
0.002050;27.65;4
0.002049;27.71;4
0.002049;27.79;4
0.002121;27.93;5
0.002120;27.93;5
0.002120;27.85;5
0.002119;28.01;5
0.002119;28.11;5
0.002119;28.11;5
0.002118;28.14;5
0.002118;28.04;5
0.002118;27.90;5
0.002118;27.82;5
0.002118;27.82;5
0.002117;27.82;5
0.002117;27.80;5
0.002117;27.96;5
0.002117;27.89;5
0.002117;28.38;5
0.002116;27.85;5
0.002116;28.01;5
0.002116;28.03;5
0.002116;28.20;5
0.002116;27.54;5
0.002116;27.97;5
0.002116;27.85;5
0.002116;28.02;5
0.002115;27.52;5
0.002115;27.61;5
0.002115;28.05;5
0.002116;27.85;5
0.002115;27.64;5
0.002115;27.85;5
0.002115;28.01;5
0.002115;27.90;5
0.002115;28.65;5
0.002115;27.93;5
0.002114;27.99;5
0.002115;28.26;5
0.002114;27.91;5
0.002114;28.31;5
0.002114;28.49;5
0.002114;28.47;5
0.002114;27.99;5
0.002114;27.48;5
0.002113;27.63;5
0.002114;27.68;5
0.002114;27.74;5
0.002113;27.52;5
0.002113;27.68;5
0.002114;27.97;5
0.002113;28.24;5
0.002113;28.19;5
0.002049;27.92;5
0.002048;28.28;5
0.002048;28.13;5
0.002048;28.24;5
0.002048;27.61;5
0.002047;27.87;5
0.002047;27.79;5
0.002047;27.88;5
0.002047;27.84;5
0.002047;28.16;5
0.002047;28.17;5
0.002047;28.06;5
0.002046;28.51;5
0.002046;28.65;5
0.002046;28.49;5
0.002046;28.24;5
0.002046;28.53;5
0.002046;28.50;5
0.002046;27.74;5
0.002046;28.40;5
0.002046;28.06;5
0.002046;27.91;5
0.002045;27.66;5
0.002045;28.20;5
0.002045;28.17;5
0.002045;28.11;5
0.002045;28.02;5
0.002045;28.18;5
0.002045;28.08;5
0.002045;27.85;5
0.002045;28.02;5
0.002045;28.09;5
0.002045;27.92;5
0.002045;28.32;5
0.002045;27.86;5
0.002044;28.03;5
0.002044;27.88;5
0.002044;27.76;5
0.002044;28.13;5
0.002044;28.26;5
0.002044;28.08;5
0.002044;28.29;5
0.002044;28.25;5
0.002044;27.95;5
0.002044;27.74;5
0.002044;27.65;5
0.002044;27.94;5
0.002044;27.82;5
0.002044;27.42;5
0.002044;27.51;5
0.002122;28.10;6
0.002121;28.01;6
0.002121;27.94;6
0.002121;27.91;6
0.002120;27.86;6
0.002120;27.69;6
0.002120;28.17;6
0.002120;28.08;6
0.002120;27.80;6
0.002119;27.62;6
0.002119;27.58;6
0.002119;27.95;6
0.002119;27.94;6
0.002119;27.43;6
0.002119;27.44;6
0.002119;27.93;6
0.002119;28.04;6
0.002119;28.19;6
0.002119;27.66;6
0.002118;27.92;6
0.002118;27.97;6
0.002118;28.05;6
0.002118;28.03;6
0.002118;28.03;6
0.002118;27.96;6
0.002118;27.93;6
0.002118;27.94;6
0.002118;27.91;6
0.002117;27.86;6
0.002117;27.89;6
0.002117;27.66;6
0.002117;27.90;6
0.002117;27.77;6
0.002117;27.78;6
0.002117;27.47;6
0.002117;27.73;6
0.002117;27.83;6
0.002117;28.02;6
0.002117;27.94;6
0.002117;28.13;6
0.002117;28.60;6
0.002117;28.57;6
0.002116;28.12;6
0.002116;28.01;6
0.002116;27.94;6
0.002116;28.14;6
0.002116;28.32;6
0.002116;27.73;6
0.002116;27.86;6
0.002116;27.66;6
0.002049;27.72;6
0.002048;27.65;6
0.002048;27.67;6
0.002048;27.63;6
0.002048;27.75;6
0.002047;27.98;6
0.002048;28.35;6
0.002047;28.00;6
0.002047;28.11;6
0.002047;28.02;6
0.002047;28.42;6
0.002047;28.15;6
0.002047;28.23;6
0.002047;27.74;6
0.002047;28.02;6
0.002047;27.75;6
0.002047;27.96;6
0.002047;27.83;6
0.002046;28.00;6
0.002046;28.30;6
0.002047;27.88;6
0.002046;28.36;6
0.002046;27.95;6
0.002046;28.34;6
0.002046;27.95;6
0.002046;27.88;6
0.002046;27.84;6
0.002046;28.08;6
0.002046;27.76;6
0.002046;27.87;6
0.002046;27.64;6
0.002046;27.85;6
0.002046;27.89;6
0.002046;28.08;6
0.002046;28.03;6
0.002046;27.84;6
0.002046;27.88;6
0.002046;27.57;6
0.002045;27.43;6
0.002046;27.80;6
0.002045;27.88;6
0.002045;27.84;6
0.002045;27.56;6
0.002045;27.99;6
0.002045;27.83;6
0.002045;27.86;6
0.002045;27.80;6
0.002045;27.72;6
0.002045;28.01;6
0.002045;28.02;6
0.002134;27.79;7
0.002133;27.74;7
0.002133;27.61;7
0.002133;28.09;7
0.002133;27.97;7
0.002132;27.85;7
0.002132;27.75;7
0.002132;27.85;7
0.002132;28.01;7
0.002132;28.06;7
0.002132;27.82;7
0.002131;27.83;7
0.002131;27.95;7
0.002132;27.96;7
0.002131;27.85;7
0.002131;27.89;7
0.002131;27.81;7
0.002131;28.26;7
0.002131;28.18;7
0.002131;28.06;7
0.002131;28.13;7
0.002131;27.86;7
0.002131;28.16;7
0.002131;27.80;7
0.002130;27.79;7
0.002130;27.71;7
0.002130;27.92;7
0.002130;28.02;7
0.002130;27.84;7
0.002130;27.89;7
0.002130;28.10;7
0.002130;28.22;7
0.002130;28.26;7
0.002130;28.23;7
0.002130;28.35;7
0.002130;28.07;7
0.002130;27.61;7
0.002130;27.72;7
0.002130;27.69;7
0.002130;27.62;7
0.002129;27.70;7
0.002129;27.51;7
0.002129;27.84;7
0.002129;28.12;7
0.002129;27.88;7
0.002129;27.90;7
0.002129;27.92;7
0.002129;28.08;7
0.002129;28.08;7
0.002129;27.68;7
0.002054;27.69;7
0.002053;27.89;7
0.002053;27.78;7
0.002053;27.82;7
0.002053;27.65;7
0.002053;27.74;7
0.002052;28.01;7
0.002052;28.03;7
0.002052;27.97;7
0.002052;27.94;7
0.002052;27.79;7
0.002052;27.77;7
0.002052;27.97;7
0.002052;28.09;7
0.002052;27.83;7
0.002052;27.89;7
0.002052;27.93;7
0.002052;27.88;7
0.002052;27.70;7
0.002052;27.88;7
0.002051;27.87;7
0.002051;27.84;7
0.002051;28.08;7
0.002051;27.79;7
0.002051;27.38;7
0.002051;27.57;7
0.002051;27.70;7
0.002051;27.92;7
0.002051;27.97;7
0.002051;27.73;7
0.002051;27.99;7
0.002051;28.21;7
0.002051;28.54;7
0.002051;27.86;7
0.002051;27.75;7
0.002051;27.79;7
0.002051;28.03;7
0.002051;28.07;7
0.002051;28.20;7
0.002051;28.24;7
0.002051;27.73;7
0.002051;28.01;7
0.002050;27.87;7
0.002050;27.80;7
0.002050;27.89;7
0.002050;27.66;7
0.002050;27.76;7
0.002050;27.67;7
0.002050;27.94;7
0.002050;28.13;7
0.002137;28.26;8
0.002137;27.80;8
0.002137;27.41;8
0.002136;27.48;8
0.002136;27.79;8
0.002136;27.76;8
0.002136;27.78;8
0.002136;28.32;8
0.002136;28.61;8
0.002136;27.77;8
0.002136;28.00;8
0.002135;28.51;8
0.002135;28.15;8
0.002135;27.60;8
0.002135;27.74;8
0.002135;27.63;8
0.002135;27.79;8
0.002135;27.52;8
0.002135;27.87;8
0.002135;27.94;8
0.002135;27.62;8
0.002135;27.86;8
0.002135;27.99;8
0.002135;28.15;8
0.002135;27.71;8
0.002135;27.86;8
0.002135;27.98;8
0.002134;28.05;8
0.002134;28.20;8
0.002135;27.62;8
0.002134;27.66;8
0.002134;27.73;8
0.002134;27.82;8
0.002134;27.60;8
0.002134;27.70;8
0.002134;27.80;8
0.002134;28.07;8
0.002134;27.80;8
0.002134;27.77;8
0.002134;28.15;8
0.002134;27.87;8
0.002134;28.22;8
0.002134;27.72;8
0.002134;27.74;8
0.002134;27.54;8
0.002134;27.64;8
0.002134;27.44;8
0.002134;27.40;8
0.002134;27.68;8
0.002134;27.82;8
0.002051;28.54;8
0.002050;28.56;8
0.002050;28.04;8
0.002050;28.22;8
0.002050;28.68;8
0.002050;28.55;8
0.002050;27.99;8
0.002049;27.73;8
0.002049;27.78;8
0.002049;27.77;8
0.002049;27.88;8
0.002049;27.75;8
0.002049;27.97;8
0.002049;27.96;8
0.002049;27.91;8
0.002049;27.76;8
0.002049;27.63;8
0.002049;27.84;8
0.002049;27.68;8
0.002049;27.96;8
0.002049;27.95;8
0.002049;27.67;8
0.002048;27.52;8
0.002048;27.83;8
0.002048;27.90;8
0.002048;27.71;8
0.002048;27.74;8
0.002048;27.83;8
0.002048;28.03;8
0.002048;28.35;8
0.002048;28.42;8
0.002048;27.96;8
0.002048;27.90;8
0.002048;27.64;8
0.002048;27.58;8
0.002048;27.82;8
0.002048;27.87;8
0.002048;27.90;8
0.002048;27.96;8
0.002048;28.51;8
0.002048;27.94;8
0.002048;27.78;8
0.002048;27.77;8
0.002048;27.80;8
0.002048;28.12;8
0.002048;28.00;8
0.002047;27.78;8
0.002047;27.92;8
0.002047;28.03;8
0.002047;27.75;8
0.002156;27.69;9
0.002155;28.00;9
0.002154;27.98;9
0.002154;28.15;9
0.002154;27.66;9
0.002153;27.62;9
0.002154;27.72;9
0.002153;28.21;9
0.002153;27.87;9
0.002153;27.82;9
0.002153;27.87;9
0.002154;27.72;9
0.002153;27.79;9
0.002153;27.80;9
0.002153;27.69;9
0.002153;27.76;9
0.002152;27.62;9
0.002153;27.43;9
0.002152;27.44;9
0.002152;27.71;9
0.002152;27.76;9
0.002152;27.96;9
0.002152;28.14;9
0.002152;27.82;9
0.002152;27.70;9
0.002152;27.88;9
0.002152;27.60;9
0.002152;27.71;9
0.002152;27.88;9
0.002152;27.90;9
0.002152;27.89;9
0.002152;27.72;9
0.002152;27.71;9
0.002152;27.58;9
0.002151;27.48;9
0.002151;27.44;9
0.002152;27.73;9
0.002151;28.37;9
0.002152;28.46;9
0.002151;27.89;9
0.002151;27.75;9
0.002151;27.61;9
0.002151;27.68;9
0.002151;27.60;9
0.002151;27.55;9
0.002151;27.57;9
0.002151;27.65;9
0.002151;27.64;9
0.002151;27.37;9
0.002151;27.91;9
0.002051;27.86;9
0.002050;27.65;9
0.002050;27.74;9
0.002050;28.05;9
0.002050;28.04;9
0.002049;28.00;9
0.002049;28.00;9
0.002049;27.77;9
0.002049;27.55;9
0.002049;27.52;9
0.002049;27.55;9
0.002049;27.68;9
0.002049;27.70;9
0.002049;27.72;9
0.002049;28.08;9
0.002049;28.28;9
0.002049;27.75;9
0.002049;28.07;9
0.002049;28.26;9
0.002049;28.04;9
0.002049;27.51;9
0.002048;27.48;9
0.002049;27.90;9
0.002048;27.76;9
0.002049;27.82;9
0.002049;27.75;9
0.002049;27.92;9
0.002048;28.29;9
0.002048;27.92;9
0.002048;27.88;9
0.002048;27.72;9
0.002048;27.66;9
0.002048;28.09;9
0.002048;28.05;9
0.002048;27.96;9
0.002048;27.87;9
0.002048;28.14;9
0.002048;27.98;9
0.002048;27.95;9
0.002048;27.82;9
0.002048;27.79;9
0.002048;27.72;9
0.002048;27.76;9
0.002048;28.10;9
0.002048;27.87;9
0.002048;28.13;9
0.002048;28.37;9
0.002048;28.21;9
0.002048;27.93;9
0.002048;28.03;9
0.002169;27.96;10
0.002168;27.99;10
0.002168;27.94;10
0.002167;28.18;10
0.002167;28.02;10
0.002167;28.02;10
0.002167;28.11;10
0.002167;27.75;10
0.002167;28.13;10
0.002166;27.92;10
0.002166;27.84;10
0.002166;27.90;10
0.002166;27.95;10
0.002166;27.48;10
0.002166;27.64;10
0.002166;27.98;10
0.002166;27.74;10
0.002166;28.05;10
0.002166;28.44;10
0.002166;28.28;10
0.002166;28.79;10
0.002166;28.84;10
0.002166;28.14;10
0.002165;28.24;10
0.002165;28.37;10
0.002165;28.28;10
0.002165;28.05;10
0.002165;28.06;10
0.002165;27.59;10
0.002165;27.65;10
0.002165;27.70;10
0.002165;28.33;10
0.002165;27.96;10
0.002165;28.01;10
0.002165;28.10;10
0.002165;28.09;10
0.002165;28.19;10
0.002165;28.14;10
0.002165;27.90;10
0.002165;27.85;10
0.002165;27.60;10
0.002165;27.59;10
0.002165;27.95;10
0.002165;27.70;10
0.002165;27.94;10
0.002164;27.87;10
0.002164;28.02;10
0.002164;27.93;10
0.002164;27.91;10
0.002164;28.40;10
0.002064;27.98;10
0.002063;27.61;10
0.002062;27.77;10
0.002062;27.57;10
0.002062;27.71;10
0.002062;27.67;10
0.002062;27.75;10
0.002062;28.05;10
0.002062;28.03;10
0.002062;28.15;10
0.002062;27.66;10
0.002062;27.77;10
0.002062;27.87;10
0.002062;28.05;10
0.002061;28.11;10
0.002061;27.85;10
0.002061;27.83;10
0.002061;27.75;10
0.002061;27.60;10
0.002061;27.51;10
0.002061;27.91;10
0.002061;27.93;10
0.002061;27.94;10
0.002061;27.95;10
0.002060;28.15;10
0.002061;27.63;10
0.002061;27.62;10
0.002060;27.67;10
0.002061;27.73;10
0.002060;28.08;10
0.002061;28.07;10
0.002061;27.94;10
0.002060;28.33;10
0.002060;27.84;10
0.002060;27.85;10
0.002060;28.16;10
0.002060;27.86;10
0.002061;28.11;10
0.002060;27.78;10
0.002060;27.61;10
0.002060;27.60;10
0.002061;27.71;10
0.002061;27.87;10
0.002060;27.92;10
0.002060;27.81;10
0.002060;27.81;10
0.002060;27.95;10
0.002060;27.70;10
0.002060;27.61;10
0.002060;27.98;10
0.002202;27.88;11
0.002200;27.52;11
0.002199;27.73;11
0.002199;27.64;11
0.002199;27.79;11
0.002198;27.81;11
0.002198;28.11;11
0.002198;27.67;11
0.002198;27.93;11
0.002198;28.08;11
0.002198;27.78;11
0.002197;28.07;11
0.002197;28.01;11
0.002197;28.04;11
0.002197;28.05;11
0.002197;27.64;11
0.002197;27.52;11
0.002197;28.14;11
0.002197;28.09;11
0.002197;27.62;11
0.002197;27.67;11
0.002197;27.99;11
0.002196;27.53;11
0.002196;27.90;11
0.002196;27.65;11
0.002196;27.98;11
0.002196;27.77;11
0.002196;27.85;11
0.002196;27.99;11
0.002196;27.76;11
0.002196;27.55;11
0.002196;27.92;11
0.002196;27.89;11
0.002196;27.93;11
0.002196;28.03;11
0.002196;27.92;11
0.002196;28.19;11
0.002196;27.82;11
0.002196;27.73;11
0.002196;27.68;11
0.002195;27.97;11
0.002195;27.99;11
0.002195;28.10;11
0.002195;27.57;11
0.002195;27.87;11
0.002195;27.70;11
0.002195;27.97;11
0.002195;27.95;11
0.002195;27.69;11
0.002195;27.96;11
0.002067;27.80;11
0.002065;28.11;11
0.002064;27.93;11
0.002064;28.01;11
0.002063;27.93;11
0.002063;28.04;11
0.002063;27.94;11
0.002063;28.02;11
0.002062;27.95;11
0.002062;27.79;11
0.002062;27.67;11
0.002062;27.70;11
0.002062;27.63;11
0.002062;28.00;11
0.002062;27.91;11
0.002062;27.79;11
0.002061;27.82;11
0.002061;27.80;11
0.002061;27.88;11
0.002061;28.23;11
0.002061;28.18;11
0.002061;28.32;11
0.002061;28.20;11
0.002061;28.19;11
0.002061;27.91;11
0.002061;28.00;11
0.002061;27.92;11
0.002061;27.82;11
0.002061;27.74;11
0.002061;27.67;11
0.002061;27.71;11
0.002061;28.02;11
0.002060;28.15;11
0.002060;27.95;11
0.002060;27.86;11
0.002060;27.89;11
0.002060;28.19;11
0.002060;28.04;11
0.002060;27.77;11
0.002060;27.71;11
0.002060;27.90;11
0.002060;27.99;11
0.002060;27.67;11
0.002060;27.54;11
0.002060;27.66;11
0.002060;27.72;11
0.002060;27.58;11
0.002060;27.71;11
0.002060;27.63;11
0.002060;27.92;11
0.002286;28.07;12
0.002284;28.11;12
0.002281;28.07;12
0.002280;27.98;12
0.002279;28.55;12
0.002279;28.43;12
0.002278;28.04;12
0.002277;27.89;12
0.002277;27.92;12
0.002277;27.90;12
0.002277;27.92;12
0.002276;27.99;12
0.002276;27.37;12
0.002276;27.52;12
0.002275;27.54;12
0.002276;27.65;12
0.002275;27.88;12
0.002275;27.78;12
0.002275;28.04;12
0.002275;27.77;12
0.002275;28.02;12
0.002274;28.00;12
0.002274;27.89;12
0.002274;27.50;12
0.002274;27.49;12
0.002274;27.61;12
0.002274;28.03;12
0.002274;27.65;12
0.002273;27.41;12
0.002273;27.36;12
0.002273;27.54;12
0.002273;27.57;12
0.002273;27.70;12
0.002273;28.31;12
0.002272;27.82;12
0.002272;27.79;12
0.002272;27.51;12
0.002272;27.66;12
0.002272;27.73;12
0.002272;27.88;12
0.002272;27.91;12
0.002272;27.80;12
0.002272;28.09;12
0.002272;27.73;12
0.002272;27.57;12
0.002271;27.87;12
0.002272;27.81;12
0.002271;28.02;12
0.002271;27.95;12
0.002271;27.82;12
0.002132;27.62;12
0.002127;28.11;12
0.002124;28.10;12
0.002122;27.93;12
0.002121;27.69;12
0.002120;27.44;12
0.002120;27.74;12
0.002119;27.53;12
0.002118;27.51;12
0.002118;27.64;12
0.002117;27.92;12
0.002117;27.90;12
0.002117;27.74;12
0.002116;27.91;12
0.002116;27.91;12
0.002116;28.25;12
0.002116;28.05;12
0.002115;27.95;12
0.002115;27.94;12
0.002115;27.44;12
0.002115;27.49;12
0.002115;27.57;12
0.002114;27.72;12
0.002114;27.96;12
0.002114;27.92;12
0.002114;28.13;12
0.002114;27.71;12
0.002114;27.90;12
0.002113;28.05;12
0.002113;28.09;12
0.002113;28.60;12
0.002113;27.92;12
0.002113;27.82;12
0.002113;27.78;12
0.002113;27.58;12
0.002113;27.69;12
0.002113;27.56;12
0.002112;27.49;12
0.002112;27.75;12
0.002112;27.84;12
0.002112;27.74;12
0.002112;28.12;12
0.002112;27.74;12
0.002112;27.93;12
0.002112;27.81;12
0.002112;27.73;12
0.002112;27.70;12
0.002112;28.03;12
0.002112;27.77;12
0.002112;27.84;12
0.002584;27.68;13
0.002570;28.12;13
0.002562;28.06;13
0.002557;27.92;13
0.002554;27.83;13
0.002551;28.11;13
0.002549;27.88;13
0.002547;27.79;13
0.002545;28.16;13
0.002543;28.43;13
0.002542;28.20;13
0.002541;27.92;13
0.002540;27.86;13
0.002539;27.77;13
0.002538;27.90;13
0.002537;27.92;13
0.002536;28.10;13
0.002536;28.03;13
0.002534;28.17;13
0.002534;27.98;13
0.002533;27.75;13
0.002533;28.02;13
0.002532;28.01;13
0.002532;28.52;13
0.002531;28.27;13
0.002530;28.41;13
0.002530;27.77;13
0.002530;27.80;13
0.002529;28.01;13
0.002528;28.22;13
0.002528;28.49;13
0.002528;27.82;13
0.002527;27.93;13
0.002526;27.71;13
0.002526;28.25;13
0.002526;28.22;13
0.002525;28.20;13
0.002525;27.91;13
0.002525;27.81;13
0.002525;27.89;13
0.002524;27.75;13
0.002524;27.86;13
0.002523;27.90;13
0.002523;27.96;13
0.002523;27.94;13
0.002522;27.88;13
0.002522;27.57;13
0.002523;27.81;13
0.002522;27.95;13
0.002522;27.85;13
0.002538;27.83;13
0.002515;27.68;13
0.002504;28.27;13
0.002496;28.24;13
0.002490;27.78;13
0.002485;27.87;13
0.002481;28.20;13
0.002478;27.79;13
0.002475;27.85;13
0.002472;27.96;13
0.002470;28.00;13
0.002468;28.29;13
0.002466;27.88;13
0.002464;27.98;13
0.002463;28.00;13
0.002461;27.99;13
0.002460;28.01;13
0.002459;27.67;13
0.002458;27.52;13
0.002457;27.61;13
0.002456;27.97;13
0.002455;27.91;13
0.002454;27.92;13
0.002453;27.93;13
0.002453;27.96;13
0.002452;28.06;13
0.002451;28.14;13
0.002451;28.14;13
0.002450;27.77;13
0.002450;27.74;13
0.002449;27.58;13
0.002449;27.71;13
0.002448;27.60;13
0.002448;27.80;13
0.002447;27.90;13
0.002447;27.83;13
0.002446;28.41;13
0.002446;28.05;13
0.002446;28.40;13
0.002445;28.03;13
0.002445;28.11;13
0.002444;27.96;13
0.002444;27.80;13
0.002444;27.83;13
0.002443;27.61;13
0.002443;27.91;13
0.002443;28.01;13
0.002443;28.11;13
0.002442;28.44;13
0.002442;27.98;13
0.003516;27.48;14
0.003484;27.49;14
0.003467;27.41;14
0.003455;27.60;14
0.003447;27.72;14
0.003440;27.77;14
0.003434;28.37;14
0.003429;27.78;14
0.003424;27.95;14
0.003420;27.95;14
0.003417;27.92;14
0.003414;27.96;14
0.003410;27.79;14
0.003407;28.58;14
0.003405;27.72;14
0.003402;27.85;14
0.003400;27.73;14
0.003398;28.21;14
0.003396;28.01;14
0.003394;27.98;14
0.003392;28.12;14
0.003390;28.22;14
0.003389;27.99;14
0.003387;27.92;14
0.003386;28.08;14
0.003384;27.88;14
0.003383;27.91;14
0.003381;27.69;14
0.003380;27.57;14
0.003378;27.69;14
0.003377;27.97;14
0.003376;27.70;14
0.003375;27.62;14
0.003373;27.77;14
0.003372;28.02;14
0.003372;28.01;14
0.003371;28.24;14
0.003369;27.92;14
0.003368;27.81;14
0.003367;27.71;14
0.003366;27.84;14
0.003365;27.53;14
0.003364;27.83;14
0.003363;27.64;14
0.003363;27.84;14
0.003362;27.88;14
0.003361;27.90;14
0.003360;27.59;14
0.003359;27.52;14
0.003358;27.56;14
0.003690;27.99;14
0.003644;28.06;14
0.003620;27.67;14
0.003605;27.82;14
0.003594;27.78;14
0.003585;27.95;14
0.003577;28.33;14
0.003570;28.02;14
0.003564;27.73;14
0.003558;27.68;14
0.003553;27.99;14
0.003549;27.78;14
0.003545;27.78;14
0.003540;27.76;14
0.003537;28.01;14
0.003534;27.76;14
0.003530;28.37;14
0.003527;28.23;14
0.003524;28.27;14
0.003521;28.10;14
0.003519;28.15;14
0.003516;27.92;14
0.003514;27.52;14
0.003512;27.80;14
0.003510;27.70;14
0.003508;27.92;14
0.003506;27.90;14
0.003504;27.84;14
0.003502;28.16;14
0.003501;28.24;14
0.003499;27.81;14
0.003497;27.80;14
0.003495;27.80;14
0.003494;28.17;14
0.003492;28.05;14
0.003491;27.95;14
0.003490;27.89;14
0.003488;27.78;14
0.003487;27.57;14
0.003486;27.57;14
0.003485;27.93;14
0.003484;27.89;14
0.003482;27.84;14
0.003481;27.89;14
0.003480;27.95;14
0.003479;27.88;14
0.003478;27.90;14
0.003477;28.08;14
0.003476;28.26;14
0.003475;27.98;14
0.004837;28.25;15
0.004763;27.89;15
0.004721;27.70;15
0.004691;28.10;15
0.004668;28.02;15
0.004650;27.83;15
0.004634;27.95;15
0.004621;27.93;15
0.004609;28.04;15
0.004599;28.31;15
0.004589;27.81;15
0.004581;27.97;15
0.004573;28.11;15
0.004567;28.51;15
0.004560;28.37;15
0.004555;27.94;15
0.004550;27.79;15
0.004545;28.14;15
0.004541;27.62;15
0.004536;27.62;15
0.004532;27.67;15
0.004528;27.64;15
0.004524;28.11;15
0.004521;27.83;15
0.004518;27.92;15
0.004514;28.20;15
0.004511;27.97;15
0.004509;27.94;15
0.004505;27.89;15
0.004503;28.21;15
0.004500;28.04;15
0.004497;27.90;15
0.004495;28.09;15
0.004492;27.91;15
0.004490;28.17;15
0.004488;28.09;15
0.004485;27.97;15
0.004483;27.63;15
0.004481;27.95;15
0.004479;28.51;15
0.004477;28.10;15
0.004475;28.52;15
0.004473;28.06;15
0.004471;28.25;15
0.004470;28.08;15
0.004467;27.74;15
0.004466;27.83;15
0.004465;27.67;15
0.004463;27.62;15
0.004461;27.44;15
0.005002;27.45;15
0.004888;27.88;15
0.004828;27.50;15
0.004790;27.58;15
0.004763;27.91;15
0.004742;27.90;15
0.004724;28.01;15
0.004710;28.12;15
0.004697;28.04;15
0.004686;27.98;15
0.004676;27.98;15
0.004668;28.41;15
0.004660;27.53;15
0.004653;28.04;15
0.004646;27.89;15
0.004640;27.86;15
0.004634;27.85;15
0.004628;27.56;15
0.004623;27.84;15
0.004619;28.51;15
0.004615;27.89;15
0.004611;27.71;15
0.004607;27.81;15
0.004603;27.77;15
0.004600;27.59;15
0.004596;27.57;15
0.004593;28.06;15
0.004590;28.26;15
0.004588;28.12;15
0.004585;28.37;15
0.004582;28.36;15
0.004580;28.38;15
0.004577;28.48;15
0.004575;28.43;15
0.004573;28.36;15
0.004571;28.37;15
0.004568;27.88;15
0.004567;28.08;15
0.004565;28.17;15
0.004563;28.12;15
0.004561;27.73;15
0.004559;27.56;15
0.004558;27.48;15
0.004556;27.97;15
0.004554;27.90;15
0.004553;27.98;15
0.004552;28.00;15
0.004550;28.17;15
0.004549;27.82;15
0.004547;28.10;15
0.005642;27.70;16
0.005505;27.77;16
0.005425;27.77;16
0.005370;27.74;16
0.005328;27.66;16
0.005295;27.82;16
0.005269;27.95;16
0.005247;27.87;16
0.005228;28.03;16
0.005212;27.99;16
0.005198;27.97;16
0.005185;28.04;16
0.005174;28.03;16
0.005164;27.71;16
0.005155;28.20;16
0.005147;27.61;16
0.005139;27.72;16
0.005133;28.16;16
0.005125;28.09;16
0.005119;27.80;16
0.005114;27.86;16
0.005109;27.92;16
0.005103;27.79;16
0.005098;27.62;16
0.005094;28.03;16
0.005090;28.27;16
0.005085;28.26;16
0.005082;28.20;16
0.005077;27.86;16
0.005074;27.82;16
0.005070;28.02;16
0.005066;27.93;16
0.005064;28.03;16
0.005061;28.00;16
0.005057;27.97;16
0.005054;27.92;16
0.005051;27.84;16
0.005048;28.10;16
0.005046;28.45;16
0.005043;28.00;16
0.005040;28.08;16
0.005038;27.78;16
0.005035;28.34;16
0.005033;28.75;16
0.005029;28.40;16
0.005027;28.24;16
0.005025;28.30;16
0.005023;27.64;16
0.005020;27.67;16
0.005018;27.72;16
0.006084;28.14;16
0.005893;28.38;16
0.005805;28.11;16
0.005752;27.78;16
0.005716;27.85;16
0.005689;27.52;16
0.005667;27.58;16
0.005649;28.08;16
0.005634;27.90;16
0.005621;28.16;16
0.005609;27.89;16
0.005599;28.25;16
0.005589;27.92;16
0.005581;27.70;16
0.005573;27.60;16
0.005566;27.70;16
0.005559;27.51;16
0.005553;27.81;16
0.005547;28.14;16
0.005541;28.00;16
0.005536;27.54;16
0.005531;28.00;16
0.005527;27.81;16
0.005522;27.81;16
0.005518;27.93;16
0.005514;27.67;16
0.005510;27.62;16
0.005506;27.99;16
0.005503;27.79;16
0.005500;27.70;16
0.005496;27.86;16
0.005493;27.85;16
0.005490;27.98;16
0.005487;28.40;16
0.005485;27.91;16
0.005482;27.96;16
0.005480;27.68;16
0.005477;28.22;16
0.005475;28.18;16
0.005472;27.89;16
0.005470;27.93;16
0.005468;28.36;16
0.005466;27.64;16
0.005464;27.74;16
0.005462;27.85;16
0.005460;28.24;16
0.005458;27.94;16
0.005456;27.54;16
0.005455;27.76;16
0.005453;27.63;16
0.006654;27.54;17
0.006445;27.60;17
0.006336;27.53;17
0.006265;27.47;17
0.006213;27.57;17
0.006173;27.51;17
0.006139;27.62;17
0.006111;27.40;17
0.006086;27.51;17
0.006064;27.59;17
0.006045;27.59;17
0.006027;27.68;17
0.006011;27.83;17
0.005997;27.82;17
0.005984;28.00;17
0.005971;27.79;17
0.005960;27.76;17
0.005950;27.82;17
0.005940;27.80;17
0.005931;27.96;17
0.005923;28.04;17
0.005914;27.79;17
0.005907;28.03;17
0.005900;27.97;17
0.005893;28.16;17
0.005887;28.01;17
0.005881;27.79;17
0.005876;27.98;17
0.005871;27.93;17
0.005866;27.68;17
0.005861;27.83;17
0.005857;27.74;17
0.005853;28.08;17
0.005848;27.78;17
0.005844;27.78;17
0.005840;27.55;17
0.005837;27.49;17
0.005834;27.56;17
0.005830;27.59;17
0.005827;27.65;17
0.005824;27.86;17
0.005821;27.88;17
0.005818;27.90;17
0.005816;27.80;17
0.005813;27.67;17
0.005810;27.85;17
0.005808;28.17;17
0.005806;28.00;17
0.005803;27.65;17
0.005801;27.99;17
0.008081;27.61;17
0.007673;27.54;17
0.007499;27.72;17
0.007400;27.79;17
0.007334;28.08;17
0.007285;27.81;17
0.007247;27.61;17
0.007216;27.54;17
0.007190;27.84;17
0.007167;27.83;17
0.007146;28.06;17
0.007129;28.40;17
0.007112;27.76;17
0.007097;28.38;17
0.007083;28.33;17
0.007071;27.91;17
0.007059;27.70;17
0.007048;27.63;17
0.007037;28.24;17
0.007028;28.19;17
0.007019;27.77;17
0.007010;27.82;17
0.007002;28.07;17
0.006995;28.20;17
0.006987;27.60;17
0.006981;27.57;17
0.006974;28.01;17
0.006968;28.06;17
0.006962;27.88;17
0.006956;28.11;17
0.006951;27.98;17
0.006946;27.88;17
0.006941;27.50;17
0.006936;27.57;17
0.006932;28.12;17
0.006928;27.95;17
0.006923;28.02;17
0.006920;27.92;17
0.006915;27.94;17
0.006912;27.82;17
0.006908;28.15;17
0.006905;28.01;17
0.006902;27.88;17
0.006898;27.91;17
0.006895;27.94;17
0.006892;27.58;17
0.006889;27.59;17
0.006886;28.28;17
0.006883;27.91;17
0.006880;27.92;17
0.008973;27.95;18
0.008447;27.98;18
0.008202;27.62;18
0.008060;27.50;18
0.007968;27.89;18
0.007901;27.78;18
0.007849;27.78;18
0.007807;27.78;18
0.007771;28.05;18
0.007740;28.02;18
0.007711;27.93;18
0.007687;27.92;18
0.007665;27.96;18
0.007644;27.97;18
0.007625;27.90;18
0.007607;27.89;18
0.007591;27.78;18
0.007576;27.91;18
0.007561;27.84;18
0.007548;28.08;18
0.007536;27.97;18
0.007524;27.72;18
0.007513;27.72;18
0.007503;28.02;18
0.007494;27.93;18
0.007484;28.09;18
0.007475;27.58;18
0.007466;27.83;18
0.007459;27.63;18
0.007452;27.56;18
0.007445;27.46;18
0.007439;27.63;18
0.007432;27.97;18
0.007426;27.92;18
0.007421;28.21;18
0.007416;27.76;18
0.007410;27.73;18
0.007405;27.92;18
0.007400;28.09;18
0.007396;27.57;18
0.007392;27.56;18
0.007388;27.79;18
0.007384;27.65;18
0.007380;27.48;18
0.007377;27.55;18
0.007374;27.71;18
0.007371;28.30;18
0.007367;27.92;18
0.007363;28.10;18
0.007361;27.59;18
0.010494;27.92;18
0.009824;27.64;18
0.009527;27.89;18
0.009360;27.67;18
0.009248;27.86;18
0.009167;27.66;18
0.009104;27.67;18
0.009052;27.80;18
0.009008;27.82;18
0.008971;27.82;18
0.008938;27.60;18
0.008908;27.75;18
0.008882;27.83;18
0.008858;27.58;18
0.008836;28.05;18
0.008816;28.00;18
0.008798;27.61;18
0.008780;27.71;18
0.008765;27.82;18
0.008750;27.94;18
0.008736;27.61;18
0.008723;27.94;18
0.008710;28.05;18
