loss;elapsed_time;iteration
0.159525;29.63;0
0.067455;29.53;0
0.032322;30.50;0
0.017996;29.51;0
0.011975;30.32;0
0.008966;29.32;0
0.007214;29.53;0
0.006067;29.61;0
0.005253;29.49;0
0.004652;29.55;0
0.004191;29.09;0
0.003830;28.57;0
0.003543;28.46;0
0.003311;28.51;0
0.003120;29.11;0
0.002961;31.47;0
0.002829;30.71;0
0.002718;30.67;0
0.002625;30.84;0
0.002545;30.16;0
0.002476;30.89;0
0.002417;30.37;0
0.002366;30.68;0
0.002321;30.54;0
0.002283;28.73;0
0.002249;28.46;0
0.002220;28.46;0
0.002194;30.38;0
0.002172;28.35;0
0.002152;28.38;0
0.002135;28.54;0
0.002120;28.63;0
0.002106;28.42;0
0.002095;28.62;0
0.002084;28.51;0
0.002075;28.42;0
0.002067;28.46;0
0.002060;28.35;0
0.002054;28.54;0
0.002048;28.43;0
0.002043;28.58;0
0.002039;28.66;0
0.002035;28.51;0
0.002032;28.38;0
0.002029;28.46;0
0.002026;28.71;0
0.002023;30.51;0
0.002021;28.55;0
0.002019;28.62;0
0.002018;28.33;0
0.002016;28.95;0
0.002015;28.79;0
0.002013;28.98;0
0.002012;28.74;0
0.002011;28.88;0
0.002010;28.68;0
0.002010;28.40;0
0.002009;28.86;0
0.002008;28.41;0
0.002007;29.04;0
0.002007;28.17;0
0.002006;28.21;0
0.002006;30.30;0
0.002006;28.12;0
0.002005;28.19;0
0.002005;28.32;0
0.002004;28.31;0
0.002004;28.36;0
0.002004;28.36;0
0.002004;28.40;0
0.002003;28.25;0
0.002003;28.69;0
0.002003;28.51;0
0.002003;28.62;0
0.002003;30.48;0
0.002003;28.26;0
0.002003;28.17;0
0.002002;28.31;0
0.002002;28.39;0
0.002002;28.42;0
0.002002;28.94;0
0.002002;28.65;0
0.002002;28.30;0
0.002002;28.66;0
0.002002;28.35;0
0.002002;28.17;0
0.002002;28.07;0
0.002002;28.22;0
0.002001;28.17;0
0.002001;30.39;0
0.002001;28.14;0
0.002001;28.29;0
0.002001;28.07;0
0.002001;28.32;0
0.002001;28.24;0
0.002001;28.19;0
0.002001;28.79;0
0.002001;28.32;0
0.002001;28.25;0
0.002001;28.27;0
0.150814;28.31;1
0.065737;28.49;1
0.030987;28.28;1
0.017164;28.34;1
0.011215;28.29;1
0.008314;30.37;1
0.006673;28.38;1
0.005622;28.50;1
0.004886;28.59;1
0.004343;28.43;1
0.003934;28.30;1
0.003617;28.47;1
0.003363;28.69;1
0.003158;28.55;1
0.002990;28.57;1
0.002852;28.47;1
0.002736;28.68;1
0.002638;29.73;1
0.002556;28.60;1
0.002485;28.74;1
0.002425;28.87;1
0.002373;28.86;1
0.002328;28.84;1
0.002290;28.65;1
0.002256;30.73;1
0.002227;28.55;1
0.002202;28.65;1
0.002179;28.64;1
0.002160;28.59;1
0.002142;28.62;1
0.002127;28.65;1
0.002114;29.29;1
0.002102;29.56;1
0.002091;28.66;1
0.002082;28.68;1
0.002074;28.43;1
0.002066;28.46;1
0.002060;28.16;1
0.002054;28.23;1
0.002049;28.65;1
0.002044;28.60;1
0.002040;28.65;1
0.002036;30.70;1
0.002033;28.65;1
0.002030;28.53;1
0.002028;28.67;1
0.002025;28.66;1
0.002023;28.66;1
0.002022;28.56;1
0.002020;28.46;1
0.002018;28.80;1
0.002018;28.98;1
0.002018;29.04;1
0.002018;29.00;1
0.002018;28.72;1
0.002018;28.70;1
0.002017;28.71;1
0.002017;28.65;1
0.002017;28.55;1
0.002017;28.18;1
0.002017;28.04;1
0.002017;28.23;1
0.002017;28.56;1
0.002017;28.80;1
0.002017;28.67;1
0.002017;28.77;1
0.002017;30.75;1
0.002017;28.71;1
0.002017;28.64;1
0.002016;28.89;1
0.002016;28.70;1
0.002016;28.63;1
0.002016;28.78;1
0.002016;28.66;1
0.002016;28.74;1
0.002016;29.10;1
0.002016;28.92;1
0.002016;28.72;1
0.002016;28.90;1
0.002016;28.88;1
0.002016;29.08;1
0.002016;28.77;1
0.002016;29.22;1
0.002016;28.69;1
0.002016;29.37;1
0.002016;28.81;1
0.002016;28.50;1
0.002016;28.57;1
0.002016;28.74;1
0.002015;30.92;1
0.002015;29.53;1
0.002015;29.11;1
0.002015;28.22;1
0.002015;28.41;1
0.002015;28.29;1
0.002015;28.23;1
0.002015;28.24;1
0.002015;28.33;1
0.002015;28.26;1
0.002015;28.21;1
0.002018;28.31;2
0.002017;28.39;2
0.002016;28.30;2
0.002015;28.28;2
0.002014;28.46;2
0.002014;29.27;2
0.002013;29.24;2
0.002012;28.85;2
0.002012;28.49;2
0.002011;28.32;2
0.002011;28.45;2
0.002010;28.74;2
0.002010;30.56;2
0.002010;28.33;2
0.002009;28.34;2
0.002009;29.39;2
0.002009;29.93;2
0.002008;30.20;2
0.002008;30.11;2
0.002008;30.39;2
0.002008;30.38;2
0.002008;30.45;2
0.002007;29.52;2
0.002007;29.04;2
0.002007;28.31;2
0.002007;28.21;2
0.002007;28.18;2
0.002007;28.38;2
0.002006;28.95;2
0.002006;29.10;2
0.002006;28.56;2
0.002006;28.19;2
0.002006;28.74;2
0.002006;28.64;2
0.002006;28.81;2
0.002006;29.96;2
0.002006;30.01;2
0.002006;29.90;2
0.002006;28.88;2
0.002005;28.94;2
0.002005;28.97;2
0.002005;29.02;2
0.002005;29.98;2
0.002005;29.72;2
0.002005;29.53;2
0.002005;31.10;2
0.002005;28.56;2
0.002005;28.27;2
0.002005;28.14;2
0.002005;28.11;2
0.001998;28.24;2
0.001998;28.28;2
0.001998;28.72;2
0.001997;30.01;2
0.001997;29.04;2
0.001997;30.43;2
0.001997;30.33;2
0.001997;30.43;2
0.001997;30.34;2
0.001997;30.41;2
0.001997;30.43;2
0.001997;30.33;2
0.001997;30.32;2
0.001997;29.88;2
0.001997;28.49;2
0.001997;28.56;2
0.001997;28.50;2
0.001997;28.28;2
0.001997;28.48;2
0.001997;28.66;2
0.001997;28.43;2
0.001997;28.47;2
0.001997;28.34;2
0.001997;28.37;2
0.001997;28.47;2
0.001997;28.61;2
0.001997;28.64;2
0.001997;30.43;2
0.001997;28.34;2
0.001997;28.65;2
0.001997;28.26;2
0.001997;28.29;2
0.001997;28.25;2
0.001997;28.25;2
0.001997;28.45;2
0.001997;28.36;2
0.001997;28.24;2
0.001997;28.23;2
0.001997;28.22;2
0.001997;28.40;2
0.001997;28.36;2
0.001997;28.37;2
0.001997;28.25;2
0.001997;30.37;2
0.001997;28.21;2
0.001997;28.36;2
0.001997;28.46;2
0.001997;28.31;2
0.001997;28.22;2
0.001997;28.93;2
0.001996;28.47;3
0.001996;29.02;3
0.001996;28.61;3
0.001996;28.97;3
0.001996;28.75;3
0.001996;28.78;3
0.001996;28.42;3
0.001995;28.62;3
0.001995;28.83;3
0.001995;28.36;3
0.001995;28.39;3
0.001995;28.43;3
0.001995;28.40;3
0.001995;28.35;3
0.001995;28.55;3
0.001995;28.63;3
0.001995;30.30;3
0.001995;28.27;3
0.001995;28.45;3
0.001995;28.37;3
0.001995;28.24;3
0.001995;28.43;3
0.001995;28.19;3
0.001995;28.92;3
0.001995;28.26;3
0.001995;28.41;3
0.001995;28.39;3
0.001995;28.28;3
0.001995;28.18;3
0.001995;28.37;3
0.001995;28.28;3
0.001995;28.12;3
0.001995;30.08;3
0.001995;28.14;3
0.001995;28.33;3
0.001995;28.26;3
0.001995;28.35;3
0.001995;28.39;3
0.001995;28.29;3
0.001995;28.08;3
0.001995;28.06;3
0.001995;28.21;3
0.001995;28.13;3
0.001995;28.10;3
0.001995;28.06;3
0.001995;28.10;3
0.001995;28.11;3
0.001995;28.23;3
0.001995;30.32;3
0.001995;28.13;3
0.001998;28.78;3
0.001998;31.42;3
0.001998;29.50;3
0.001998;29.84;3
0.001998;29.65;3
0.001998;30.49;3
0.001998;30.48;3
0.001998;30.37;3
0.001998;30.14;3
0.001998;28.87;3
0.001998;29.17;3
0.001998;29.33;3
0.001998;29.14;3
0.001998;30.19;3
0.001998;28.78;3
0.001998;28.13;3
0.001998;28.11;3
0.001998;28.47;3
0.001998;28.73;3
0.001998;28.33;3
0.001998;28.28;3
0.001998;28.17;3
0.001998;28.68;3
0.001998;28.76;3
0.001998;28.80;3
0.001998;28.86;3
0.001998;28.60;3
0.001997;28.35;3
0.001997;28.48;3
0.001997;30.19;3
0.001997;28.40;3
0.001997;30.09;3
0.001997;30.02;3
0.001997;29.59;3
0.001997;28.64;3
0.001997;28.46;3
0.001997;27.97;3
0.001997;28.14;3
0.001997;28.47;3
0.001997;28.37;3
0.001997;28.40;3
0.001997;27.96;3
0.001997;28.33;3
0.001997;28.27;3
0.001997;28.19;3
0.001997;27.81;3
0.001997;28.47;3
0.001997;29.54;3
0.001997;27.97;3
0.001997;29.07;3
0.002001;28.95;4
0.002001;28.76;4
0.002001;28.48;4
0.002001;28.76;4
0.002001;28.31;4
0.002001;28.18;4
0.002001;28.36;4
0.002001;28.34;4
0.002001;28.47;4
0.002001;28.65;4
0.002001;28.28;4
0.002001;28.00;4
0.002001;28.33;4
0.002001;28.50;4
0.002001;28.70;4
0.002001;29.03;4
0.002001;28.70;4
0.002001;28.90;4
0.002001;28.91;4
0.002001;28.60;4
0.002001;28.47;4
0.002001;28.38;4
0.002001;28.43;4
0.002001;28.47;4
0.002001;29.30;4
0.002001;28.67;4
0.002001;29.30;4
0.002001;28.66;4
0.002001;28.90;4
0.002001;28.22;4
0.002001;28.81;4
0.002001;28.66;4
0.002001;28.88;4
0.002001;29.92;4
0.002001;28.49;4
0.002001;28.39;4
0.002001;28.50;4
0.002001;28.81;4
0.002001;29.00;4
0.002001;30.13;4
0.002001;30.20;4
0.002001;30.28;4
0.002001;30.21;4
0.002001;30.21;4
0.002001;30.26;4
0.002001;30.71;4
0.002001;30.26;4
0.002001;30.48;4
0.002001;30.02;4
0.002001;30.26;4
0.001999;29.56;4
0.001999;29.01;4
0.001999;29.04;4
0.001999;29.29;4
0.001999;29.12;4
0.001999;29.13;4
0.001999;29.10;4
0.001999;29.04;4
0.001999;29.01;4
0.001999;29.04;4
0.001999;29.05;4
0.001999;29.02;4
0.001999;29.05;4
0.001999;29.11;4
0.001999;28.93;4
0.001999;28.87;4
0.001999;29.05;4
0.001999;28.95;4
0.001999;28.92;4
0.001999;28.86;4
0.001999;28.92;4
0.001999;28.91;4
0.001999;28.86;4
0.001999;28.89;4
0.001999;28.94;4
0.001999;28.87;4
0.001999;28.61;4
0.001999;28.88;4
0.001999;28.93;4
0.001998;29.02;4
0.001998;28.92;4
0.001998;28.79;4
0.001998;28.86;4
0.001998;28.96;4
0.001998;29.00;4
0.001998;28.91;4
0.001998;28.94;4
0.001998;28.78;4
0.001998;28.83;4
0.001998;28.87;4
0.001998;28.76;4
0.001998;28.87;4
0.001998;28.79;4
0.001998;28.69;4
0.001998;28.34;4
0.001998;28.39;4
0.001998;28.71;4
0.001998;28.94;4
0.001998;28.88;4
0.001998;28.62;4
0.001997;28.57;5
0.001997;28.62;5
0.001997;28.72;5
0.001997;28.92;5
0.001997;28.88;5
0.001997;28.88;5
0.001997;28.79;5
0.001997;28.80;5
0.001997;28.78;5
0.001997;28.96;5
0.001997;28.73;5
0.001997;28.77;5
0.001997;28.68;5
0.001997;28.87;5
0.001997;28.67;5
0.001997;28.77;5
0.001997;28.59;5
0.001997;28.63;5
0.001997;28.90;5
0.001997;29.00;5
0.001997;28.83;5
0.001997;28.74;5
0.001997;28.55;5
0.001997;28.36;5
0.001997;28.49;5
0.001997;28.38;5
0.001997;28.56;5
0.001997;28.62;5
0.001997;28.60;5
0.001997;28.61;5
0.001997;28.75;5
0.001996;28.68;5
0.001996;28.66;5
0.001996;28.38;5
0.001996;28.23;5
0.001996;28.29;5
0.001996;28.24;5
0.001996;28.14;5
0.001996;28.21;5
0.001996;28.29;5
0.001996;28.23;5
0.001996;28.22;5
0.001996;28.24;5
0.001996;28.26;5
0.001996;28.27;5
0.001996;28.25;5
0.001996;28.22;5
0.001996;28.16;5
0.001996;28.87;5
0.001996;28.19;5
0.001999;29.25;5
0.001999;28.66;5
0.001999;29.29;5
0.001999;28.50;5
0.001999;29.23;5
0.001999;28.52;5
0.001999;29.21;5
0.001999;29.26;5
0.001999;28.60;5
0.001999;28.61;5
0.001999;28.42;5
0.001999;28.62;5
0.001999;28.41;5
0.001999;28.64;5
0.001999;28.66;5
0.001999;28.43;5
0.001999;28.56;5
0.001999;28.60;5
0.001999;28.53;5
0.001999;28.42;5
0.001999;28.44;5
0.001998;28.53;5
0.001998;28.47;5
0.001998;28.33;5
0.001998;28.37;5
0.001998;28.91;5
0.001998;28.52;5
0.001998;28.30;5
0.001998;28.51;5
0.001998;28.50;5
0.001998;28.44;5
0.001998;28.50;5
0.001998;28.56;5
0.001998;28.34;5
0.001998;28.35;5
0.001998;28.37;5
0.001998;28.22;5
0.001998;28.16;5
0.001998;28.14;5
0.001998;28.17;5
0.001998;28.21;5
0.001998;28.41;5
0.001998;28.32;5
0.001998;28.29;5
0.001998;28.24;5
0.001998;28.32;5
0.001998;28.23;5
0.001998;28.35;5
0.001998;28.25;5
0.001998;28.32;5
0.001997;29.81;6
0.001997;29.32;6
0.001997;29.28;6
0.001997;29.30;6
0.001997;29.55;6
0.001997;29.50;6
0.001997;29.43;6
0.001997;29.31;6
0.001997;29.29;6
0.001997;29.42;6
0.001997;29.33;6
0.001997;29.34;6
0.001997;29.36;6
0.001997;29.50;6
0.001997;29.38;6
0.001997;29.23;6
0.001997;29.79;6
0.001996;30.05;6
0.001996;29.06;6
0.001996;28.54;6
0.001996;28.45;6
0.001996;28.44;6
0.001996;28.97;6
0.001996;28.44;6
0.001996;28.39;6
0.001996;28.64;6
0.001996;28.93;6
0.001996;28.55;6
0.001996;28.85;6
0.001996;28.63;6
0.001996;28.64;6
0.001996;28.57;6
0.001996;28.53;6
0.001996;28.51;6
0.001996;28.62;6
0.001996;28.86;6
0.001996;28.80;6
0.001996;28.55;6
0.001996;28.61;6
0.001996;28.50;6
0.001996;28.65;6
0.001996;29.40;6
0.001996;28.89;6
0.001996;29.19;6
0.001996;29.22;6
0.001996;30.24;6
0.001996;30.26;6
0.001996;29.83;6
0.001996;29.11;6
0.001996;30.19;6
0.001999;30.35;6
0.001999;30.43;6
0.001998;28.84;6
0.001998;28.51;6
0.001998;28.48;6
0.001998;28.35;6
0.001998;28.54;6
0.001998;30.40;6
0.001998;30.38;6
0.001998;30.31;6
0.001998;28.42;6
0.001998;28.38;6
0.001998;28.44;6
0.001998;28.53;6
0.001998;28.49;6
0.001998;28.49;6
0.001998;28.78;6
0.001998;28.48;6
0.001998;28.39;6
0.001998;28.34;6
0.001998;28.45;6
0.001998;28.44;6
0.001998;28.48;6
0.001998;28.54;6
0.001998;28.70;6
0.001998;28.51;6
0.001998;28.57;6
0.001998;28.47;6
0.001998;28.65;6
0.001998;28.53;6
0.001998;28.58;6
0.001998;28.58;6
0.001998;28.79;6
0.001998;28.34;6
0.001998;28.61;6
0.001998;28.41;6
0.001998;28.38;6
0.001998;28.37;6
0.001998;28.40;6
0.001998;28.35;6
0.001998;28.45;6
0.001998;28.46;6
0.001998;28.39;6
0.001998;28.30;6
0.001998;28.71;6
0.001998;28.55;6
0.001998;28.53;6
0.001998;28.38;6
0.001998;28.38;6
0.001998;29.52;6
0.001994;30.23;7
0.001994;30.15;7
0.001994;30.22;7
0.001994;30.37;7
0.001994;30.35;7
0.001994;30.30;7
0.001994;30.34;7
0.001994;30.06;7
0.001994;28.90;7
0.001994;28.62;7
0.001994;28.58;7
0.001994;28.63;7
0.001994;28.76;7
0.001994;29.00;7
0.001994;28.97;7
0.001994;29.03;7
0.001994;28.86;7
0.001994;28.90;7
0.001994;28.97;7
0.001994;29.08;7
0.001994;28.99;7
0.001994;28.83;7
0.001994;28.88;7
0.001994;28.67;7
0.001994;28.90;7
0.001994;28.89;7
0.001994;28.90;7
0.001993;28.83;7
0.001993;29.02;7
0.001993;28.96;7
0.001993;28.75;7
0.001993;28.88;7
0.001993;28.91;7
0.001993;28.78;7
0.001993;28.86;7
0.001993;28.95;7
0.001993;28.94;7
0.001993;28.85;7
0.001993;28.78;7
0.001993;28.93;7
0.001993;28.81;7
0.001993;28.56;7
0.001993;28.32;7
0.001993;28.40;7
0.001993;28.95;7
0.001993;30.03;7
0.001993;30.37;7
0.001993;30.13;7
0.001993;28.61;7
0.001993;28.29;7
0.001990;28.43;7
0.001990;28.80;7
0.001990;29.39;7
0.001990;30.19;7
0.001990;29.18;7
0.001990;28.94;7
0.001990;29.67;7
0.001990;28.57;7
0.001990;28.59;7
0.001990;28.65;7
0.001990;28.57;7
0.001989;28.50;7
0.001989;28.49;7
0.001989;28.51;7
0.001989;28.50;7
0.001989;28.47;7
0.001989;29.07;7
0.001989;30.24;7
0.001989;30.36;7
0.001989;30.37;7
0.001989;29.21;7
0.001989;28.55;7
0.001989;28.40;7
0.001989;28.48;7
0.001989;28.56;7
0.001989;28.38;7
0.001989;28.31;7
0.001989;28.46;7
0.001989;28.42;7
0.001989;28.38;7
0.001989;28.49;7
0.001989;28.57;7
0.001989;28.36;7
0.001989;28.46;7
0.001989;28.45;7
0.001989;28.35;7
0.001989;28.44;7
0.001989;28.49;7
0.001989;28.49;7
0.001989;28.39;7
0.001989;28.39;7
0.001989;28.36;7
0.001989;28.51;7
0.001989;28.36;7
0.001989;28.40;7
0.001989;28.38;7
0.001989;28.30;7
0.001989;28.39;7
0.001989;28.32;7
0.001989;28.43;7
0.001997;28.34;8
0.001997;28.48;8
0.001997;28.55;8
0.001997;28.73;8
0.001997;28.45;8
0.001997;30.09;8
0.001997;30.24;8
0.001997;30.07;8
0.001997;29.94;8
0.001997;30.17;8
0.001997;30.00;8
0.001997;30.17;8
0.001997;30.16;8
0.001997;30.15;8
0.001997;29.98;8
0.001997;29.06;8
0.001997;28.56;8
0.001997;29.33;8
0.001997;29.85;8
0.001997;29.85;8
0.001997;29.98;8
0.001997;29.80;8
0.001997;29.91;8
0.001997;29.98;8
0.001997;30.00;8
0.001997;30.13;8
0.001997;29.93;8
0.001997;30.11;8
0.001997;30.23;8
0.001997;30.33;8
0.001997;30.15;8
0.001997;30.14;8
0.001997;30.34;8
0.001997;29.94;8
0.001997;29.89;8
0.001997;29.87;8
0.001997;29.80;8
0.001997;29.97;8
0.001997;29.90;8
0.001997;29.88;8
0.001997;28.25;8
0.001997;28.28;8
0.001997;28.24;8
0.001997;28.29;8
0.001997;28.32;8
0.001997;28.33;8
0.001997;28.43;8
0.001997;28.45;8
0.001997;28.27;8
0.001997;28.50;8
0.001994;28.40;8
0.001994;28.36;8
0.001994;28.54;8
0.001994;28.40;8
0.001994;28.43;8
0.001994;28.52;8
0.001994;28.54;8
0.001994;28.47;8
0.001994;28.45;8
0.001994;28.67;8
0.001994;28.31;8
0.001994;28.72;8
0.001994;28.43;8
0.001994;28.44;8
0.001994;28.66;8
0.001994;28.43;8
0.001994;28.39;8
0.001994;28.42;8
0.001994;28.37;8
0.001994;28.34;8
0.001994;28.55;8
0.001994;28.41;8
0.001994;28.31;8
0.001994;28.34;8
0.001994;28.36;8
0.001994;28.37;8
0.001994;28.27;8
0.001994;28.30;8
0.001994;28.36;8
0.001994;28.56;8
0.001994;28.56;8
0.001994;28.49;8
0.001994;28.45;8
0.001994;28.58;8
0.001994;28.59;8
0.001994;28.43;8
0.001994;28.80;8
0.001994;28.32;8
0.001994;28.29;8
0.001994;28.83;8
0.001994;28.60;8
0.001994;28.60;8
0.001994;28.44;8
0.001994;28.35;8
0.001994;28.46;8
0.001994;28.40;8
0.001994;28.43;8
0.001993;28.61;8
0.001993;28.77;8
0.001993;29.10;8
0.001995;29.17;9
0.001995;29.31;9
0.001995;29.62;9
0.001995;30.35;9
0.001995;30.22;9
0.001995;29.50;9
0.001995;29.30;9
0.001995;29.45;9
0.001995;28.67;9
0.001995;29.83;9
0.001995;30.43;9
0.001995;30.29;9
0.001995;30.07;9
0.001995;30.08;9
0.001995;30.03;9
0.001995;30.19;9
0.001995;29.24;9
0.001995;29.47;9
0.001995;28.69;9
0.001995;28.42;9
0.001995;28.38;9
0.001995;28.31;9
0.001995;28.43;9
0.001995;28.34;9
0.001995;28.37;9
0.001995;28.34;9
0.001995;28.44;9
0.001995;28.38;9
0.001995;28.45;9
0.001995;28.48;9
0.001995;28.83;9
0.001995;28.39;9
0.001995;28.57;9
0.001995;28.32;9
0.001995;28.50;9
0.001995;28.36;9
0.001995;28.43;9
0.001995;28.55;9
0.001995;28.57;9
0.001995;29.08;9
0.001995;29.08;9
0.001995;28.47;9
0.001995;28.44;9
0.001995;28.37;9
0.001995;28.28;9
0.001995;28.41;9
0.001995;28.33;9
0.001995;28.36;9
0.001995;28.28;9
0.001995;28.50;9
0.001989;28.94;9
0.001989;29.50;9
0.001989;28.92;9
0.001989;30.06;9
0.001989;28.72;9
0.001989;29.34;9
0.001989;29.23;9
0.001989;29.15;9
0.001989;29.70;9
0.001989;28.28;9
0.001989;29.89;9
0.001989;30.21;9
0.001989;30.13;9
0.001989;29.90;9
0.001989;28.25;9
0.001989;29.18;9
0.001989;28.79;9
0.001989;28.49;9
0.001989;28.22;9
0.001989;28.26;9
0.001989;28.32;9
0.001989;29.72;9
0.001989;28.96;9
0.001988;28.62;9
0.001988;28.66;9
0.001988;28.55;9
0.001988;28.53;9
0.001988;28.64;9
0.001988;28.70;9
0.001988;28.69;9
0.001988;28.78;9
0.001988;29.56;9
0.001988;29.46;9
0.001988;29.02;9
0.001988;29.00;9
0.001988;29.03;9
0.001988;29.19;9
0.001988;29.08;9
0.001988;29.32;9
0.001988;28.94;9
0.001988;28.84;9
0.001988;28.83;9
0.001988;30.43;9
0.001988;31.40;9
0.001988;31.81;9
0.001988;31.54;9
0.001988;31.37;9
0.001988;31.55;9
0.001988;32.19;9
0.001988;31.58;9
0.001988;32.00;10
0.001988;31.44;10
0.001988;30.62;10
0.001988;28.79;10
0.001988;28.96;10
0.001988;29.07;10
0.001988;29.00;10
0.001988;30.66;10
0.001988;30.58;10
0.001988;30.66;10
0.001988;30.63;10
0.001988;30.01;10
0.001988;29.47;10
0.001988;31.16;10
0.001988;30.95;10
0.001988;30.63;10
0.001988;28.78;10
0.001988;30.42;10
0.001988;30.69;10
0.001988;30.56;10
0.001988;30.48;10
0.001988;29.04;10
0.001988;28.82;10
0.001988;28.86;10
0.001988;28.64;10
0.001988;28.63;10
0.001988;28.57;10
0.001988;28.94;10
0.001988;30.25;10
0.001988;30.45;10
0.001988;29.36;10
0.001988;30.51;10
0.001988;30.37;10
0.001988;30.22;10
0.001988;30.28;10
0.001988;30.24;10
0.001988;30.25;10
0.001988;29.84;10
0.001988;28.34;10
0.001988;28.48;10
0.001988;28.55;10
0.001988;29.08;10
0.001988;30.31;10
0.001988;30.23;10
0.001988;29.06;10
0.001988;28.37;10
0.001988;28.35;10
0.001988;28.39;10
0.001988;28.36;10
0.001988;28.47;10
0.001992;28.52;10
0.001992;28.58;10
0.001992;28.65;10
0.001992;28.68;10
0.001992;29.16;10
0.001992;28.71;10
0.001992;28.61;10
0.001992;28.45;10
0.001992;28.34;10
0.001992;29.35;10
0.001992;28.63;10
0.001992;28.44;10
0.001992;28.42;10
0.001992;28.38;10
0.001992;28.50;10
0.001992;28.42;10
0.001992;28.52;10
0.001992;28.37;10
0.001992;28.35;10
0.001992;28.49;10
0.001992;28.72;10
0.001992;28.66;10
0.001992;28.62;10
0.001992;29.42;10
0.001992;29.41;10
0.001991;29.42;10
0.001991;30.30;10
0.001991;28.42;10
0.001991;28.52;10
0.001991;29.45;10
0.001991;29.19;10
0.001991;28.27;10
0.001991;28.47;10
0.001991;28.55;10
0.001991;28.34;10
0.001991;29.44;10
0.001991;29.49;10
0.001991;29.54;10
0.001991;30.21;10
0.001991;29.93;10
0.001991;30.16;10
0.001991;28.86;10
0.001991;28.42;10
0.001991;28.37;10
0.001991;29.04;10
0.001991;29.64;10
0.001991;30.32;10
0.001991;29.51;10
0.001991;28.54;10
0.001991;28.44;10
0.001989;28.81;11
0.001989;29.04;11
0.001989;29.03;11
0.001989;28.85;11
0.001989;28.96;11
0.001989;28.91;11
0.001989;28.89;11
0.001989;28.83;11
0.001989;28.91;11
0.001989;28.95;11
0.001989;28.93;11
0.001989;28.91;11
0.001989;28.93;11
0.001989;28.74;11
0.001989;28.56;11
0.001989;29.01;11
0.001989;28.98;11
0.001989;29.13;11
0.001989;28.96;11
0.001989;28.88;11
0.001989;28.76;11
0.001989;28.79;11
0.001989;28.87;11
0.001989;28.92;11
0.001989;28.84;11
0.001989;28.72;11
0.001989;28.77;11
0.001989;28.78;11
0.001989;28.84;11
0.001989;28.94;11
0.001989;28.90;11
0.001989;28.87;11
0.001989;28.97;11
0.001989;28.87;11
0.001989;28.86;11
0.001989;28.93;11
0.001989;29.07;11
0.001989;28.55;11
0.001989;28.62;11
0.001989;28.79;11
0.001989;28.75;11
0.001989;29.61;11
0.001989;30.07;11
0.001989;30.19;11
0.001989;30.22;11
0.001989;30.22;11
0.001989;30.14;11
0.001989;30.27;11
0.001989;30.19;11
0.001989;30.22;11
0.001989;30.31;11
0.001989;30.26;11
0.001989;28.85;11
0.001989;28.77;11
0.001989;30.22;11
0.001989;28.97;11
0.001989;29.17;11
0.001989;29.33;11
0.001989;28.58;11
0.001989;28.83;11
0.001989;29.86;11
0.001989;29.68;11
0.001989;29.22;11
0.001989;28.85;11
0.001989;29.02;11
0.001989;28.51;11
0.001989;28.63;11
0.001989;28.51;11
0.001989;28.52;11
0.001989;28.58;11
0.001989;28.45;11
0.001989;28.50;11
0.001989;28.46;11
0.001989;28.76;11
0.001989;28.85;11
0.001989;28.90;11
0.001989;28.94;11
0.001989;28.73;11
0.001989;28.54;11
0.001989;29.00;11
0.001988;28.84;11
0.001988;28.71;11
0.001988;28.90;11
0.001988;28.87;11
0.001988;28.94;11
0.001988;28.96;11
0.001988;28.89;11
0.001988;29.04;11
0.001988;28.91;11
0.001988;28.69;11
0.001988;28.35;11
0.001988;28.54;11
0.001988;28.38;11
0.001988;28.56;11
0.001988;28.57;11
0.001988;28.77;11
0.001988;28.79;11
0.001988;28.98;11
0.001988;28.88;11
0.001988;28.87;11
0.001986;29.86;12
0.001986;29.37;12
0.001986;28.74;12
0.001986;28.58;12
0.001986;28.62;12
0.001986;28.69;12
0.001986;28.93;12
0.001986;28.88;12
0.001986;28.78;12
0.001986;28.39;12
0.001986;28.39;12
0.001986;28.36;12
0.001986;28.69;12
0.001986;29.61;12
0.001986;30.31;12
0.001986;30.27;12
0.001985;30.32;12
0.001985;30.35;12
0.001985;30.30;12
0.001985;30.43;12
0.001985;29.95;12
0.001985;28.53;12
0.001985;28.69;12
0.001985;30.48;12
0.001985;30.23;12
0.001985;28.56;12
0.001985;28.38;12
0.001985;28.38;12
0.001985;28.67;12
0.001985;28.99;12
0.001985;28.62;12
0.001985;28.85;12
0.001985;28.88;12
0.001985;28.92;12
0.001985;28.80;12
0.001985;28.92;12
0.001985;28.84;12
0.001985;28.81;12
0.001985;28.88;12
0.001985;28.88;12
0.001985;28.78;12
0.001985;28.82;12
0.001985;28.85;12
0.001985;28.85;12
0.001985;28.86;12
0.001985;28.67;12
0.001985;28.64;12
0.001985;28.55;12
0.001985;28.80;12
0.001985;28.71;12
0.001986;29.01;12
0.001986;28.56;12
0.001986;28.54;12
0.001986;28.79;12
0.001986;28.90;12
0.001986;28.90;12
0.001986;28.85;12
0.001986;28.81;12
0.001986;28.84;12
0.001985;28.79;12
0.001985;28.78;12
0.001985;29.03;12
0.001985;29.43;12
0.001985;28.54;12
0.001985;28.41;12
0.001985;28.76;12
0.001985;28.67;12
0.001985;28.78;12
0.001985;28.76;12
0.001985;28.67;12
0.001985;28.47;12
0.001985;28.46;12
0.001985;28.45;12
0.001985;28.33;12
0.001985;28.30;12
0.001985;28.54;12
0.001985;28.75;12
0.001985;28.53;12
0.001985;28.34;12
0.001985;28.22;12
0.001985;28.18;12
0.001985;28.23;12
0.001985;28.14;12
0.001985;28.31;12
0.001985;28.29;12
0.001985;28.29;12
0.001985;28.30;12
0.001985;28.29;12
0.001985;28.37;12
0.001985;28.60;12
0.001985;28.78;12
0.001985;28.74;12
0.001985;28.47;12
0.001985;28.29;12
0.001985;28.26;12
0.001985;28.31;12
0.001985;28.23;12
0.001985;28.10;12
0.001985;28.15;12
0.001985;28.20;12
0.001982;30.31;13
0.001982;30.38;13
0.001982;30.04;13
0.001982;30.08;13
0.001982;30.34;13
0.001982;30.05;13
0.001982;30.15;13
0.001982;29.88;13
0.001982;30.16;13
0.001982;30.01;13
0.001982;30.01;13
0.001982;29.97;13
0.001982;29.97;13
0.001982;28.36;13
0.001982;28.48;13
0.001982;28.40;13
0.001982;28.34;13
0.001982;28.30;13
0.001982;28.41;13
0.001982;28.38;13
0.001982;28.40;13
0.001982;28.25;13
0.001982;28.31;13
0.001982;28.51;13
0.001982;28.62;13
0.001982;28.54;13
0.001982;28.19;13
0.001982;28.39;13
0.001982;28.57;13
0.001982;28.52;13
0.001982;28.55;13
0.001982;28.61;13
0.001982;28.61;13
0.001982;28.69;13
0.001982;28.68;13
0.001982;28.67;13
0.001982;28.63;13
0.001982;28.59;13
0.001982;28.42;13
0.001982;28.43;13
0.001982;28.41;13
0.001982;28.42;13
0.001982;28.60;13
0.001982;28.56;13
0.001982;28.45;13
0.001982;28.55;13
0.001982;28.46;13
0.001982;28.44;13
0.001982;28.50;13
0.001981;28.51;13
0.001981;30.13;13
0.001981;30.31;13
0.001981;30.29;13
0.001981;30.33;13
0.001981;30.24;13
0.001981;30.31;13
0.001981;30.20;13
0.001981;30.17;13
0.001981;30.06;13
0.001981;30.40;13
0.001981;29.62;13
0.001981;29.57;13
0.001981;29.84;13
0.001981;30.23;13
0.001981;30.06;13
0.001981;30.24;13
0.001981;30.24;13
0.001981;29.50;13
0.001981;29.31;13
0.001981;29.37;13
0.001980;29.38;13
0.001980;29.23;13
0.001980;29.32;13
0.001980;29.50;13
0.001980;29.45;13
0.001980;29.23;13
0.001980;29.36;13
0.001980;29.30;13
0.001980;29.22;13
0.001980;29.19;13
0.001980;29.32;13
0.001980;29.21;13
0.001980;29.42;13
0.001980;29.56;13
0.001980;29.93;13
0.001980;29.28;13
0.001980;29.36;13
0.001980;29.19;13
0.001980;29.36;13
0.001980;29.34;13
0.001980;29.48;13
0.001980;29.27;13
0.001980;29.63;13
0.001980;30.19;13
0.001980;30.32;13
0.001980;30.21;13
0.001980;30.10;13
0.001980;29.95;13
0.001980;29.99;13
0.001980;29.78;13
0.001975;29.38;14
0.001975;29.26;14
0.001975;29.27;14
0.001975;29.12;14
0.001975;29.18;14
0.001975;29.26;14
0.001975;29.17;14
0.001975;29.09;14
0.001975;29.18;14
0.001975;29.23;14
0.001975;29.25;14
0.001975;29.41;14
0.001975;29.30;14
0.001975;28.64;14
0.001975;28.52;14
0.001975;28.53;14
0.001975;28.48;14
0.001975;28.71;14
0.001975;28.43;14
0.001975;28.94;14
0.001975;28.42;14
0.001975;28.55;14
0.001974;29.34;14
0.001974;30.11;14
0.001974;30.28;14
0.001974;30.23;14
0.001974;30.21;14
0.001974;29.59;14
0.001974;29.31;14
0.001974;30.00;14
0.001974;29.31;14
0.001974;29.16;14
0.001974;28.48;14
0.001974;28.68;14
0.001974;28.57;14
0.001974;28.66;14
0.001974;28.49;14
0.001974;28.49;14
0.001974;28.46;14
0.001974;28.44;14
0.001974;28.47;14
0.001974;30.36;14
0.001974;30.00;14
0.001974;30.06;14
0.001974;30.01;14
0.001974;29.94;14
0.001974;30.21;14
0.001974;30.21;14
0.001974;30.21;14
0.001974;30.21;14
0.001981;29.95;14
0.001981;29.77;14
0.001981;29.59;14
0.001981;29.39;14
0.001981;29.47;14
0.001981;29.46;14
0.001981;29.44;14
0.001981;29.35;14
0.001981;29.40;14
0.001981;29.74;14
0.001981;29.85;14
0.001981;30.46;14
0.001981;29.46;14
0.001981;28.45;14
0.001981;28.44;14
0.001981;28.40;14
0.001981;28.42;14
0.001981;28.44;14
0.001981;28.59;14
0.001981;28.49;14
0.001981;28.52;14
0.001981;28.66;14
0.001981;28.48;14
0.001981;28.42;14
0.001981;28.30;14
0.001981;28.46;14
0.001981;28.50;14
0.001981;28.56;14
0.001981;28.38;14
0.001981;28.28;14
0.001981;28.29;14
0.001981;28.33;14
0.001981;28.29;14
0.001981;28.33;14
0.001981;28.57;14
0.001981;28.49;14
0.001981;28.39;14
0.001981;28.43;14
0.001981;28.57;14
0.001981;28.29;14
0.001981;28.32;14
0.001981;28.32;14
0.001981;28.41;14
0.001981;28.42;14
0.001981;28.38;14
0.001981;28.55;14
0.001981;28.54;14
0.001981;28.51;14
0.001981;28.23;14
0.001981;28.30;14
0.001989;28.79;15
0.001989;28.75;15
0.001989;28.60;15
0.001989;28.44;15
0.001989;28.54;15
0.001989;28.52;15
0.001989;28.77;15
0.001989;28.77;15
0.001989;28.70;15
0.001989;28.82;15
0.001989;30.00;15
0.001989;30.56;15
0.001989;30.58;15
0.001989;30.47;15
0.001989;30.11;15
0.001989;30.62;15
0.001989;30.07;15
0.001989;30.03;15
0.001989;30.04;15
0.001989;29.65;15
0.001989;28.68;15
0.001989;29.34;15
0.001989;29.03;15
0.001989;28.61;15
0.001989;28.75;15
0.001989;28.71;15
0.001989;28.64;15
0.001989;28.35;15
0.001989;28.24;15
0.001989;28.42;15
0.001989;28.48;15
0.001989;28.40;15
0.001989;28.80;15
0.001989;28.38;15
0.001989;28.42;15
0.001989;28.62;15
0.001989;28.26;15
0.001989;28.29;15
0.001989;28.29;15
0.001989;28.30;15
0.001989;28.34;15
0.001989;28.46;15
0.001989;28.50;15
0.001989;28.93;15
0.001989;28.39;15
0.001989;28.27;15
0.001989;28.43;15
0.001989;28.27;15
0.001989;28.75;15
0.001989;28.40;15
0.001981;28.43;15
0.001981;28.46;15
0.001981;28.44;15
0.001981;28.56;15
0.001981;28.68;15
0.001981;28.61;15
0.001981;28.40;15
0.001981;28.33;15
0.001981;28.56;15
0.001981;28.96;15
0.001981;28.79;15
0.001981;28.62;15
0.001981;28.57;15
0.001981;28.50;15
0.001981;28.44;15
0.001981;28.58;15
0.001981;28.63;15
0.001981;28.70;15
0.001981;28.52;15
0.001981;28.44;15
0.001981;28.38;15
0.001981;28.64;15
0.001981;28.53;15
0.001981;28.28;15
0.001981;28.40;15
0.001981;28.40;15
0.001981;28.44;15
0.001981;28.28;15
0.001981;28.26;15
0.001981;28.33;15
0.001981;28.35;15
0.001981;28.49;15
0.001981;28.22;15
0.001981;28.19;15
0.001981;28.28;15
0.001981;28.31;15
0.001981;28.64;15
0.001981;28.37;15
0.001981;28.36;15
0.001981;28.33;15
0.001981;28.37;15
0.001981;29.66;15
0.001981;30.19;15
0.001981;28.66;15
0.001981;28.22;15
0.001981;28.26;15
0.001980;29.72;15
0.001980;30.08;15
0.001980;30.03;15
0.001980;29.45;15
0.001976;30.38;16
0.001976;30.47;16
0.001976;30.49;16
0.001976;30.29;16
0.001976;30.39;16
0.001976;30.30;16
0.001976;30.32;16
0.001976;30.30;16
0.001976;30.23;16
0.001976;29.09;16
0.001976;28.67;16
0.001976;28.86;16
0.001976;28.88;16
0.001976;28.69;16
0.001976;28.68;16
0.001976;28.72;16
0.001976;28.81;16
0.001976;28.82;16
0.001976;28.78;16
0.001976;28.66;16
0.001976;28.82;16
0.001976;28.76;16
0.001976;28.80;16
0.001976;28.78;16
0.001976;28.75;16
0.001976;28.82;16
0.001976;28.85;16
0.001976;28.89;16
0.001976;28.89;16
0.001976;28.92;16
0.001976;28.75;16
0.001976;28.93;16
0.001976;28.80;16
0.001976;28.79;16
0.001976;28.73;16
0.001976;28.65;16
0.001976;28.68;16
0.001976;28.84;16
0.001976;28.69;16
0.001976;28.75;16
0.001976;28.67;16
0.001976;28.77;16
0.001976;28.79;16
0.001976;28.82;16
0.001976;28.55;16
0.001976;28.39;16
0.001976;28.31;16
0.001976;28.41;16
0.001976;28.29;16
0.001976;28.25;16
0.001984;28.56;16
0.001984;28.76;16
0.001984;28.70;16
0.001984;28.46;16
0.001984;28.50;16
0.001984;28.44;16
0.001984;28.41;16
0.001984;28.51;16
0.001984;28.40;16
0.001984;28.60;16
0.001984;28.54;16
0.001984;28.53;16
0.001984;28.56;16
0.001984;28.50;16
0.001984;28.56;16
0.001984;28.38;16
0.001984;28.42;16
0.001984;28.62;16
0.001984;28.80;16
0.001984;28.36;16
0.001984;28.34;16
0.001984;28.43;16
0.001984;28.47;16
0.001984;28.67;16
0.001984;28.38;16
0.001984;28.25;16
0.001984;28.32;16
0.001984;28.26;16
0.001984;28.58;16
0.001984;28.22;16
0.001984;28.24;16
0.001984;28.28;16
0.001984;28.35;16
0.001984;28.34;16
0.001984;28.21;16
0.001984;28.34;16
0.001984;28.16;16
0.001984;28.28;16
0.001984;28.21;16
0.001984;28.21;16
0.001984;28.24;16
0.001984;28.22;16
0.001984;28.27;16
0.001984;28.30;16
0.001984;28.23;16
0.001984;28.37;16
0.001984;28.42;16
0.001984;28.39;16
0.001984;28.21;16
0.001984;28.31;16
0.001984;28.27;17
0.001984;28.40;17
0.001984;28.26;17
0.001984;28.35;17
0.001984;28.59;17
0.001984;28.33;17
0.001984;28.37;17
0.001984;28.35;17
0.001984;28.33;17
0.001984;28.34;17
0.001984;28.28;17
0.001984;28.40;17
0.001984;28.38;17
0.001984;28.41;17
0.001984;28.26;17
0.001984;28.29;17
0.001984;28.31;17
0.001984;28.40;17
0.001984;28.47;17
0.001984;28.46;17
0.001984;28.44;17
0.001984;28.33;17
0.001984;28.50;17
0.001984;28.33;17
0.001984;28.35;17
0.001984;28.18;17
0.001984;28.31;17
0.001984;28.40;17
0.001984;28.37;17
0.001984;28.42;17
0.001984;28.45;17
0.001984;28.33;17
0.001984;28.41;17
0.001984;28.21;17
0.001984;28.32;17
0.001984;28.59;17
0.001984;28.26;17
0.001984;28.35;17
0.001984;28.51;17
0.001984;28.38;17
0.001984;28.48;17
0.001984;28.37;17
0.001984;28.87;17
0.001984;28.41;17
0.001983;28.32;17
0.001983;28.30;17
0.001983;28.49;17
0.001983;28.42;17
0.001983;29.17;17
0.001983;30.04;17
0.001986;30.49;17
0.001986;30.40;17
0.001986;30.36;17
0.001986;30.34;17
0.001986;29.15;17
0.001986;28.66;17
0.001986;29.89;17
0.001986;30.26;17
0.001986;29.93;17
0.001986;28.26;17
0.001986;28.33;17
0.001986;28.22;17
0.001986;28.38;17
0.001986;28.40;17
0.001986;28.22;17
0.001986;28.35;17
0.001986;30.00;17
0.001986;28.39;17
0.001986;28.45;17
0.001986;28.47;17
0.001986;28.32;17
0.001986;28.77;17
0.001986;28.43;17
0.001986;28.44;17
0.001986;28.46;17
0.001986;28.33;17
0.001986;28.38;17
0.001986;28.45;17
0.001986;28.31;17
0.001986;28.28;17
0.001986;28.38;17
0.001986;28.43;17
0.001986;28.50;17
0.001986;28.35;17
0.001985;28.35;17
0.001985;28.32;17
0.001985;28.73;17
0.001985;28.33;17
0.001985;28.32;17
0.001985;28.36;17
0.001985;28.29;17
0.001985;28.18;17
0.001985;28.39;17
0.001985;28.31;17
0.001985;28.35;17
0.001985;28.26;17
0.001985;28.15;17
0.001985;28.43;17
0.001985;28.17;17
0.001985;28.80;17
0.001986;28.50;18
0.001986;28.58;18
0.001986;28.82;18
0.001986;28.77;18
0.001986;28.74;18
0.001986;28.59;18
0.001986;28.43;18
0.001986;28.50;18
0.001986;28.53;18
0.001986;28.78;18
0.001986;28.75;18
0.001986;28.87;18
0.001986;28.63;18
0.001986;28.44;18
0.001986;28.35;18
0.001986;28.44;18
0.001986;28.36;18
0.001986;28.29;18
0.001986;28.37;18
0.001986;28.33;18
0.001986;28.42;18
0.001986;28.40;18
0.001986;28.46;18
0.001986;28.33;18
0.001986;28.48;18
0.001986;28.38;18
0.001986;28.69;18
0.001986;28.54;18
0.001986;28.54;18
0.001986;28.53;18
0.001986;28.46;18
0.001986;28.44;18
0.001986;28.46;18
0.001986;28.57;18
0.001986;28.40;18
0.001986;28.29;18
0.001986;28.36;18
0.001986;28.24;18
0.001986;28.24;18
0.001986;28.24;18
0.001986;28.40;18
0.001986;28.29;18
0.001986;28.28;18
0.001986;28.18;18
0.001986;29.06;18
0.001986;28.45;18
0.001986;28.40;18
0.001986;28.44;18
0.001986;28.50;18
0.001986;28.29;18
0.001981;28.50;18
0.001981;28.52;18
0.001981;28.56;18
0.001981;28.63;18
0.001981;28.73;18
0.001981;28.72;18
0.001981;28.62;18
0.001981;28.53;18
0.001981;29.36;18
0.001981;29.48;18
0.001981;29.20;18
0.001981;29.29;18
0.001981;29.48;18
0.001981;29.45;18
0.001981;28.53;18
0.001981;28.67;18
0.001981;29.05;18
0.001981;28.85;18
0.001981;28.56;18
0.001981;28.65;18
0.001981;29.58;18
0.001981;30.17;18
0.001981;30.24;18
0.001981;30.12;18
0.001981;30.30;18
0.001981;30.14;18
0.001981;30.03;18
0.001981;30.23;18
0.001981;30.15;18
0.001981;30.10;18
0.001981;30.18;18
0.001981;30.04;18
0.001981;30.07;18
0.001981;30.14;18
0.001981;30.12;18
0.001981;30.21;18
0.001981;30.10;18
0.001981;29.88;18
0.001981;30.05;18
0.001981;29.35;18
0.001981;29.17;18
0.001981;29.58;18
0.001981;30.19;18
0.001981;30.08;18
0.001981;28.33;18
0.001981;28.34;18
0.001981;28.27;18
0.001981;28.26;18
0.001981;28.70;18
0.001981;30.22;18
0.001981;28.42;19
0.001981;28.43;19
0.001981;28.58;19
0.001981;28.54;19
0.001981;28.52;19
0.001981;28.33;19
0.001981;28.39;19
0.001981;28.41;19
0.001981;28.58;19
0.001981;28.82;19
0.001981;28.74;19
0.001981;28.55;19
0.001981;28.56;19
0.001981;28.49;19
0.001981;28.46;19
0.001981;28.53;19
0.001981;28.81;19
0.001981;28.68;19
0.001981;28.49;19
0.001981;28.37;19
0.001981;28.58;19
0.001981;28.40;19
0.001981;28.35;19
0.001981;28.43;19
0.001981;28.67;19
0.001981;28.65;19
0.001981;28.49;19
0.001981;28.37;19
0.001981;28.40;19
0.001981;28.48;19
0.001981;28.33;19
0.001981;28.28;19
0.001981;28.30;19
0.001981;28.47;19
0.001981;28.35;19
0.001981;28.46;19
0.001981;28.36;19
0.001981;28.42;19
0.001981;28.34;19
0.001981;28.33;19
0.001981;28.41;19
0.001981;28.40;19
0.001981;28.57;19
0.001981;28.24;19
0.001981;28.41;19
0.001981;28.32;19
0.001981;28.37;19
0.001981;28.25;19
0.001981;28.28;19
0.001981;28.39;19
0.001978;28.38;19
0.001978;28.32;19
0.001978;28.33;19
0.001978;28.43;19
0.001978;28.50;19
0.001978;28.38;19
0.001978;28.45;19
0.001978;28.40;19
0.001978;28.37;19
0.001978;28.35;19
0.001978;28.34;19
0.001978;28.42;19
0.001978;28.40;19
0.001978;28.35;19
0.001978;28.32;19
0.001978;28.43;19
0.001978;28.50;19
0.001978;28.52;19
0.001978;28.49;19
0.001978;28.54;19
0.001978;28.37;19
0.001978;28.33;19
0.001978;28.85;19
0.001978;28.83;19
0.001978;28.71;19
0.001978;28.62;19
0.001978;28.63;19
0.001978;28.61;19
0.001978;28.70;19
0.001978;28.81;19
0.001978;28.80;19
0.001978;28.80;19
0.001978;29.02;19
0.001978;29.15;19
0.001978;28.97;19
0.001978;28.38;19
0.001978;28.36;19
0.001978;28.37;19
0.001978;28.29;19
0.001978;28.40;19
0.001978;28.44;19
0.001978;28.47;19
0.001978;28.39;19
0.001978;28.36;19
0.001978;28.30;19
0.001978;28.26;19
0.001978;28.29;19
0.001978;28.26;19
0.001978;28.41;19
0.001978;28.18;19
