loss;elapsed_time;iteration
0.136229;31.32;0
0.119735;30.37;0
0.103462;30.71;0
0.090061;31.76;0
0.079123;31.02;0
0.069496;31.68;0
0.060798;30.88;0
0.053162;30.44;0
0.046526;30.51;0
0.040740;31.90;0
0.035667;30.10;0
0.031197;30.27;0
0.027244;30.18;0
0.023742;31.36;0
0.020644;30.70;0
0.017908;30.52;0
0.015506;30.55;0
0.013408;30.53;0
0.011586;30.58;0
0.010016;30.58;0
0.008673;30.22;0
0.007532;30.44;0
0.006568;30.43;0
0.005757;30.22;0
0.005078;30.24;0
0.004510;30.16;0
0.004037;30.16;0
0.003644;30.16;0
0.003319;29.21;0
0.003051;28.89;0
0.002830;28.94;0
0.002650;28.85;0
0.002503;29.02;0
0.002385;28.95;0
0.002291;28.76;0
0.002216;28.70;0
0.002158;28.69;0
0.002114;28.76;0
0.002080;28.67;0
0.002055;28.75;0
0.002037;28.77;0
0.002025;28.85;0
0.002016;28.94;0
0.002011;29.46;0
0.002007;29.90;0
0.002005;29.74;0
0.002003;29.88;0
0.002003;29.81;0
0.002002;29.84;0
0.002001;29.70;0
0.002001;29.92;0
0.002001;30.00;0
0.002000;29.97;0
0.002000;30.21;0
0.002000;29.90;0
0.001999;30.20;0
0.001999;30.15;0
0.001999;30.10;0
0.001999;29.59;0
0.001999;29.67;0
0.001998;29.98;0
0.001998;30.12;0
0.001998;30.24;0
0.001998;30.23;0
0.001998;30.26;0
0.001998;30.07;0
0.001998;30.27;0
0.001998;30.03;0
0.001998;30.25;0
0.001998;30.20;0
0.001997;30.39;0
0.001997;30.30;0
0.001997;30.39;0
0.001997;30.32;0
0.001997;30.17;0
0.001997;29.99;0
0.001997;29.90;0
0.001997;29.91;0
0.001997;29.69;0
0.001997;29.44;0
0.001997;29.45;0
0.001997;29.49;0
0.001997;29.36;0
0.001997;29.27;0
0.001997;29.69;0
0.001997;29.11;0
0.001997;29.50;0
0.001997;29.90;0
0.001997;30.15;0
0.001997;29.63;0
0.001997;28.87;0
0.001997;28.97;0
0.001997;29.56;0
0.001997;30.29;0
0.001997;29.67;0
0.001997;29.40;0
0.001997;29.39;0
0.001997;29.53;0
0.001997;29.56;0
0.001997;29.67;0
0.117270;29.00;1
0.103722;29.02;1
0.091824;29.09;1
0.081280;28.97;1
0.071862;28.95;1
0.063821;28.99;1
0.056684;28.86;1
0.050344;28.87;1
0.044726;28.85;1
0.039702;28.84;1
0.035190;28.92;1
0.031135;28.96;1
0.027483;28.99;1
0.024187;29.03;1
0.021201;29.47;1
0.018495;29.02;1
0.016059;29.67;1
0.013892;29.09;1
0.011993;29.54;1
0.010347;28.93;1
0.008933;29.49;1
0.007724;28.95;1
0.006695;29.41;1
0.005823;28.91;1
0.005089;28.79;1
0.004475;28.77;1
0.003965;28.74;1
0.003544;28.87;1
0.003201;28.78;1
0.002924;28.94;1
0.002703;28.84;1
0.002529;28.91;1
0.002394;28.94;1
0.002291;28.93;1
0.002214;28.93;1
0.002156;28.81;1
0.002114;28.92;1
0.002083;28.86;1
0.002062;28.89;1
0.002046;28.88;1
0.002036;28.83;1
0.002029;28.92;1
0.002023;29.02;1
0.002020;28.94;1
0.002017;29.02;1
0.002016;28.95;1
0.002014;29.00;1
0.002013;28.78;1
0.002012;28.84;1
0.002011;28.94;1
0.002009;28.84;1
0.002009;28.85;1
0.002009;28.87;1
0.002009;28.78;1
0.002009;28.92;1
0.002009;28.79;1
0.002009;28.86;1
0.002009;28.78;1
0.002009;28.94;1
0.002009;28.80;1
0.002009;28.79;1
0.002009;28.90;1
0.002009;29.33;1
0.002009;28.85;1
0.002009;28.82;1
0.002009;28.83;1
0.002009;28.86;1
0.002009;28.85;1
0.002009;28.87;1
0.002009;28.81;1
0.002009;28.71;1
0.002009;28.68;1
0.002009;28.64;1
0.002009;28.83;1
0.002009;28.60;1
0.002009;28.81;1
0.002009;28.97;1
0.002009;28.91;1
0.002009;28.99;1
0.002009;29.26;1
0.002009;29.56;1
0.002009;30.24;1
0.002009;29.92;1
0.002009;30.20;1
0.002009;30.50;1
0.002009;30.35;1
0.002009;30.39;1
0.002009;30.53;1
0.002009;29.23;1
0.002009;29.00;1
0.002009;29.02;1
0.002009;28.95;1
0.002009;29.09;1
0.002009;28.84;1
0.002009;28.78;1
0.002009;28.96;1
0.002009;29.05;1
0.002009;29.20;1
0.002009;29.25;1
0.002009;29.32;1
0.002008;29.27;2
0.002007;29.14;2
0.002006;29.18;2
0.002006;29.28;2
0.002005;29.22;2
0.002004;29.29;2
0.002004;29.21;2
0.002003;29.25;2
0.002003;29.31;2
0.002003;29.23;2
0.002002;29.18;2
0.002002;29.04;2
0.002002;29.21;2
0.002002;29.22;2
0.002001;29.25;2
0.002001;29.34;2
0.002001;29.43;2
0.002001;29.20;2
0.002001;29.17;2
0.002001;29.21;2
0.002001;29.22;2
0.002000;29.24;2
0.002000;29.23;2
0.002000;29.25;2
0.002000;29.22;2
0.002000;29.50;2
0.002000;29.31;2
0.002000;29.24;2
0.002000;29.22;2
0.002000;29.27;2
0.002000;29.24;2
0.002000;29.16;2
0.002000;29.14;2
0.002000;29.25;2
0.002000;29.29;2
0.002000;29.18;2
0.002000;29.28;2
0.002000;29.62;2
0.002000;29.22;2
0.002000;29.70;2
0.002000;29.33;2
0.002000;30.00;2
0.002000;29.27;2
0.002000;29.72;2
0.002000;29.26;2
0.002000;29.66;2
0.002000;29.35;2
0.002000;29.24;2
0.002000;29.25;2
0.002000;29.27;2
0.001999;29.31;2
0.001999;29.36;2
0.001999;29.25;2
0.001999;29.52;2
0.001999;29.41;2
0.001999;29.38;2
0.001999;29.41;2
0.001999;29.46;2
0.001999;29.47;2
0.001999;29.31;2
0.001999;29.19;2
0.001999;29.20;2
0.001999;29.27;2
0.001999;29.09;2
0.001999;29.11;2
0.001999;29.18;2
0.001999;29.24;2
0.001999;29.26;2
0.001999;29.19;2
0.001999;29.24;2
0.001999;29.25;2
0.001999;29.21;2
0.001999;29.19;2
0.001999;29.52;2
0.001999;29.79;2
0.001999;29.93;2
0.001999;29.69;2
0.001999;29.61;2
0.001999;29.19;2
0.001999;29.21;2
0.001999;29.11;2
0.001999;29.28;2
0.001999;29.29;2
0.001999;28.87;2
0.001999;29.10;2
0.001999;29.07;2
0.001999;29.07;2
0.001999;29.03;2
0.001999;29.15;2
0.001999;29.29;2
0.001999;29.25;2
0.001999;29.30;2
0.001999;29.24;2
0.001999;29.42;2
0.001999;29.22;2
0.001999;29.13;2
0.001999;29.22;2
0.001999;29.29;2
0.001999;29.27;2
0.001999;29.22;2
0.002003;29.30;3
0.002003;29.24;3
0.002003;29.20;3
0.002003;29.31;3
0.002003;29.23;3
0.002003;29.25;3
0.002003;29.32;3
0.002003;29.24;3
0.002003;29.31;3
0.002003;29.44;3
0.002003;29.40;3
0.002003;29.44;3
0.002003;29.46;3
0.002003;29.40;3
0.002003;29.49;3
0.002003;29.47;3
0.002003;29.40;3
0.002003;29.36;3
0.002003;29.51;3
0.002003;29.47;3
0.002003;29.46;3
0.002003;29.89;3
0.002003;29.30;3
0.002003;29.34;3
0.002003;29.44;3
0.002003;29.19;3
0.002003;29.07;3
0.002003;29.18;3
0.002003;29.15;3
0.002003;29.11;3
0.002003;28.92;3
0.002003;28.95;3
0.002003;29.28;3
0.002003;29.19;3
0.002003;29.17;3
0.002003;29.14;3
0.002003;29.19;3
0.002003;29.08;3
0.002003;29.40;3
0.002003;29.23;3
0.002003;29.86;3
0.002003;28.82;3
0.002003;28.91;3
0.002003;28.89;3
0.002003;30.02;3
0.002003;29.36;3
0.002003;29.02;3
0.002003;28.91;3
0.002003;28.91;3
0.002003;28.93;3
0.002000;30.00;3
0.002000;30.24;3
0.002000;30.29;3
0.002000;30.70;3
0.002000;29.85;3
0.002000;29.96;3
0.002000;30.70;3
0.002000;30.65;3
0.002000;30.60;3
0.002000;30.45;3
0.001999;29.51;3
0.001999;30.38;3
0.001999;30.42;3
0.001999;30.51;3
0.001999;30.29;3
0.001999;30.54;3
0.001999;30.44;3
0.001999;30.51;3
0.001999;28.97;3
0.001999;29.01;3
0.001999;29.46;3
0.001999;30.43;3
0.001999;30.35;3
0.001999;29.66;3
0.001999;30.08;3
0.001999;28.94;3
0.001999;29.04;3
0.001999;29.16;3
0.001999;30.24;3
0.001999;30.03;3
0.001999;29.68;3
0.001999;28.94;3
0.001999;29.01;3
0.001999;29.04;3
0.001999;29.61;3
0.001999;29.19;3
0.001999;29.11;3
0.001999;29.25;3
0.001999;29.03;3
0.001999;29.05;3
0.001999;28.93;3
0.001999;29.11;3
0.001999;29.02;3
0.001999;29.10;3
0.001999;29.07;3
0.001999;29.01;3
0.001999;28.99;3
0.001999;29.09;3
0.001999;29.03;3
0.001999;29.17;3
0.001999;30.39;4
0.001999;30.52;4
0.001999;29.72;4
0.001999;29.83;4
0.001999;29.05;4
0.001999;28.91;4
0.001998;28.95;4
0.001998;28.90;4
0.001998;28.84;4
0.001998;28.95;4
0.001998;28.94;4
0.001998;28.87;4
0.001998;28.95;4
0.001998;28.82;4
0.001998;29.07;4
0.001998;28.84;4
0.001998;28.83;4
0.001998;28.87;4
0.001998;29.27;4
0.001998;29.33;4
0.001998;28.90;4
0.001998;28.92;4
0.001998;29.04;4
0.001998;28.74;4
0.001998;28.82;4
0.001998;28.84;4
0.001998;28.76;4
0.001998;28.74;4
0.001998;28.65;4
0.001998;28.80;4
0.001998;29.59;4
0.001998;30.43;4
0.001998;30.33;4
0.001998;28.80;4
0.001998;28.80;4
0.001998;28.84;4
0.001998;28.82;4
0.001998;28.81;4
0.001998;28.79;4
0.001998;28.84;4
0.001998;28.94;4
0.001998;29.37;4
0.001998;30.37;4
0.001998;29.16;4
0.001998;28.64;4
0.001998;28.73;4
0.001998;28.99;4
0.001998;30.07;4
0.001998;29.77;4
0.001998;29.00;4
0.002001;29.02;4
0.002001;29.15;4
0.002001;29.62;4
0.002001;30.31;4
0.002001;30.30;4
0.002001;30.45;4
0.002001;30.19;4
0.002001;30.44;4
0.002001;30.52;4
0.002001;30.34;4
0.002001;29.62;4
0.002001;29.91;4
0.002001;29.40;4
0.002001;29.54;4
0.002001;29.47;4
0.002001;29.79;4
0.002001;29.66;4
0.002001;29.47;4
0.002001;29.48;4
0.002001;29.56;4
0.002001;29.49;4
0.002001;29.56;4
0.002001;29.58;4
0.002001;29.63;4
0.002001;29.82;4
0.002001;30.05;4
0.002001;30.12;4
0.002001;29.97;4
0.002001;30.15;4
0.002001;30.02;4
0.002001;30.46;4
0.002001;30.74;4
0.002001;29.98;4
0.002001;29.93;4
0.002001;30.05;4
0.002001;30.42;4
0.002001;29.68;4
0.002001;29.89;4
0.002001;29.74;4
0.002001;30.69;4
0.002001;29.82;4
0.002001;29.48;4
0.002001;29.55;4
0.002001;29.49;4
0.002001;29.38;4
0.002001;29.55;4
0.002001;29.57;4
0.002001;29.51;4
0.002001;29.70;4
0.002001;29.66;4
0.001997;30.08;5
0.001997;29.86;5
0.001997;29.72;5
0.001997;29.60;5
0.001997;29.62;5
0.001997;29.82;5
0.001997;30.37;5
0.001997;30.64;5
0.001997;30.23;5
0.001997;30.06;5
0.001997;30.26;5
0.001997;30.00;5
0.001997;29.46;5
0.001997;29.60;5
0.001997;29.37;5
0.001997;28.88;5
0.001997;29.00;5
0.001997;29.12;5
0.001997;29.07;5
0.001997;29.08;5
0.001997;29.01;5
0.001997;28.86;5
0.001997;28.72;5
0.001997;28.67;5
0.001997;28.89;5
0.001997;28.84;5
0.001997;28.91;5
0.001997;28.75;5
0.001997;28.80;5
0.001997;28.84;5
0.001997;28.75;5
0.001997;28.78;5
0.001997;28.86;5
0.001997;28.94;5
0.001997;28.94;5
0.001997;28.95;5
0.001997;28.93;5
0.001997;29.05;5
0.001997;29.00;5
0.001997;29.26;5
0.001997;28.90;5
0.001997;28.77;5
0.001997;28.70;5
0.001997;28.84;5
0.001997;28.86;5
0.001997;28.75;5
0.001997;29.08;5
0.001997;28.77;5
0.001997;28.82;5
0.001997;28.72;5
0.001996;29.83;5
0.001996;29.93;5
0.001996;30.17;5
0.001996;30.04;5
0.001996;30.25;5
0.001996;29.88;5
0.001996;29.95;5
0.001996;30.12;5
0.001996;30.22;5
0.001996;30.34;5
0.001996;30.13;5
0.001996;30.32;5
0.001996;30.08;5
0.001996;29.95;5
0.001996;29.74;5
0.001996;30.18;5
0.001996;30.40;5
0.001996;30.01;5
0.001996;30.56;5
0.001996;30.26;5
0.001996;30.28;5
0.001996;30.20;5
0.001996;30.16;5
0.001996;30.24;5
0.001996;30.54;5
0.001996;30.43;5
0.001996;30.33;5
0.001996;30.50;5
0.001996;30.39;5
0.001996;30.67;5
0.001996;30.67;5
0.001996;30.22;5
0.001996;30.18;5
0.001996;30.22;5
0.001996;30.44;5
0.001996;30.40;5
0.001996;30.39;5
0.001996;30.39;5
0.001996;30.36;5
0.001996;30.66;5
0.001996;30.51;5
0.001996;30.52;5
0.001996;30.15;5
0.001996;29.37;5
0.001996;29.42;5
0.001996;29.50;5
0.001996;29.63;5
0.001996;29.75;5
0.001996;30.11;5
0.001996;29.97;5
0.002005;29.56;6
0.002005;29.76;6
0.002005;30.43;6
0.002005;30.19;6
0.002005;30.73;6
0.002005;30.29;6
0.002005;30.65;6
0.002005;29.92;6
0.002005;30.28;6
0.002005;29.65;6
0.002005;30.32;6
0.002005;29.72;6
0.002005;29.98;6
0.002005;30.29;6
0.002005;29.96;6
0.002005;29.52;6
0.002005;29.61;6
0.002005;30.05;6
0.002005;30.06;6
0.002005;29.68;6
0.002005;29.88;6
0.002005;29.59;6
0.002005;29.83;6
0.002005;29.60;6
0.002005;29.64;6
0.002005;29.49;6
0.002005;29.56;6
0.002005;29.55;6
0.002005;29.39;6
0.002005;29.60;6
0.002005;29.53;6
0.002005;29.91;6
0.002005;30.11;6
0.002005;29.54;6
0.002005;29.59;6
0.002005;29.42;6
0.002005;29.93;6
0.002005;29.65;6
0.002005;30.25;6
0.002005;30.19;6
0.002005;30.08;6
0.002005;30.10;6
0.002005;30.52;6
0.002005;30.57;6
0.002005;29.99;6
0.002005;30.24;6
0.002005;30.67;6
0.002005;30.53;6
0.002005;30.39;6
0.002005;30.53;6
0.002001;30.35;6
0.002001;30.40;6
0.002001;30.25;6
0.002001;30.21;6
0.002001;30.23;6
0.002001;29.76;6
0.002001;29.53;6
0.002001;29.28;6
0.002001;29.31;6
0.002001;29.31;6
0.002001;29.36;6
0.002001;29.28;6
0.002001;29.52;6
0.002001;29.83;6
0.002001;29.97;6
0.002001;30.11;6
0.002001;29.90;6
0.002001;29.88;6
0.002001;29.84;6
0.002001;29.55;6
0.002001;30.05;6
0.002001;30.17;6
0.002001;30.13;6
0.002001;30.13;6
0.002001;30.08;6
0.002001;30.00;6
0.002001;30.08;6
0.002001;29.95;6
0.002001;30.03;6
0.002001;30.00;6
0.002001;30.11;6
0.002001;29.83;6
0.002001;30.11;6
0.002001;30.03;6
0.002001;30.07;6
0.002001;30.01;6
0.002001;29.43;6
0.002001;29.48;6
0.002001;29.66;6
0.002001;29.53;6
0.002001;29.39;6
0.002001;29.68;6
0.002001;30.13;6
0.002001;30.29;6
0.002001;30.11;6
0.002001;30.06;6
0.002001;30.21;6
0.002001;30.08;6
0.002001;30.09;6
0.002001;29.92;6
0.002002;28.83;7
0.002002;28.97;7
0.002002;29.01;7
0.002002;28.89;7
0.002002;28.91;7
0.002002;28.84;7
0.002002;28.84;7
0.002002;28.90;7
0.002002;29.01;7
0.002002;29.09;7
0.002002;28.92;7
0.002002;28.98;7
0.002002;28.97;7
0.002002;29.10;7
0.002002;29.00;7
0.002002;29.04;7
0.002002;29.14;7
0.002002;29.67;7
0.002002;29.81;7
0.002002;30.00;7
0.002002;29.73;7
0.002002;29.65;7
0.002002;29.95;7
0.002002;29.76;7
0.002002;29.73;7
0.002002;29.65;7
0.002002;29.55;7
0.002002;29.83;7
0.002002;29.66;7
0.002002;29.71;7
0.002002;29.80;7
0.002002;30.47;7
0.002002;30.25;7
0.002002;29.87;7
0.002002;29.47;7
0.002002;29.47;7
0.002002;29.54;7
0.002002;29.57;7
0.002002;29.55;7
0.002002;29.50;7
0.002002;29.52;7
0.002002;29.47;7
0.002002;29.45;7
0.002002;30.16;7
0.002002;30.16;7
0.002002;30.13;7
0.002002;30.86;7
0.002002;30.92;7
0.002002;30.22;7
0.002002;29.59;7
0.001996;29.11;7
0.001996;29.12;7
0.001996;29.27;7
0.001996;29.07;7
0.001996;29.05;7
0.001996;28.93;7
0.001996;28.96;7
0.001996;28.97;7
0.001996;29.12;7
0.001996;29.09;7
0.001996;29.16;7
0.001996;29.23;7
0.001996;29.17;7
0.001996;29.26;7
0.001996;29.14;7
0.001996;29.12;7
0.001996;28.97;7
0.001996;28.91;7
0.001996;28.90;7
0.001996;28.94;7
0.001996;28.96;7
0.001996;28.97;7
0.001996;29.16;7
0.001996;30.23;7
0.001996;29.46;7
0.001996;29.12;7
0.001996;29.18;7
0.001996;29.24;7
0.001996;29.26;7
0.001996;29.79;7
0.001996;29.52;7
0.001996;29.03;7
0.001996;29.13;7
0.001996;29.86;7
0.001996;30.07;7
0.001996;30.11;7
0.001996;30.14;7
0.001996;30.19;7
0.001996;30.24;7
0.001996;29.94;7
0.001996;30.21;7
0.001996;29.23;7
0.001996;29.35;7
0.001996;29.09;7
0.001996;29.03;7
0.001996;29.01;7
0.001996;29.05;7
0.001996;29.02;7
0.001996;29.13;7
0.001996;29.27;7
0.001997;28.83;8
0.001997;28.86;8
0.001997;28.89;8
0.001997;28.89;8
0.001997;28.90;8
0.001997;29.00;8
0.001997;28.88;8
0.001997;29.01;8
0.001997;28.91;8
0.001997;28.97;8
0.001997;28.92;8
0.001997;29.08;8
0.001997;29.12;8
0.001997;29.06;8
0.001997;29.22;8
0.001997;29.30;8
0.001997;29.53;8
0.001997;29.49;8
0.001997;29.30;8
0.001997;29.66;8
0.001997;30.45;8
0.001997;30.42;8
0.001997;30.56;8
0.001997;30.54;8
0.001997;30.02;8
0.001997;29.64;8
0.001997;29.27;8
0.001997;29.31;8
0.001997;30.25;8
0.001997;30.01;8
0.001997;29.09;8
0.001997;30.24;8
0.001997;30.32;8
0.001997;30.41;8
0.001997;30.29;8
0.001997;30.36;8
0.001997;30.32;8
0.001997;29.78;8
0.001997;29.06;8
0.001997;29.30;8
0.001997;29.36;8
0.001997;29.38;8
0.001997;29.55;8
0.001997;29.42;8
0.001997;29.70;8
0.001997;29.32;8
0.001997;29.75;8
0.001997;29.49;8
0.001997;29.92;8
0.001997;29.46;8
0.001996;29.65;8
0.001996;29.30;8
0.001996;29.98;8
0.001996;29.86;8
0.001996;29.38;8
0.001996;29.43;8
0.001996;29.30;8
0.001996;29.12;8
0.001996;28.91;8
0.001996;29.18;8
0.001996;29.04;8
0.001996;29.19;8
0.001996;29.10;8
0.001996;29.19;8
0.001996;29.39;8
0.001996;29.33;8
0.001996;29.16;8
0.001996;29.10;8
0.001996;29.25;8
0.001996;29.24;8
0.001996;29.27;8
0.001996;29.19;8
0.001996;29.19;8
0.001996;29.37;8
0.001996;29.21;8
0.001996;29.34;8
0.001996;29.09;8
0.001996;29.61;8
0.001996;28.92;8
0.001996;29.92;8
0.001996;30.14;8
0.001996;30.13;8
0.001996;30.00;8
0.001996;30.27;8
0.001996;30.14;8
0.001996;29.82;8
0.001996;29.55;8
0.001996;29.67;8
0.001996;30.03;8
0.001996;30.17;8
0.001996;30.25;8
0.001996;30.69;8
0.001996;30.39;8
0.001996;30.24;8
0.001996;30.51;8
0.001996;30.12;8
0.001996;29.79;8
0.001996;29.53;8
0.001996;30.55;8
0.001996;30.51;8
0.001999;30.42;9
0.001999;30.23;9
0.001999;30.26;9
0.001999;30.29;9
0.001999;30.19;9
0.001999;30.19;9
0.001999;30.24;9
0.001999;30.17;9
0.001999;30.30;9
0.001999;30.17;9
0.001999;30.30;9
0.001999;29.20;9
0.001999;28.99;9
0.001999;28.77;9
0.001999;28.86;9
0.001999;28.91;9
0.001999;28.76;9
0.001999;28.79;9
0.001999;28.86;9
0.001999;28.86;9
0.001999;29.07;9
0.001999;28.88;9
0.001999;28.85;9
0.001999;28.75;9
0.001999;29.00;9
0.001999;28.97;9
0.001999;28.98;9
0.001999;28.91;9
0.001999;28.87;9
0.001999;28.92;9
0.001999;28.95;9
0.001999;28.92;9
0.001999;28.99;9
0.001999;28.94;9
0.001999;28.80;9
0.001999;28.84;9
0.001999;28.92;9
0.001999;28.94;9
0.001999;28.93;9
0.001999;28.77;9
0.001999;28.70;9
0.001999;28.79;9
0.001999;28.75;9
0.001999;28.70;9
0.001999;29.20;9
0.001999;28.92;9
0.001999;28.88;9
0.001999;28.86;9
0.001999;29.01;9
0.001999;28.71;9
0.002000;28.86;9
0.002000;29.00;9
0.002000;29.05;9
0.002000;29.07;9
0.002000;28.99;9
0.002000;29.02;9
0.002000;28.97;9
0.002000;29.08;9
0.002000;29.11;9
0.002000;28.77;9
0.002000;28.89;9
0.002000;28.80;9
0.002000;28.78;9
0.002000;28.92;9
0.002000;29.03;9
0.002000;28.86;9
0.002000;29.45;9
0.002000;29.08;9
0.002000;29.64;9
0.002000;29.09;9
0.002000;29.39;9
0.002000;29.08;9
0.002000;29.17;9
0.002000;29.05;9
0.002000;29.21;9
0.002000;29.30;9
0.002000;29.24;9
0.002000;28.91;9
0.002000;28.88;9
0.002000;29.02;9
0.002000;28.84;9
0.002000;28.90;9
0.002000;28.93;9
0.002000;28.96;9
0.002000;28.91;9
0.002000;28.78;9
0.002000;28.90;9
0.002000;28.87;9
0.002000;28.79;9
0.002000;28.72;9
0.002000;28.72;9
0.002000;28.97;9
0.002000;28.99;9
0.002000;28.97;9
0.002000;28.98;9
0.002000;28.99;9
0.002000;28.88;9
0.002000;28.78;9
0.002000;28.78;9
0.002000;28.87;9
0.002002;28.89;10
0.002002;28.91;10
0.002002;28.88;10
0.002002;28.88;10
0.002002;28.88;10
0.002002;28.77;10
0.002002;28.72;10
0.002002;28.75;10
0.002002;28.83;10
0.002002;28.80;10
0.002002;28.92;10
0.002002;28.86;10
0.002002;28.86;10
0.002002;28.80;10
0.002002;28.89;10
0.002002;28.89;10
0.002002;28.84;10
0.002002;28.82;10
0.002002;28.78;10
0.002002;28.91;10
0.002002;28.73;10
0.002002;28.72;10
0.002002;28.77;10
0.002002;28.84;10
0.002002;28.80;10
0.002002;28.79;10
0.002002;28.77;10
0.002002;28.91;10
0.002002;28.95;10
0.002002;28.93;10
0.002002;28.92;10
0.002002;28.79;10
0.002002;28.93;10
0.002002;28.98;10
0.002002;28.77;10
0.002002;28.64;10
0.002002;28.72;10
0.002002;29.07;10
0.002002;29.11;10
0.002002;28.98;10
0.002002;29.61;10
0.002002;29.02;10
0.002002;28.73;10
0.002002;28.72;10
0.002002;28.75;10
0.002002;28.94;10
0.002002;28.87;10
0.002002;28.92;10
0.002002;28.93;10
0.002002;28.86;10
0.001999;28.80;10
0.001999;28.66;10
0.001999;28.65;10
0.001999;28.72;10
0.001999;28.82;10
0.001999;28.89;10
0.001999;28.97;10
0.001999;28.94;10
0.001999;28.88;10
0.001999;28.84;10
0.001999;28.76;10
0.001999;28.90;10
0.001999;28.74;10
0.001999;28.87;10
0.001999;28.84;10
0.001999;28.84;10
0.001999;28.68;10
0.001999;28.72;10
0.001999;28.77;10
0.001999;28.69;10
0.001999;28.70;10
0.001999;28.70;10
0.001999;28.94;10
0.001999;28.92;10
0.001999;28.80;10
0.001999;28.90;10
0.001999;28.79;10
0.001999;28.74;10
0.001999;28.72;10
0.001999;28.86;10
0.001999;28.76;10
0.001999;28.61;10
0.001999;28.71;10
0.001999;28.77;10
0.001999;28.93;10
0.001999;28.91;10
0.001999;28.80;10
0.001999;28.93;10
0.001999;28.80;10
0.001999;28.76;10
0.001999;29.20;10
0.001999;29.12;10
0.001999;28.97;10
0.001999;29.22;10
0.001999;28.87;10
0.001999;29.34;10
0.001999;28.80;10
0.001999;29.19;10
0.001999;28.82;10
0.001999;29.95;10
0.002000;29.39;11
0.002000;29.61;11
0.002000;29.45;11
0.002000;29.20;11
0.002000;29.03;11
0.002000;29.19;11
0.002000;29.08;11
0.002000;29.08;11
0.002000;29.19;11
0.002000;28.92;11
0.002000;28.95;11
0.002000;29.02;11
0.002000;29.90;11
0.002000;28.96;11
0.002000;29.03;11
0.002000;29.42;11
0.002000;29.03;11
0.002000;29.04;11
0.002000;29.07;11
0.002000;30.36;11
0.002000;30.72;11
0.002000;30.68;11
0.002000;30.60;11
0.002000;29.85;11
0.002000;29.10;11
0.002000;29.16;11
0.002000;29.26;11
0.002000;29.19;11
0.002000;28.86;11
0.002000;28.85;11
0.002000;28.92;11
0.002000;28.72;11
0.002000;29.02;11
0.002000;30.11;11
0.002000;28.91;11
0.002000;28.81;11
0.002000;28.91;11
0.002000;30.32;11
0.002000;30.52;11
0.002000;32.23;11
0.002000;30.51;11
0.002000;30.61;11
0.002000;29.41;11
0.002000;29.33;11
0.002000;29.40;11
0.002000;29.33;11
0.002000;29.26;11
0.002000;29.24;11
0.002000;29.35;11
0.002000;29.15;11
0.001994;29.27;11
0.001994;29.26;11
0.001994;29.32;11
0.001994;29.32;11
0.001994;29.58;11
0.001994;29.30;11
0.001994;29.21;11
0.001994;29.34;11
0.001994;29.30;11
0.001994;29.32;11
0.001994;29.28;11
0.001994;29.40;11
0.001994;29.37;11
0.001994;29.27;11
0.001994;29.21;11
0.001994;29.29;11
0.001994;29.34;11
0.001994;29.30;11
0.001994;29.17;11
0.001994;28.97;11
0.001994;28.93;11
0.001994;29.24;11
0.001994;29.29;11
0.001994;29.11;11
0.001994;28.99;11
0.001994;29.17;11
0.001994;29.07;11
0.001994;29.13;11
0.001994;29.16;11
0.001994;29.08;11
0.001994;29.10;11
0.001994;29.11;11
0.001994;29.10;11
0.001994;28.98;11
0.001994;29.08;11
0.001994;29.17;11
0.001994;29.25;11
0.001994;29.23;11
0.001994;29.34;11
0.001994;29.31;11
0.001994;29.30;11
0.001994;29.24;11
0.001994;29.14;11
0.001994;29.36;11
0.001994;29.36;11
0.001994;29.29;11
0.001994;29.09;11
0.001994;28.85;11
0.001994;28.83;11
0.001994;29.10;11
0.001997;29.22;12
0.001997;29.28;12
0.001997;29.25;12
0.001996;29.29;12
0.001996;29.52;12
0.001996;29.81;12
0.001996;29.49;12
0.001996;29.40;12
0.001996;29.29;12
0.001996;29.38;12
0.001996;29.23;12
0.001996;29.00;12
0.001996;29.10;12
0.001996;29.62;12
0.001996;29.12;12
0.001996;29.36;12
0.001996;28.99;12
0.001996;29.34;12
0.001996;28.94;12
0.001996;29.44;12
0.001996;29.13;12
0.001996;29.63;12
0.001996;29.21;12
0.001996;29.45;12
0.001996;28.83;12
0.001996;29.03;12
0.001996;29.16;12
0.001996;28.95;12
0.001996;29.03;12
0.001996;29.07;12
0.001996;29.20;12
0.001996;29.14;12
0.001996;29.09;12
0.001996;29.17;12
0.001996;29.30;12
0.001996;29.36;12
0.001996;29.35;12
0.001996;29.27;12
0.001996;30.05;12
0.001996;31.43;12
0.001996;32.02;12
0.001996;30.33;12
0.001996;30.62;12
0.001996;30.61;12
0.001996;28.91;12
0.001996;29.06;12
0.001996;29.14;12
0.001996;29.45;12
0.001996;30.12;12
0.001996;29.76;12
0.002000;29.02;12
0.002000;29.09;12
0.002000;30.02;12
0.002000;30.11;12
0.002000;30.57;12
0.002000;30.11;12
0.002000;29.42;12
0.002000;29.51;12
0.002000;29.46;12
0.002000;29.54;12
0.002000;29.45;12
0.002000;29.54;12
0.002000;30.09;12
0.002000;29.46;12
0.002000;29.86;12
0.002000;29.35;12
0.002000;29.35;12
0.002000;29.03;12
0.002000;30.03;12
0.002000;29.06;12
0.002000;29.92;12
0.002000;29.93;12
0.002000;29.63;12
0.002000;29.06;12
0.002000;29.11;12
0.002000;29.01;12
0.002000;29.25;12
0.002000;28.94;12
0.002000;29.08;12
0.002000;29.09;12
0.002000;29.76;12
0.002000;30.54;12
0.002000;30.14;12
0.002000;29.61;12
0.002000;30.47;12
0.002000;28.99;12
0.002000;29.69;12
0.002000;29.65;12
0.002000;30.49;12
0.002000;30.37;12
0.002000;28.91;12
0.002000;29.68;12
0.002000;28.77;12
0.002000;28.99;12
0.002000;28.76;12
0.002000;30.11;12
0.002000;28.75;12
0.002000;28.85;12
0.002000;29.63;12
0.002000;28.98;12
0.002000;30.39;13
0.002000;30.31;13
0.002000;28.98;13
0.002000;28.92;13
0.002000;29.03;13
0.002000;29.06;13
0.002000;29.11;13
0.002000;29.29;13
0.002000;30.67;13
0.002000;29.40;13
0.002000;28.87;13
0.002000;29.43;13
0.002000;30.36;13
0.002000;30.40;13
0.002000;30.42;13
0.002000;30.12;13
0.002000;28.68;13
0.002000;29.37;13
0.002000;28.76;13
0.002000;28.80;13
0.002000;28.88;13
0.002000;28.85;13
0.002000;28.74;13
0.002000;28.90;13
0.002000;28.73;13
0.002000;28.73;13
0.002000;28.76;13
0.002000;28.71;13
0.002000;28.68;13
0.002000;28.74;13
0.002000;28.70;13
0.002000;28.81;13
0.002000;28.72;13
0.002000;28.76;13
0.002000;28.81;13
0.002000;29.32;13
0.002000;28.80;13
0.002000;29.30;13
0.002000;28.66;13
0.002000;29.04;13
0.002000;28.64;13
0.002000;29.14;13
0.002000;28.58;13
0.002000;29.11;13
0.002000;28.84;13
0.002000;28.74;13
0.002000;28.94;13
0.002000;28.74;13
0.002000;28.69;13
0.002000;28.64;13
0.002004;28.96;13
0.002004;29.02;13
0.002004;29.01;13
0.002004;28.91;13
0.002004;29.01;13
0.002004;28.78;13
0.002004;28.80;13
0.002004;28.85;13
0.002004;28.69;13
0.002004;28.79;13
0.002004;28.82;13
0.002004;28.74;13
0.002004;28.82;13
0.002004;28.71;13
0.002004;28.91;13
0.002004;28.89;13
0.002004;28.99;13
0.002004;28.86;13
0.002004;28.81;13
0.002004;28.89;13
0.002004;28.88;13
0.002004;29.97;13
0.002004;32.53;13
0.002004;31.28;13
0.002004;29.21;13
0.002004;29.13;13
0.002004;29.02;13
0.002004;29.02;13
0.002004;28.81;13
0.002004;28.89;13
0.002004;31.80;13
0.002004;30.25;13
0.002004;29.12;13
0.002004;29.37;13
0.002004;29.51;13
0.002004;29.43;13
0.002004;29.18;13
0.002004;29.35;13
0.002004;29.23;13
0.002004;29.67;13
0.002004;30.10;13
0.002004;29.14;13
0.002004;29.11;13
0.002004;29.14;13
0.002004;29.25;13
0.002004;29.13;13
0.002004;28.85;13
0.002004;28.93;13
0.002004;29.10;13
0.002004;29.23;13
0.002006;29.38;14
0.002006;29.34;14
0.002006;29.44;14
0.002006;29.06;14
0.002006;28.91;14
0.002006;28.88;14
0.002006;28.92;14
0.002006;28.88;14
0.002006;29.06;14
0.002006;28.90;14
0.002006;29.00;14
0.002006;28.99;14
0.002006;28.83;14
0.002006;28.85;14
0.002006;28.99;14
0.002006;28.99;14
0.002006;29.70;14
0.002006;30.45;14
0.002006;30.45;14
0.002006;30.67;14
0.002006;30.05;14
0.002006;28.94;14
0.002006;28.82;14
0.002006;29.06;14
0.002006;29.16;14
0.002006;28.87;14
0.002006;28.83;14
0.002006;28.98;14
0.002006;29.93;14
0.002006;29.15;14
0.002006;28.98;14
0.002006;28.87;14
0.002006;28.88;14
0.002006;28.85;14
0.002006;29.04;14
0.002006;28.93;14
0.002006;29.23;14
0.002006;28.97;14
0.002006;29.06;14
0.002006;28.87;14
0.002006;28.88;14
0.002006;28.89;14
0.002006;28.94;14
0.002006;28.97;14
0.002006;28.89;14
0.002006;28.85;14
0.002006;28.93;14
0.002006;28.89;14
0.002006;29.24;14
0.002006;28.91;14
0.002001;28.78;14
0.002001;28.88;14
0.002001;28.89;14
0.002001;28.91;14
0.002001;28.97;14
0.002001;28.97;14
0.002001;29.19;14
0.002001;28.96;14
0.002001;29.59;14
0.002001;29.11;14
0.002001;29.62;14
0.002001;30.03;14
0.002001;30.73;14
0.002001;29.94;14
0.002001;29.93;14
0.002001;29.53;14
0.002001;30.30;14
0.002001;29.90;14
0.002001;30.52;14
0.002001;30.41;14
0.002001;29.97;14
0.002001;29.73;14
0.002001;29.49;14
0.002001;29.55;14
0.002001;29.58;14
0.002001;29.80;14
0.002001;31.31;14
0.002001;29.58;14
0.002001;29.51;14
0.002001;29.42;14
0.002001;29.44;14
0.002001;29.55;14
0.002001;29.41;14
0.002001;29.86;14
0.002001;30.22;14
0.002001;29.31;14
0.002001;29.00;14
0.002001;29.06;14
0.002001;29.00;14
0.002001;28.77;14
0.002001;29.01;14
0.002001;28.95;14
0.002001;28.94;14
0.002001;29.09;14
0.002001;29.24;14
0.002001;29.10;14
0.002001;28.71;14
0.002001;28.84;14
0.002001;28.90;14
0.002001;29.00;14
0.002007;28.82;15
0.002007;28.77;15
0.002007;28.78;15
0.002007;28.96;15
0.002007;28.90;15
0.002007;28.99;15
0.002007;28.91;15
0.002007;28.91;15
0.002007;28.79;15
0.002007;28.82;15
0.002007;28.89;15
0.002007;28.91;15
0.002007;28.88;15
0.002007;28.96;15
0.002007;29.01;15
0.002007;28.86;15
0.002007;28.89;15
0.002007;28.80;15
0.002007;28.79;15
0.002007;28.83;15
0.002007;28.78;15
0.002007;29.01;15
0.002007;28.92;15
0.002007;28.93;15
0.002007;29.02;15
0.002007;28.97;15
0.002007;28.74;15
0.002007;28.67;15
0.002007;28.75;15
0.002007;28.81;15
0.002007;28.78;15
0.002007;28.82;15
0.002007;28.73;15
0.002007;28.81;15
0.002007;28.76;15
0.002007;28.87;15
0.002007;28.89;15
0.002007;28.91;15
0.002007;28.85;15
0.002007;29.08;15
0.002007;29.01;15
0.002007;29.04;15
0.002007;29.12;15
0.002007;28.92;15
0.002007;28.88;15
0.002007;29.02;15
0.002007;28.88;15
0.002007;29.13;15
0.002007;28.79;15
0.002007;28.95;15
0.001999;28.92;15
0.001999;28.99;15
0.001999;29.12;15
0.001999;28.99;15
0.001999;29.01;15
0.001999;28.88;15
0.001999;29.10;15
0.001999;28.96;15
0.001999;28.99;15
0.001999;29.02;15
0.001999;28.85;15
0.001999;28.90;15
0.001999;28.99;15
0.001999;29.00;15
0.001999;28.93;15
0.001999;29.27;15
0.001999;29.81;15
0.001999;29.89;15
0.001999;29.98;15
0.001999;30.01;15
0.001999;29.95;15
0.001999;29.94;15
0.001999;30.01;15
0.001999;29.96;15
0.001999;29.42;15
0.001999;29.49;15
0.001999;29.46;15
0.001999;29.48;15
0.001999;29.62;15
0.001999;29.47;15
0.001999;29.51;15
0.001999;29.92;15
0.001999;29.42;15
0.001999;29.83;15
0.001999;29.44;15
0.001999;30.06;15
0.001999;29.95;15
0.001999;30.66;15
0.001999;29.00;15
0.001999;30.11;15
0.001999;30.26;15
0.001999;30.19;15
0.001999;30.15;15
0.001999;30.01;15
0.001999;30.25;15
0.001999;30.19;15
0.001999;29.42;15
0.001999;28.77;15
0.001999;29.06;15
0.001999;28.91;15
0.002002;29.26;16
0.002002;29.12;16
0.002002;29.07;16
0.002002;29.11;16
0.002002;29.07;16
0.002002;28.98;16
0.002002;28.85;16
0.002002;28.97;16
0.002002;29.10;16
0.002002;29.04;16
0.002002;29.04;16
0.002002;28.90;16
0.002002;28.85;16
0.002002;28.91;16
0.002002;29.79;16
0.002002;30.65;16
0.002002;30.67;16
0.002002;30.80;16
0.002002;30.67;16
0.002002;30.68;16
0.002002;29.66;16
0.002002;29.17;16
0.002002;30.62;16
0.002002;30.01;16
0.002002;28.99;16
0.002002;29.02;16
0.002002;28.83;16
0.002002;28.92;16
0.002002;29.04;16
0.002002;28.95;16
0.002002;28.92;16
0.002002;29.11;16
0.002002;30.01;16
0.002002;30.58;16
0.002002;29.76;16
0.002002;29.23;16
0.002002;29.27;16
0.002002;29.42;16
0.002002;29.32;16
0.002002;29.24;16
0.002002;29.12;16
0.002002;29.07;16
0.002002;29.07;16
0.002002;29.25;16
0.002002;29.23;16
0.002002;29.28;16
0.002002;29.31;16
0.002002;29.31;16
0.002002;29.17;16
0.002002;29.14;16
0.002001;29.72;16
0.002001;29.93;16
0.002001;29.42;16
0.002001;29.34;16
0.002001;29.88;16
0.002001;29.55;16
0.002001;29.42;16
0.002001;29.55;16
0.002001;29.50;16
0.002001;29.42;16
0.002001;29.42;16
0.002001;29.41;16
0.002001;29.41;16
0.002001;29.51;16
0.002001;29.48;16
0.002001;29.39;16
0.002001;29.46;16
0.002001;29.30;16
0.002001;29.52;16
0.002001;29.42;16
0.002001;29.46;16
0.002001;29.51;16
0.002001;29.45;16
0.002001;29.50;16
0.002001;31.06;16
0.002001;29.48;16
0.002001;29.60;16
0.002001;29.07;16
0.002001;29.04;16
0.002001;28.93;16
0.002001;28.95;16
0.002001;29.01;16
0.002001;28.90;16
0.002001;28.91;16
0.002001;29.30;16
0.002001;29.31;16
0.002001;29.32;16
0.002001;29.43;16
0.002001;29.61;16
0.002001;29.48;16
0.002001;29.28;16
0.002001;29.29;16
0.002001;29.46;16
0.002001;29.27;16
0.002001;28.93;16
0.002001;28.95;16
0.002001;28.91;16
0.002001;28.89;16
0.002001;28.97;16
0.002001;29.32;16
0.002001;29.51;17
0.002001;29.44;17
0.002001;29.47;17
0.002001;30.05;17
0.002001;30.06;17
0.002001;30.17;17
0.002001;30.31;17
0.002001;31.01;17
0.002001;29.99;17
0.002001;29.92;17
0.002001;30.09;17
0.002001;30.60;17
0.002001;29.10;17
0.002001;29.05;17
0.002001;29.31;17
0.002001;29.24;17
0.002001;29.11;17
0.002001;29.33;17
0.002001;29.20;17
0.002001;29.18;17
0.002001;29.24;17
0.002001;29.40;17
0.002001;29.31;17
0.002001;29.34;17
0.002001;29.09;17
0.002001;28.93;17
0.002001;28.97;17
0.002001;29.01;17
0.002001;28.97;17
0.002001;29.07;17
0.002001;28.97;17
0.002001;29.09;17
0.002001;30.06;17
0.002001;30.48;17
0.002001;30.48;17
0.002001;29.93;17
0.002001;30.11;17
0.002001;30.67;17
0.002001;30.59;17
0.002001;29.70;17
0.002001;29.63;17
0.002001;30.15;17
0.002001;30.46;17
0.002001;30.59;17
0.002001;29.78;17
0.002001;29.02;17
0.002001;28.86;17
0.002001;28.88;17
0.002001;29.08;17
0.002001;28.95;17
0.002000;30.54;17
0.002000;30.57;17
0.002000;30.68;17
0.002000;29.92;17
0.002000;30.71;17
0.002000;30.62;17
0.002000;30.65;17
0.002000;30.68;17
0.002000;30.76;17
0.002000;30.51;17
0.002000;30.54;17
0.002000;30.43;17
0.002000;30.63;17
0.002000;30.76;17
0.002000;30.60;17
0.002000;30.66;17
0.002000;30.21;17
0.002000;30.72;17
0.002000;29.60;17
0.002000;29.18;17
0.002000;29.05;17
0.002000;29.01;17
0.002000;29.30;17
0.002000;29.41;17
0.002000;29.43;17
0.002000;29.11;17
0.002000;28.94;17
0.002000;29.35;17
0.002000;29.35;17
0.002000;29.45;17
0.002000;29.30;17
0.002000;29.12;17
0.002000;29.11;17
0.002000;29.14;17
0.002000;29.40;17
0.002000;29.37;17
0.002000;29.22;17
0.002000;28.98;17
0.002000;29.78;17
0.002000;30.63;17
0.002000;30.62;17
0.002000;29.92;17
0.002000;29.63;17
0.002000;29.35;17
0.002000;29.33;17
0.002000;29.46;17
0.002000;29.33;17
0.002000;29.68;17
0.002000;29.79;17
0.002000;29.78;17
0.002001;29.33;18
0.002001;30.07;18
0.002001;29.98;18
0.002001;29.95;18
0.002001;29.62;18
0.002001;29.88;18
0.002001;28.86;18
0.002001;28.90;18
0.002001;28.92;18
0.002001;28.93;18
0.002001;28.97;18
0.002001;29.21;18
0.002001;29.39;18
0.002001;29.09;18
0.002001;29.14;18
0.002001;30.41;18
0.002001;29.52;18
0.002001;29.00;18
0.002001;29.42;18
0.002001;29.55;18
0.002001;29.52;18
0.002001;29.22;18
0.002001;29.36;18
0.002001;30.25;18
0.002001;30.81;18
0.002001;30.65;18
0.002001;30.43;18
0.002001;29.01;18
0.002001;29.31;18
0.002001;30.08;18
0.002001;30.12;18
0.002001;29.07;18
0.002001;29.53;18
0.002001;28.91;18
0.002001;28.88;18
0.002001;30.26;18
0.002001;30.19;18
0.002001;29.01;18
0.002001;28.87;18
0.002001;29.01;18
0.002001;29.03;18
0.002001;29.18;18
0.002001;28.93;18
0.002001;28.84;18
0.002001;29.04;18
0.002001;28.92;18
0.002001;28.79;18
0.002001;28.86;18
0.002001;28.93;18
0.002001;28.85;18
0.002001;29.00;18
0.002001;28.94;18
0.002001;29.28;18
0.002001;29.20;18
0.002001;29.30;18
0.002001;30.21;18
0.002001;30.74;18
0.002001;30.72;18
0.002001;30.08;18
0.002001;29.29;18
0.002001;29.24;18
0.002001;29.40;18
0.002001;29.24;18
0.002001;29.06;18
0.002001;29.19;18
0.002001;29.40;18
0.002001;29.31;18
0.002001;29.28;18
0.002001;29.35;18
0.002001;29.19;18
0.002001;29.31;18
0.002001;30.39;18
0.002001;30.83;18
0.002001;28.95;18
0.002001;28.91;18
0.002001;28.90;18
0.002001;29.10;18
0.002001;29.03;18
0.002001;29.34;18
0.002001;29.11;18
0.002001;29.05;18
0.002001;28.85;18
0.002001;28.89;18
0.002001;28.82;18
0.002001;29.11;18
0.002001;28.81;18
0.002001;28.79;18
0.002001;28.85;18
0.002001;28.89;18
0.002001;28.90;18
0.002001;28.93;18
0.002001;28.93;18
0.002001;28.90;18
0.002001;28.92;18
0.002001;28.95;18
0.002001;28.84;18
0.002001;28.97;18
0.002001;29.02;18
0.002001;28.94;18
0.002001;28.89;18
0.002002;28.89;19
0.002002;29.04;19
0.002002;29.09;19
0.002002;29.31;19
0.002002;29.33;19
0.002002;28.90;19
0.002002;28.98;19
0.002002;29.04;19
0.002002;29.01;19
0.002002;29.00;19
0.002002;28.90;19
0.002002;28.88;19
0.002002;28.76;19
0.002002;28.82;19
0.002002;28.81;19
0.002002;28.75;19
0.002002;28.87;19
0.002002;28.90;19
0.002002;28.82;19
0.002002;28.84;19
0.002002;28.88;19
0.002002;28.73;19
0.002002;28.75;19
0.002002;28.90;19
0.002002;28.85;19
0.002002;28.80;19
0.002002;28.96;19
0.002002;28.94;19
0.002002;29.27;19
0.002002;28.93;19
0.002002;29.00;19
0.002002;29.05;19
0.002002;28.78;19
0.002002;28.82;19
0.002002;28.72;19
0.002002;28.84;19
0.002002;28.72;19
0.002002;28.70;19
0.002002;28.79;19
0.002002;29.02;19
0.002002;28.84;19
0.002002;28.67;19
0.002002;28.83;19
0.002002;28.90;19
0.002002;28.88;19
0.002002;28.77;19
0.002002;28.94;19
0.002002;29.77;19
0.002002;28.97;19
0.002002;29.41;19
0.002000;29.42;19
0.002000;30.24;19
0.002000;30.14;19
0.002000;29.93;19
0.002000;29.97;19
0.002000;30.58;19
0.002000;30.34;19
0.002000;30.32;19
0.002000;30.38;19
0.002000;30.41;19
0.002000;30.26;19
0.002000;30.19;19
0.002000;30.23;19
0.002000;28.81;19
0.002000;28.79;19
0.002000;28.79;19
0.002000;28.99;19
0.002000;28.82;19
0.002000;28.82;19
0.002000;29.10;19
0.002000;28.86;19
0.002000;28.88;19
0.002000;28.96;19
0.002000;28.98;19
0.002000;28.88;19
0.002000;28.86;19
0.002000;29.04;19
0.002000;29.33;19
0.002000;29.13;19
0.002000;28.91;19
0.002000;28.91;19
0.002000;29.04;19
0.002000;29.06;19
0.002000;29.12;19
0.002000;30.30;19
0.002000;30.02;19
0.002000;30.15;19
0.002000;30.62;19
0.002000;30.61;19
0.002000;30.63;19
0.002000;30.63;19
0.002000;30.59;19
0.002000;30.57;19
0.002000;29.62;19
0.002000;29.86;19
0.002000;29.76;19
0.002000;29.01;19
0.002000;29.54;19
0.002000;29.18;19
0.002000;29.75;19
