loss;elapsed_time;iteration
0.105020;37.25;0
0.083623;37.15;0
0.068676;37.18;0
0.055593;37.10;0
0.043740;37.17;0
0.034653;37.18;0
0.027711;37.14;0
0.022166;36.70;0
0.017835;36.62;0
0.014638;36.62;0
0.012227;36.62;0
0.010318;36.62;0
0.008784;36.63;0
0.007559;36.62;0
0.006583;36.63;0
0.005801;36.62;0
0.005171;36.61;0
0.004656;36.63;0
0.004234;36.65;0
0.003883;36.62;0
0.003588;36.63;0
0.003341;36.64;0
0.003132;36.62;0
0.002955;36.62;0
0.002806;36.62;0
0.002681;36.62;0
0.002578;36.62;0
0.002493;36.61;0
0.002423;36.62;0
0.002365;36.62;0
0.002316;36.62;0
0.002275;36.56;0
0.002240;36.38;0
0.002210;36.38;0
0.002184;36.40;0
0.002161;36.38;0
0.002142;36.38;0
0.002125;36.39;0
0.002110;36.38;0
0.002097;36.39;0
0.002086;36.40;0
0.002076;36.40;0
0.002067;36.39;0
0.002060;36.39;0
0.002053;36.39;0
0.002047;36.40;0
0.002042;36.39;0
0.002037;36.39;0
0.002033;36.39;0
0.002029;36.40;0
0.002026;36.39;0
0.002023;36.40;0
0.002020;36.39;0
0.002018;36.39;0
0.002015;36.39;0
0.002013;36.38;0
0.002012;36.40;0
0.002010;36.39;0
0.002009;36.41;0
0.002007;36.39;0
0.002006;36.39;0
0.002005;36.40;0
0.002004;36.38;0
0.002003;36.39;0
0.002003;36.39;0
0.002002;36.39;0
0.002001;36.41;0
0.002000;36.39;0
0.002000;36.44;0
0.001999;36.44;0
0.001999;36.45;0
0.001998;36.44;0
0.001998;36.44;0
0.001997;36.44;0
0.001997;36.44;0
0.001996;36.44;0
0.001996;36.44;0
0.001996;36.44;0
0.001995;36.44;0
0.001995;36.44;0
0.001995;36.46;0
0.001994;36.44;0
0.001994;36.44;0
0.001994;36.44;0
0.001993;36.44;0
0.001993;36.44;0
0.001993;36.44;0
0.001992;36.44;0
0.001992;36.44;0
0.001992;36.45;0
0.001991;36.53;0
0.001991;36.51;0
0.001991;36.44;0
0.001991;36.45;0
0.001990;36.44;0
0.001990;36.45;0
0.001990;36.44;0
0.001989;36.44;0
0.001989;36.44;0
0.001989;36.44;0
0.091636;36.61;1
0.067113;36.39;1
0.048393;36.39;1
0.035045;36.39;1
0.025914;36.42;1
0.019704;36.39;1
0.015388;36.44;1
0.012355;36.44;1
0.010177;36.44;1
0.008559;36.45;1
0.007323;36.44;1
0.006362;36.45;1
0.005610;36.45;1
0.005015;36.45;1
0.004540;36.45;1
0.004157;36.44;1
0.003843;36.45;1
0.003585;36.45;1
0.003369;36.45;1
0.003189;36.45;1
0.003038;36.45;1
0.002911;36.45;1
0.002803;36.45;1
0.002710;36.45;1
0.002629;36.45;1
0.002559;36.44;1
0.002498;36.45;1
0.002444;36.45;1
0.002396;36.45;1
0.002354;36.44;1
0.002318;36.44;1
0.002285;36.44;1
0.002256;36.45;1
0.002230;36.45;1
0.002206;36.45;1
0.002186;36.45;1
0.002167;36.46;1
0.002150;36.45;1
0.002136;36.45;1
0.002122;36.45;1
0.002110;36.46;1
0.002100;36.45;1
0.002090;36.45;1
0.002082;36.45;1
0.002074;36.45;1
0.002067;36.45;1
0.002061;36.45;1
0.002056;36.45;1
0.002051;36.45;1
0.002047;36.45;1
0.002023;36.66;1
0.002022;36.44;1
0.002021;36.44;1
0.002021;36.44;1
0.002020;36.44;1
0.002019;36.44;1
0.002019;36.44;1
0.002018;36.44;1
0.002018;36.44;1
0.002017;36.45;1
0.002017;36.44;1
0.002016;36.44;1
0.002016;36.44;1
0.002016;36.45;1
0.002015;36.44;1
0.002015;36.44;1
0.002014;36.44;1
0.002014;36.45;1
0.002014;36.44;1
0.002013;36.44;1
0.002013;36.45;1
0.002013;36.45;1
0.002012;36.44;1
0.002012;36.44;1
0.002012;36.45;1
0.002011;36.45;1
0.002011;36.45;1
0.002011;36.44;1
0.002010;36.45;1
0.002010;36.45;1
0.002010;36.44;1
0.002010;36.44;1
0.002009;36.44;1
0.002009;36.44;1
0.002009;36.45;1
0.002009;36.44;1
0.002008;36.45;1
0.002008;36.62;1
0.002008;36.45;1
0.002007;36.45;1
0.002007;36.45;1
0.002007;36.45;1
0.002007;36.45;1
0.002006;36.45;1
0.002006;36.45;1
0.002006;36.45;1
0.002006;36.44;1
0.002005;36.45;1
0.002005;36.46;1
0.002005;36.45;1
0.002054;36.66;2
0.002052;36.44;2
0.002049;36.44;2
0.002047;36.44;2
0.002045;36.45;2
0.002043;36.45;2
0.002042;36.44;2
0.002040;36.44;2
0.002039;36.44;2
0.002038;36.45;2
0.002037;36.44;2
0.002036;36.44;2
0.002035;36.45;2
0.002034;36.45;2
0.002033;36.45;2
0.002032;36.45;2
0.002032;36.44;2
0.002031;36.45;2
0.002031;36.45;2
0.002030;36.44;2
0.002030;36.45;2
0.002030;36.45;2
0.002029;36.45;2
0.002029;36.44;2
0.002028;36.45;2
0.002028;36.45;2
0.002028;36.45;2
0.002028;36.45;2
0.002028;36.45;2
0.002027;36.45;2
0.002027;36.45;2
0.002027;36.45;2
0.002027;36.45;2
0.002027;36.45;2
0.002026;36.44;2
0.002026;36.45;2
0.002026;36.45;2
0.002026;36.45;2
0.002026;36.45;2
0.002026;36.45;2
0.002026;36.45;2
0.002026;36.45;2
0.002026;36.44;2
0.002025;36.45;2
0.002025;36.45;2
0.002025;36.45;2
0.002025;36.45;2
0.002025;36.45;2
0.002025;36.45;2
0.002025;36.45;2
0.001977;36.66;2
0.001977;36.44;2
0.001976;36.44;2
0.001976;36.44;2
0.001976;36.44;2
0.001975;36.45;2
0.001975;36.44;2
0.001975;36.45;2
0.001975;36.44;2
0.001975;36.45;2
0.001974;36.45;2
0.001974;36.45;2
0.001974;36.45;2
0.001974;36.45;2
0.001973;36.45;2
0.001973;36.45;2
0.001973;36.45;2
0.001973;36.44;2
0.001973;36.45;2
0.001972;36.45;2
0.001972;36.45;2
0.001972;36.45;2
0.001972;36.45;2
0.001972;36.45;2
0.001971;36.45;2
0.001971;36.45;2
0.001971;36.45;2
0.001971;36.45;2
0.001971;36.44;2
0.001970;36.45;2
0.001970;36.45;2
0.001970;36.45;2
0.001970;36.44;2
0.001969;36.45;2
0.001969;36.61;2
0.001969;36.45;2
0.001969;36.45;2
0.001969;36.45;2
0.001968;36.45;2
0.001968;36.45;2
0.001968;36.46;2
0.001968;36.45;2
0.001967;36.45;2
0.001967;36.45;2
0.001967;36.39;2
0.001967;36.39;2
0.001967;36.39;2
0.001966;36.39;2
0.001966;36.40;2
0.001966;36.39;2
0.002024;36.66;3
0.002024;36.45;3
0.002024;36.45;3
0.002024;36.45;3
0.002024;36.45;3
0.002024;36.45;3
0.002024;36.44;3
0.002024;36.45;3
0.002024;36.45;3
0.002023;36.45;3
0.002023;36.45;3
0.002023;36.45;3
0.002023;36.45;3
0.002023;36.45;3
0.002023;36.45;3
0.002023;36.45;3
0.002023;36.45;3
0.002023;36.45;3
0.002023;36.45;3
0.002023;36.45;3
0.002023;36.45;3
0.002023;36.45;3
0.002023;36.45;3
0.002023;36.46;3
0.002023;36.45;3
0.002023;36.45;3
0.002023;36.46;3
0.002023;36.45;3
0.002023;36.45;3
0.002023;36.46;3
0.002023;36.45;3
0.002023;36.46;3
0.002023;36.39;3
0.002023;36.39;3
0.002023;36.39;3
0.002022;36.39;3
0.002022;36.39;3
0.002022;36.40;3
0.002022;36.39;3
0.002022;36.39;3
0.002022;36.40;3
0.002022;36.39;3
0.002022;36.39;3
0.002022;36.39;3
0.002022;36.40;3
0.002022;36.39;3
0.002022;36.39;3
0.002022;36.39;3
0.002022;36.39;3
0.002022;36.39;3
0.001967;36.66;3
0.001966;36.45;3
0.001966;36.45;3
0.001966;36.45;3
0.001966;36.45;3
0.001965;36.45;3
0.001965;36.40;3
0.001965;36.39;3
0.001965;36.39;3
0.001965;36.39;3
0.001964;36.39;3
0.001964;36.39;3
0.001964;36.40;3
0.001964;36.39;3
0.001964;36.39;3
0.001963;36.39;3
0.001963;36.39;3
0.001963;36.39;3
0.001963;36.39;3
0.001963;36.40;3
0.001962;36.39;3
0.001962;36.39;3
0.001962;36.39;3
0.001962;36.39;3
0.001962;36.39;3
0.001962;36.39;3
0.001961;36.40;3
0.001961;36.39;3
0.001961;36.40;3
0.001961;36.39;3
0.001961;36.56;3
0.001960;36.40;3
0.001960;36.39;3
0.001960;36.45;3
0.001960;36.46;3
0.001960;36.46;3
0.001959;36.45;3
0.001959;36.46;3
0.001959;36.45;3
0.001959;36.45;3
0.001959;36.41;3
0.001958;36.38;3
0.001958;36.39;3
0.001958;36.39;3
0.001958;36.39;3
0.001958;36.39;3
0.001958;36.39;3
0.001957;36.40;3
0.001957;36.40;3
0.001957;36.39;3
0.002004;36.66;4
0.002004;36.39;4
0.002004;36.40;4
0.002004;36.39;4
0.002004;36.40;4
0.002004;36.39;4
0.002004;36.39;4
0.002004;36.40;4
0.002004;36.46;4
0.002004;36.46;4
0.002003;36.47;4
0.002003;36.47;4
0.002003;36.46;4
0.002003;36.46;4
0.002003;36.46;4
0.002003;36.46;4
0.002003;36.46;4
0.002003;36.46;4
0.002003;36.47;4
0.002003;36.46;4
0.002003;36.46;4
0.002003;36.47;4
0.002003;36.46;4
0.002003;36.46;4
0.002003;36.47;4
0.002003;36.46;4
0.002003;36.46;4
0.002003;36.46;4
0.002003;36.47;4
0.002003;36.46;4
0.002003;36.45;4
0.002003;36.46;4
0.002003;36.45;4
0.002003;36.46;4
0.002003;36.47;4
0.002003;36.46;4
0.002003;36.47;4
0.002003;36.46;4
0.002003;36.45;4
0.002003;36.48;4
0.002003;36.46;4
0.002003;36.47;4
0.002003;36.47;4
0.002003;36.46;4
0.002003;36.46;4
0.002003;36.46;4
0.002003;36.46;4
0.002003;36.46;4
0.002003;36.47;4
0.002003;36.46;4
0.001955;36.66;4
0.001955;36.40;4
0.001955;36.46;4
0.001955;36.46;4
0.001955;36.46;4
0.001954;36.46;4
0.001954;36.46;4
0.001954;36.46;4
0.001954;36.46;4
0.001954;36.47;4
0.001954;36.46;4
0.001953;36.47;4
0.001953;36.46;4
0.001953;36.47;4
0.001953;36.45;4
0.001953;36.46;4
0.001953;36.47;4
0.001952;36.46;4
0.001952;36.46;4
0.001952;36.47;4
0.001952;36.46;4
0.001952;36.47;4
0.001952;36.46;4
0.001951;36.46;4
0.001951;36.48;4
0.001951;36.46;4
0.001951;36.46;4
0.001951;36.62;4
0.001951;36.46;4
0.001950;36.45;4
0.001950;36.48;4
0.001950;36.47;4
0.001950;36.45;4
0.001950;36.46;4
0.001950;36.46;4
0.001949;36.46;4
0.001949;36.46;4
0.001949;36.46;4
0.001949;36.47;4
0.001949;36.47;4
0.001949;36.46;4
0.001949;36.46;4
0.001948;36.47;4
0.001948;36.46;4
0.001948;36.47;4
0.001948;36.46;4
0.001948;36.47;4
0.001948;36.48;4
0.001948;36.46;4
0.001947;36.51;4
0.001974;36.72;5
0.001974;36.46;5
0.001974;36.46;5
0.001974;36.46;5
0.001974;36.46;5
0.001974;36.46;5
0.001974;36.46;5
0.001974;36.47;5
0.001974;36.46;5
0.001974;36.46;5
0.001974;36.46;5
0.001974;36.46;5
0.001974;36.46;5
0.001974;36.48;5
0.001974;36.48;5
0.001974;36.47;5
0.001974;36.46;5
0.001974;36.46;5
0.001974;36.46;5
0.001974;36.46;5
0.001974;36.46;5
0.001974;36.46;5
0.001974;36.46;5
0.001974;36.46;5
0.001973;36.47;5
0.001973;36.46;5
0.001973;36.46;5
0.001973;36.47;5
0.001973;36.46;5
0.001973;36.46;5
0.001973;36.46;5
0.001973;36.47;5
0.001973;36.46;5
0.001973;36.46;5
0.001973;36.46;5
0.001973;36.46;5
0.001973;36.46;5
0.001973;36.46;5
0.001973;36.46;5
0.001973;36.45;5
0.001973;36.51;5
0.001973;36.51;5
0.001973;36.52;5
0.001973;36.51;5
0.001973;36.51;5
0.001973;36.51;5
0.001973;36.51;5
0.001973;36.51;5
0.001973;36.51;5
0.001973;36.52;5
0.001949;36.71;5
0.001949;36.46;5
0.001949;36.45;5
0.001949;36.45;5
0.001949;36.46;5
0.001949;36.44;5
0.001949;36.45;5
0.001948;36.44;5
0.001948;36.45;5
0.001948;36.45;5
0.001948;36.45;5
0.001948;36.45;5
0.001948;36.45;5
0.001947;36.46;5
0.001947;36.44;5
0.001947;36.45;5
0.001947;36.45;5
0.001947;36.46;5
0.001947;36.45;5
0.001947;36.45;5
0.001947;36.46;5
0.001946;36.44;5
0.001946;36.44;5
0.001946;36.54;5
0.001946;36.50;5
0.001946;36.46;5
0.001946;36.44;5
0.001946;36.49;5
0.001946;36.50;5
0.001945;36.51;5
0.001945;36.50;5
0.001945;36.49;5
0.001945;36.49;5
0.001945;36.50;5
0.001945;36.50;5
0.001945;36.50;5
0.001945;36.49;5
0.001944;36.50;5
0.001944;36.50;5
0.001944;36.50;5
0.001944;36.49;5
0.001944;36.50;5
0.001944;36.50;5
0.001944;36.50;5
0.001944;36.50;5
0.001944;36.50;5
0.001943;36.50;5
0.001943;36.50;5
0.001943;36.50;5
0.001943;36.50;5
0.001959;36.74;6
0.001959;36.48;6
0.001959;36.46;6
0.001959;36.47;6
0.001958;36.47;6
0.001958;36.47;6
0.001958;36.48;6
0.001958;36.46;6
0.001958;36.47;6
0.001958;36.48;6
0.001958;36.46;6
0.001958;36.47;6
0.001958;36.48;6
0.001958;36.46;6
0.001958;36.48;6
0.001958;36.46;6
0.001958;36.52;6
0.001958;36.52;6
0.001958;36.51;6
0.001958;36.52;6
0.001958;37.38;6
0.001958;36.76;6
0.001958;36.75;6
0.001958;36.76;6
0.001958;36.75;6
0.001958;36.76;6
0.001958;36.79;6
0.001958;36.75;6
0.001958;36.75;6
0.001958;36.75;6
0.001958;36.76;6
0.001958;36.88;6
0.001958;36.77;6
0.001958;36.76;6
0.001958;36.76;6
0.001958;36.75;6
0.001958;36.78;6
0.001958;36.76;6
0.001958;36.76;6
0.001958;36.75;6
0.001958;36.74;6
0.001957;36.78;6
0.001957;36.76;6
0.001957;36.76;6
0.001957;36.75;6
0.001957;36.61;6
0.001957;36.51;6
0.001957;36.51;6
0.001957;36.52;6
0.001957;36.52;6
0.001942;36.71;6
0.001942;36.50;6
0.001941;36.50;6
0.001941;36.50;6
0.001941;36.50;6
0.001941;36.49;6
0.001941;36.50;6
0.001941;36.50;6
0.001941;36.50;6
0.001941;36.50;6
0.001941;36.50;6
0.001941;36.50;6
0.001940;36.50;6
0.001940;36.50;6
0.001940;36.51;6
0.001940;36.50;6
0.001940;36.50;6
0.001940;36.50;6
0.001940;36.51;6
0.001940;36.50;6
0.001940;36.50;6
0.001940;36.50;6
0.001940;36.50;6
0.001939;36.50;6
0.001939;36.50;6
0.001939;36.50;6
0.001939;36.51;6
0.001939;36.50;6
0.001939;36.50;6
0.001939;36.50;6
0.001939;36.50;6
0.001939;36.52;6
0.001939;36.50;6
0.001939;36.50;6
0.001938;36.50;6
0.001938;36.50;6
0.001938;36.50;6
0.001938;36.50;6
0.001938;36.50;6
0.001938;36.50;6
0.001938;36.50;6
0.001938;36.50;6
0.001938;36.50;6
0.001938;36.51;6
0.001938;36.50;6
0.001937;36.50;6
0.001937;36.50;6
0.001937;36.50;6
0.001937;36.50;6
0.001937;36.51;6
0.001942;36.72;7
0.001942;36.50;7
0.001942;36.50;7
0.001942;36.50;7
0.001941;36.50;7
0.001941;36.51;7
0.001941;36.50;7
0.001941;36.50;7
0.001941;36.50;7
0.001941;36.51;7
0.001941;36.50;7
0.001941;36.52;7
0.001941;36.50;7
0.001941;36.52;7
0.001941;36.50;7
0.001941;36.50;7
0.001941;36.65;7
0.001941;36.50;7
0.001941;36.51;7
0.001941;36.51;7
0.001941;36.50;7
0.001941;36.51;7
0.001941;36.50;7
0.001941;36.51;7
0.001941;36.50;7
0.001941;36.50;7
0.001941;36.51;7
0.001941;36.50;7
0.001941;36.50;7
0.001941;36.51;7
0.001941;36.51;7
0.001940;36.50;7
0.001940;36.50;7
0.001940;36.52;7
0.001940;36.50;7
0.001940;36.50;7
0.001940;36.50;7
0.001940;36.51;7
0.001940;36.45;7
0.001940;36.44;7
0.001940;36.44;7
0.001940;36.45;7
0.001940;36.45;7
0.001940;36.44;7
0.001940;36.45;7
0.001940;36.44;7
0.001940;36.44;7
0.001940;36.45;7
0.001940;36.44;7
0.001940;36.45;7
0.001931;36.72;7
0.001931;36.51;7
0.001931;36.50;7
0.001931;36.50;7
0.001931;36.50;7
0.001931;36.50;7
0.001931;36.50;7
0.001931;36.50;7
0.001931;36.50;7
0.001930;36.50;7
0.001930;36.51;7
0.001930;36.50;7
0.001930;36.51;7
0.001930;36.50;7
0.001930;36.50;7
0.001930;36.51;7
0.001930;36.50;7
0.001930;36.50;7
0.001930;36.51;7
0.001929;36.52;7
0.001929;36.50;7
0.001929;36.51;7
0.001929;36.50;7
0.001929;36.50;7
0.001929;36.44;7
0.001929;36.45;7
0.001929;36.44;7
0.001929;36.45;7
0.001928;36.45;7
0.001928;36.44;7
0.001928;36.44;7
0.001928;36.44;7
0.001928;36.44;7
0.001928;36.43;7
0.001928;36.44;7
0.001928;36.44;7
0.001927;36.44;7
0.001927;36.45;7
0.001927;36.45;7
0.001927;36.44;7
0.001927;36.44;7
0.001927;36.45;7
0.001927;36.44;7
0.001927;36.44;7
0.001926;36.44;7
0.001926;36.44;7
0.001926;36.45;7
0.001926;36.44;7
0.001926;36.45;7
0.001926;36.44;7
0.001927;36.72;8
0.001927;36.45;8
0.001927;36.46;8
0.001927;36.44;8
0.001927;36.45;8
0.001927;36.45;8
0.001927;36.45;8
0.001927;36.45;8
0.001927;36.45;8
0.001927;36.45;8
0.001927;36.45;8
0.001927;36.45;8
0.001927;36.45;8
0.001927;36.58;8
0.001927;36.45;8
0.001927;36.46;8
0.001927;36.45;8
0.001927;36.45;8
0.001927;36.45;8
0.001927;36.46;8
0.001927;36.45;8
0.001927;36.46;8
0.001926;36.45;8
0.001926;36.44;8
0.001926;36.45;8
0.001926;37.29;8
0.001926;36.69;8
0.001926;36.69;8
0.001926;36.69;8
0.001926;36.69;8
0.001926;36.68;8
0.001926;36.71;8
0.001926;36.68;8
0.001926;36.69;8
0.001926;36.68;8
0.001926;36.67;8
0.001926;36.71;8
0.001926;36.68;8
0.001926;36.68;8
0.001926;36.69;8
0.001926;36.68;8
0.001926;36.70;8
0.001926;36.68;8
0.001926;36.69;8
0.001926;36.74;8
0.001926;36.68;8
0.001926;36.71;8
0.001926;36.68;8
0.001926;36.69;8
0.001926;36.68;8
0.001919;36.72;8
0.001919;36.44;8
0.001918;36.44;8
0.001918;36.44;8
0.001918;36.45;8
0.001918;36.45;8
0.001918;36.45;8
0.001918;36.45;8
0.001918;36.45;8
0.001917;36.46;8
0.001917;36.45;8
0.001917;36.44;8
0.001917;36.46;8
0.001917;36.46;8
0.001917;36.45;8
0.001917;36.44;8
0.001917;36.44;8
0.001916;36.45;8
0.001916;36.46;8
0.001916;36.45;8
0.001916;36.44;8
0.001916;36.44;8
0.001916;36.45;8
0.001916;36.44;8
0.001915;36.45;8
0.001915;36.44;8
0.001915;36.50;8
0.001915;36.49;8
0.001915;36.49;8
0.001915;36.49;8
0.001915;36.50;8
0.001915;36.49;8
0.001914;36.50;8
0.001914;36.49;8
0.001914;36.50;8
0.001914;36.50;8
0.001914;36.49;8
0.001914;36.49;8
0.001913;36.51;8
0.001913;36.50;8
0.001913;36.49;8
0.001913;36.50;8
0.001913;36.50;8
0.001912;36.50;8
0.001912;36.50;8
0.001912;36.49;8
0.001912;36.50;8
0.001912;36.50;8
0.001912;36.49;8
0.001911;36.50;8
0.001924;36.72;9
0.001924;36.45;9
0.001924;36.45;9
0.001924;36.45;9
0.001924;36.45;9
0.001924;36.45;9
0.001924;36.45;9
0.001924;36.45;9
0.001924;36.45;9
0.001924;36.45;9
0.001924;36.46;9
0.001924;36.45;9
0.001924;36.46;9
0.001924;36.45;9
0.001924;36.45;9
0.001923;36.51;9
0.001923;36.50;9
0.001923;36.50;9
0.001923;36.50;9
0.001923;36.50;9
0.001923;36.50;9
0.001923;36.68;9
0.001923;36.50;9
0.001923;36.50;9
0.001923;36.50;9
0.001923;36.50;9
0.001923;36.50;9
0.001923;36.50;9
0.001923;36.50;9
0.001923;36.50;9
0.001923;36.50;9
0.001923;36.50;9
0.001923;36.50;9
0.001923;36.51;9
0.001923;36.50;9
0.001923;36.51;9
0.001923;36.50;9
0.001923;36.50;9
0.001923;36.50;9
0.001923;36.50;9
0.001923;36.50;9
0.001923;36.50;9
0.001923;36.50;9
0.001923;36.50;9
0.001923;36.50;9
0.001922;36.50;9
0.001922;36.50;9
0.001922;36.50;9
0.001922;36.50;9
0.001922;36.50;9
0.001905;36.67;9
0.001905;36.44;9
0.001905;36.45;9
0.001904;36.49;9
0.001904;36.49;9
0.001904;36.50;9
0.001904;36.50;9
0.001903;36.50;9
0.001903;36.50;9
0.001903;36.51;9
0.001903;36.50;9
0.001903;36.50;9
0.001903;36.50;9
0.001902;36.50;9
0.001902;36.49;9
0.001902;36.51;9
0.001902;36.50;9
0.001902;36.51;9
0.001901;36.50;9
0.001901;36.51;9
0.001901;36.50;9
0.001901;36.50;9
0.001901;36.51;9
0.001901;36.50;9
0.001900;36.51;9
0.001900;36.50;9
0.001900;36.50;9
0.001900;36.51;9
0.001900;36.50;9
0.001900;36.50;9
0.001900;36.50;9
0.001899;36.50;9
0.001899;36.50;9
0.001899;36.50;9
0.001899;36.50;9
0.001899;36.50;9
0.001899;36.50;9
0.001899;36.50;9
0.001899;36.50;9
0.001899;36.50;9
0.001898;36.50;9
0.001898;36.50;9
0.001898;36.51;9
0.001898;36.50;9
0.001898;36.51;9
0.001898;36.50;9
0.001898;36.50;9
0.001898;36.50;9
0.001897;36.50;9
0.001897;36.50;9
0.001916;36.72;10
0.001916;36.50;10
0.001916;36.50;10
0.001916;36.51;10
0.001916;36.50;10
0.001916;36.50;10
0.001916;36.50;10
0.001916;36.50;10
0.001916;36.51;10
0.001916;36.50;10
0.001916;36.50;10
0.001916;36.50;10
0.001916;36.50;10
0.001915;36.51;10
0.001915;36.50;10
0.001915;36.50;10
0.001915;36.50;10
0.001915;36.52;10
0.001915;36.55;10
0.001915;36.50;10
0.001915;36.50;10
0.001915;36.51;10
0.001915;36.50;10
0.001915;36.50;10
0.001915;36.50;10
0.001915;36.51;10
0.001915;36.51;10
0.001915;36.50;10
0.001915;36.51;10
0.001915;36.50;10
0.001915;36.50;10
0.001915;36.50;10
0.001915;36.50;10
0.001915;36.51;10
0.001915;36.52;10
0.001915;36.51;10
0.001915;36.50;10
0.001915;36.51;10
0.001915;36.51;10
0.001915;36.52;10
0.001915;36.50;10
0.001915;36.50;10
0.001915;36.50;10
0.001915;36.51;10
0.001915;36.51;10
0.001915;36.51;10
0.001915;36.45;10
0.001915;36.44;10
0.001915;36.45;10
0.001915;36.45;10
0.001898;36.71;10
0.001898;36.50;10
0.001898;36.50;10
0.001898;36.50;10
0.001898;36.51;10
0.001898;36.51;10
0.001897;36.51;10
0.001897;36.50;10
0.001897;36.50;10
0.001897;36.50;10
0.001897;36.50;10
0.001897;36.50;10
0.001897;36.51;10
0.001897;36.50;10
0.001897;36.50;10
0.001897;36.50;10
0.001896;36.50;10
0.001896;36.50;10
0.001896;36.50;10
0.001896;36.50;10
0.001896;36.51;10
0.001896;36.51;10
0.001896;36.50;10
0.001896;36.50;10
0.001896;36.50;10
0.001896;36.50;10
0.001895;36.51;10
0.001896;36.50;10
0.001896;36.51;10
0.001895;36.50;10
0.001895;36.50;10
0.001895;36.50;10
0.001895;36.44;10
0.001895;36.44;10
0.001895;36.45;10
0.001895;36.44;10
0.001895;36.44;10
0.001895;36.44;10
0.001895;36.45;10
0.001894;36.44;10
0.001894;36.44;10
0.001894;36.44;10
0.001894;36.44;10
0.001894;36.44;10
0.001894;36.44;10
0.001894;36.44;10
0.001894;36.44;10
0.001894;36.44;10
0.001894;36.44;10
0.001894;36.44;10
0.001913;36.72;11
0.001914;36.50;11
0.001913;36.50;11
0.001913;36.50;11
0.001913;36.51;11
0.001913;36.50;11
0.001913;36.51;11
0.001913;36.51;11
0.001913;36.51;11
0.001913;36.51;11
0.001913;36.51;11
0.001913;36.55;11
0.001913;36.51;11
0.001913;36.51;11
0.001913;36.71;11
0.001913;36.51;11
0.001913;36.50;11
0.001913;36.51;11
0.001913;36.51;11
0.001913;36.51;11
0.001913;36.45;11
0.001913;36.45;11
0.001913;36.45;11
0.001913;36.45;11
0.001913;36.45;11
0.001913;36.45;11
0.001913;36.45;11
0.001913;36.45;11
0.001913;36.45;11
0.001913;36.45;11
0.001913;36.45;11
0.001913;36.44;11
0.001912;36.44;11
0.001912;36.45;11
0.001912;36.45;11
0.001912;36.44;11
0.001912;36.45;11
0.001912;36.45;11
0.001912;36.45;11
0.001912;36.45;11
0.001912;36.45;11
0.001912;36.44;11
0.001912;36.44;11
0.001912;36.45;11
0.001912;36.44;11
0.001912;36.44;11
0.001912;36.45;11
0.001912;36.44;11
0.001912;36.44;11
0.001912;36.44;11
0.001885;36.71;11
0.001885;36.51;11
0.001884;36.50;11
0.001884;36.50;11
0.001884;36.51;11
0.001884;36.45;11
0.001884;36.44;11
0.001884;36.45;11
0.001884;36.44;11
0.001884;36.45;11
0.001884;36.44;11
0.001884;36.44;11
0.001884;36.45;11
0.001884;36.45;11
0.001883;36.45;11
0.001883;36.44;11
0.001883;36.45;11
0.001883;36.45;11
0.001883;36.46;11
0.001883;36.44;11
0.001883;36.44;11
0.001883;36.44;11
0.001883;36.45;11
0.001883;36.45;11
0.001883;36.46;11
0.001883;36.44;11
0.001883;36.45;11
0.001883;36.44;11
0.001882;36.45;11
0.001883;36.44;11
0.001882;36.44;11
0.001882;36.44;11
0.001882;36.44;11
0.001882;36.45;11
0.001882;36.45;11
0.001882;36.44;11
0.001882;36.44;11
0.001882;36.45;11
0.001882;36.44;11
0.001882;36.46;11
0.001882;36.44;11
0.001882;36.44;11
0.001882;36.44;11
0.001882;36.45;11
0.001882;36.44;11
0.001882;36.45;11
0.001882;36.44;11
0.001881;36.44;11
0.001881;36.44;11
0.001881;36.44;11
0.001910;36.72;12
0.001910;36.45;12
0.001910;36.45;12
0.001910;36.45;12
0.001910;36.44;12
0.001909;36.45;12
0.001909;36.44;12
0.001909;36.44;12
0.001909;36.45;12
0.001909;36.45;12
0.001909;36.57;12
0.001909;36.51;12
0.001909;36.45;12
0.001909;36.45;12
0.001909;36.45;12
0.001909;36.45;12
0.001909;36.45;12
0.001909;36.45;12
0.001909;36.45;12
0.001909;36.45;12
0.001909;36.44;12
0.001909;36.44;12
0.001909;36.45;12
0.001909;36.44;12
0.001909;36.44;12
0.001909;36.44;12
0.001909;36.46;12
0.001909;36.44;12
0.001909;36.44;12
0.001909;36.45;12
0.001909;36.44;12
0.001909;36.44;12
0.001909;36.44;12
0.001909;36.45;12
0.001909;36.45;12
0.001909;36.44;12
0.001909;36.44;12
0.001909;36.44;12
0.001909;36.45;12
0.001909;36.44;12
0.001909;36.45;12
0.001909;36.45;12
0.001909;36.44;12
0.001909;36.45;12
0.001909;36.44;12
0.001909;36.44;12
0.001909;36.49;12
0.001909;36.50;12
0.001909;36.49;12
0.001909;36.49;12
0.001885;36.72;12
0.001885;36.46;12
0.001885;36.44;12
0.001885;36.45;12
0.001885;36.44;12
0.001885;36.44;12
0.001885;36.45;12
0.001885;36.44;12
0.001885;36.44;12
0.001885;36.44;12
0.001885;36.46;12
0.001885;36.45;12
0.001885;36.45;12
0.001885;36.45;12
0.001884;36.45;12
0.001884;36.46;12
0.001884;36.45;12
0.001884;36.44;12
0.001884;36.45;12
0.001884;36.46;12
0.001884;36.45;12
0.001884;36.45;12
0.001884;36.45;12
0.001884;36.45;12
0.001884;36.46;12
0.001884;36.46;12
0.001884;36.44;12
0.001884;36.50;12
0.001884;36.44;12
0.001884;36.44;12
0.001884;36.45;12
0.001884;36.44;12
0.001884;36.44;12
0.001884;36.50;12
0.001884;36.49;12
0.001883;36.50;12
0.001883;36.49;12
0.001883;36.50;12
0.001883;36.49;12
0.001883;36.49;12
0.001883;36.49;12
0.001883;36.50;12
0.001883;36.50;12
0.001883;36.50;12
0.001883;36.49;12
0.001883;36.50;12
0.001883;36.50;12
0.001883;36.49;12
0.001883;36.49;12
0.001883;36.50;12
0.001898;36.69;13
0.001898;36.42;13
0.001898;36.42;13
0.001898;36.42;13
0.001898;36.42;13
0.001898;36.42;13
0.001898;36.42;13
0.001898;36.60;13
0.001898;36.43;13
0.001898;36.43;13
0.001898;36.42;13
0.001898;36.43;13
0.001898;36.43;13
0.001898;36.42;13
0.001898;36.42;13
0.001898;36.43;13
0.001898;36.43;13
0.001898;36.42;13
0.001898;36.44;13
0.001898;36.42;13
0.001898;36.42;13
0.001898;36.42;13
0.001898;36.47;13
0.001898;36.47;13
0.001898;36.47;13
0.001898;36.47;13
0.001898;36.47;13
0.001898;36.47;13
0.001898;36.47;13
0.001897;36.47;13
0.001897;36.47;13
0.001897;36.47;13
0.001897;36.46;13
0.001897;36.47;13
0.001897;36.47;13
0.001897;36.47;13
0.001897;36.47;13
0.001897;36.47;13
0.001897;36.47;13
0.001897;36.47;13
0.001897;36.47;13
0.001897;36.48;13
0.001897;36.47;13
0.001897;36.47;13
0.001897;36.47;13
0.001897;36.47;13
0.001897;36.47;13
0.001897;36.47;13
0.001897;36.47;13
0.001897;36.47;13
0.001887;36.65;13
0.001887;36.42;13
0.001887;36.42;13
0.001887;36.42;13
0.001887;36.42;13
0.001887;36.42;13
0.001887;36.42;13
0.001887;36.43;13
0.001886;36.42;13
0.001886;36.42;13
0.001886;36.48;13
0.001886;36.46;13
0.001886;36.47;13
0.001886;37.53;13
0.001886;38.34;13
0.001886;37.36;13
0.001886;37.44;13
0.001886;37.81;13
0.001886;37.33;13
0.001886;38.32;13
0.001886;37.87;13
0.001886;37.49;13
0.001886;37.33;13
0.001886;37.15;13
0.001886;36.75;13
0.001886;36.72;13
0.001886;36.60;13
0.001886;36.64;13
0.001886;36.61;13
0.001886;36.61;13
0.001886;36.61;13
0.001886;36.62;13
0.001885;36.63;13
0.001885;36.64;13
0.001885;36.64;13
0.001885;36.64;13
0.001885;36.64;13
0.001885;36.64;13
0.001885;37.34;13
0.001885;36.67;13
0.001885;37.69;13
0.001885;37.12;13
0.001885;37.15;13
0.001885;36.72;13
0.001885;37.21;13
0.001885;36.94;13
0.001885;36.84;13
0.001885;37.06;13
0.001885;36.69;13
0.001885;36.90;13
0.001896;37.81;14
0.001896;37.39;14
0.001896;36.79;14
0.001896;37.09;14
0.001896;36.69;14
0.001896;36.73;14
0.001896;36.95;14
0.001896;37.18;14
0.001896;36.66;14
0.001896;36.91;14
0.001896;37.60;14
0.001896;37.32;14
0.001895;36.70;14
0.001895;36.80;14
0.001895;36.61;14
0.001895;37.13;14
0.001895;36.76;14
0.001895;36.85;14
0.001895;37.04;14
0.001895;36.74;14
0.001895;37.00;14
0.001895;37.03;14
0.001895;37.26;14
0.001895;37.38;14
0.001895;37.44;14
0.001895;37.95;14
0.001895;37.27;14
0.001895;37.54;14
0.001895;37.05;14
0.001895;37.01;14
0.001895;37.02;14
0.001895;37.34;14
0.001895;37.42;14
0.001895;37.02;14
0.001895;37.13;14
0.001895;36.96;14
0.001895;36.80;14
0.001895;37.12;14
0.001895;36.90;14
0.001895;36.93;14
0.001895;37.07;14
0.001895;36.73;14
0.001895;36.91;14
0.001895;36.87;14
0.001895;36.77;14
0.001895;37.27;14
0.001895;36.97;14
0.001895;36.70;14
0.001895;36.79;14
0.001895;36.65;14
0.001881;36.88;14
0.001880;36.65;14
0.001880;36.62;14
0.001880;36.64;14
0.001880;37.28;14
0.001880;36.60;14
0.001880;36.60;14
0.001880;36.60;14
0.001880;36.60;14
0.001880;36.60;14
0.001880;36.60;14
0.001880;36.60;14
0.001880;36.61;14
0.001880;36.60;14
0.001880;37.06;14
0.001880;37.50;14
0.001880;36.85;14
0.001880;37.08;14
0.001880;36.61;14
0.001880;37.26;14
0.001880;36.61;14
0.001880;36.60;14
0.001880;36.86;14
0.001880;36.74;14
0.001880;36.78;14
0.001880;36.65;14
0.001880;36.65;14
0.001880;36.65;14
0.001879;36.65;14
0.001879;36.65;14
0.001879;36.65;14
0.001879;36.65;14
0.001879;36.68;14
0.001879;36.66;14
0.001879;36.64;14
0.001879;36.63;14
0.001879;36.60;14
0.001879;36.61;14
0.001879;36.59;14
0.001879;36.59;14
0.001879;36.61;14
0.001879;36.60;14
0.001879;36.59;14
0.001879;36.59;14
0.001879;36.59;14
0.001879;36.59;14
0.001879;36.59;14
0.001879;36.59;14
0.001879;36.59;14
0.001879;36.52;14
0.001892;36.69;15
0.001892;36.47;15
0.001892;36.48;15
0.001892;36.49;15
0.001892;36.47;15
0.001892;36.48;15
0.001892;36.48;15
0.001892;36.49;15
0.001892;36.48;15
0.001892;36.48;15
0.001892;36.48;15
0.001892;36.48;15
0.001892;36.48;15
0.001892;36.47;15
0.001892;36.48;15
0.001892;36.47;15
0.001892;36.50;15
0.001892;36.48;15
0.001892;36.47;15
0.001892;36.48;15
0.001892;36.48;15
0.001892;36.47;15
0.001892;36.42;15
0.001892;36.42;15
0.001892;36.41;15
0.001892;36.42;15
0.001892;36.41;15
0.001892;36.42;15
0.001892;36.44;15
0.001892;36.41;15
0.001892;36.42;15
0.001892;36.41;15
0.001892;36.41;15
0.001892;36.56;15
0.001892;36.42;15
0.001892;36.42;15
0.001892;36.42;15
0.001892;36.42;15
0.001892;36.42;15
0.001892;36.41;15
0.001892;36.41;15
0.001892;36.41;15
0.001892;36.42;15
0.001891;36.41;15
0.001892;36.41;15
0.001891;36.41;15
0.001891;36.42;15
0.001891;36.42;15
0.001891;36.42;15
0.001891;36.42;15
0.001880;36.69;15
0.001880;36.48;15
0.001880;36.48;15
0.001880;36.48;15
0.001880;36.48;15
0.001880;36.48;15
0.001880;36.48;15
0.001880;36.42;15
0.001879;36.43;15
0.001879;36.42;15
0.001880;36.42;15
0.001879;36.42;15
0.001879;36.42;15
0.001879;36.42;15
0.001879;36.42;15
0.001879;36.42;15
0.001879;36.42;15
0.001879;36.42;15
0.001879;36.42;15
0.001879;36.42;15
0.001879;36.42;15
0.001879;36.42;15
0.001879;36.42;15
0.001879;36.42;15
0.001879;36.41;15
0.001879;36.42;15
0.001879;36.42;15
0.001879;36.43;15
0.001879;36.42;15
0.001879;36.41;15
0.001879;36.42;15
0.001879;36.41;15
0.001879;36.42;15
0.001879;36.41;15
0.001879;36.43;15
0.001879;36.42;15
0.001879;36.44;15
0.001879;36.43;15
0.001879;36.43;15
0.001879;36.42;15
0.001879;36.42;15
0.001879;36.43;15
0.001879;36.42;15
0.001879;36.42;15
0.001879;36.42;15
0.001878;36.42;15
0.001878;36.42;15
0.001878;36.43;15
0.001878;36.43;15
0.001878;36.41;15
0.001891;36.69;16
0.001891;36.42;16
0.001891;36.42;16
0.001890;36.42;16
0.001890;36.42;16
0.001890;36.42;16
0.001890;36.42;16
0.001890;36.42;16
0.001890;36.42;16
0.001890;36.44;16
0.001890;36.43;16
0.001890;36.42;16
0.001890;36.42;16
0.001890;36.42;16
0.001890;36.42;16
0.001890;36.42;16
0.001890;36.42;16
0.001890;36.42;16
0.001890;36.42;16
0.001890;36.42;16
0.001890;36.42;16
0.001890;36.42;16
0.001890;36.42;16
0.001890;36.42;16
0.001890;36.41;16
0.001890;36.41;16
0.001890;36.42;16
0.001890;36.41;16
0.001890;36.42;16
0.001890;36.42;16
0.001890;36.56;16
0.001890;36.41;16
0.001890;36.42;16
0.001890;36.42;16
0.001890;36.41;16
0.001890;36.42;16
0.001890;36.43;16
0.001890;36.42;16
0.001890;36.41;16
0.001890;36.42;16
0.001890;36.43;16
0.001890;36.42;16
0.001890;36.41;16
0.001890;36.41;16
0.001890;36.41;16
0.001890;36.41;16
0.001890;36.41;16
0.001890;36.41;16
0.001890;36.41;16
0.001890;36.41;16
0.001877;36.69;16
0.001877;36.42;16
0.001877;36.42;16
0.001877;36.42;16
0.001877;36.42;16
0.001877;36.41;16
0.001877;36.41;16
0.001877;36.42;16
0.001877;36.43;16
0.001877;36.42;16
0.001877;36.43;16
0.001877;36.42;16
0.001877;36.42;16
0.001877;36.42;16
0.001877;36.42;16
0.001877;36.43;16
0.001877;36.42;16
0.001877;36.42;16
0.001877;36.42;16
0.001877;36.42;16
0.001877;36.42;16
0.001877;36.42;16
0.001877;36.42;16
0.001877;36.42;16
0.001877;36.42;16
0.001876;36.43;16
0.001876;36.43;16
0.001876;36.43;16
0.001876;36.42;16
0.001876;36.42;16
0.001876;36.43;16
0.001876;36.42;16
0.001876;36.41;16
0.001876;36.42;16
0.001876;36.41;16
0.001876;36.41;16
0.001876;36.42;16
0.001876;36.43;16
0.001876;36.41;16
0.001876;36.42;16
0.001876;36.47;16
0.001876;36.42;16
0.001876;36.43;16
0.001876;36.43;16
0.001876;36.41;16
0.001876;36.42;16
0.001876;36.41;16
0.001876;36.43;16
0.001876;36.46;16
0.001876;36.47;16
0.001890;36.71;17
0.001890;36.41;17
0.001890;36.42;17
0.001890;36.42;17
0.001890;36.42;17
0.001890;36.42;17
0.001890;36.61;17
0.001889;36.42;17
0.001889;36.42;17
0.001889;36.41;17
0.001889;36.41;17
0.001889;36.42;17
0.001889;36.42;17
0.001889;36.42;17
0.001889;36.43;17
0.001889;36.44;17
0.001889;36.43;17
0.001889;36.42;17
0.001889;36.42;17
0.001889;36.42;17
0.001889;36.41;17
0.001889;36.42;17
0.001889;36.41;17
0.001889;36.41;17
0.001889;36.42;17
0.001889;36.42;17
0.001889;36.54;17
0.001889;36.53;17
0.001889;36.46;17
0.001889;36.46;17
0.001889;36.47;17
0.001889;36.47;17
0.001889;36.47;17
0.001889;36.47;17
0.001889;36.47;17
0.001889;36.47;17
0.001889;36.46;17
0.001889;36.47;17
0.001889;36.47;17
0.001889;36.47;17
0.001889;36.46;17
0.001889;36.47;17
0.001889;36.46;17
0.001889;36.46;17
0.001889;36.48;17
0.001889;36.47;17
0.001889;36.47;17
0.001889;36.48;17
0.001889;36.47;17
0.001889;36.47;17
0.001878;36.69;17
0.001878;36.42;17
0.001878;36.42;17
0.001878;36.42;17
0.001878;36.43;17
0.001878;36.42;17
0.001877;36.42;17
0.001877;36.42;17
0.001878;36.42;17
0.001877;36.42;17
0.001877;36.42;17
0.001877;36.42;17
0.001877;36.42;17
0.001877;36.47;17
0.001877;36.47;17
0.001877;36.47;17
0.001877;36.47;17
0.001877;36.47;17
0.001877;36.48;17
0.001877;36.47;17
0.001877;36.47;17
0.001877;36.47;17
0.001877;36.47;17
0.001877;36.47;17
0.001877;36.47;17
0.001877;36.47;17
0.001877;36.47;17
0.001877;36.47;17
0.001877;36.47;17
0.001877;36.47;17
0.001877;36.47;17
0.001877;36.46;17
0.001877;36.47;17
0.001877;36.46;17
0.001877;36.46;17
0.001877;36.47;17
0.001877;36.47;17
0.001877;36.47;17
0.001877;36.48;17
0.001877;36.47;17
0.001877;36.47;17
0.001877;36.47;17
0.001877;36.47;17
0.001877;36.47;17
0.001877;36.47;17
0.001877;36.47;17
0.001877;36.47;17
0.001877;36.47;17
0.001877;36.47;17
0.001877;36.47;17
0.001889;36.63;18
0.001889;36.41;18
0.001889;36.42;18
0.001889;36.46;18
0.001889;36.47;18
0.001889;36.47;18
0.001889;36.47;18
0.001889;36.47;18
0.001889;36.47;18
0.001889;36.47;18
0.001889;36.47;18
0.001889;36.47;18
0.001889;36.47;18
0.001889;36.47;18
0.001889;36.47;18
0.001889;36.47;18
0.001889;36.47;18
0.001889;36.47;18
0.001889;36.48;18
0.001889;36.48;18
0.001889;36.47;18
0.001889;36.47;18
0.001889;36.47;18
0.001889;36.61;18
0.001889;36.47;18
0.001889;36.47;18
0.001889;36.47;18
0.001888;36.47;18
0.001888;36.47;18
0.001888;36.47;18
0.001888;36.47;18
0.001888;36.47;18
0.001888;36.47;18
0.001888;36.47;18
0.001888;36.47;18
0.001888;36.47;18
0.001888;36.47;18
0.001888;36.47;18
0.001888;36.47;18
0.001888;36.47;18
0.001888;36.47;18
0.001888;36.47;18
0.001888;36.47;18
0.001888;36.47;18
0.001888;36.47;18
0.001888;36.47;18
0.001888;36.47;18
0.001888;36.47;18
0.001888;36.47;18
0.001888;36.47;18
0.001870;36.69;18
0.001870;36.47;18
0.001870;36.47;18
0.001870;36.47;18
0.001870;36.47;18
0.001870;36.47;18
0.001870;36.47;18
0.001870;36.47;18
0.001870;36.47;18
0.001870;36.47;18
0.001870;36.47;18
0.001870;36.47;18
0.001870;36.47;18
0.001870;36.47;18
0.001870;36.47;18
0.001870;36.47;18
0.001870;36.47;18
0.001870;36.48;18
0.001870;36.48;18
0.001870;36.47;18
0.001869;36.47;18
0.001869;36.47;18
0.001869;36.47;18
0.001870;36.47;18
0.001869;36.47;18
0.001869;36.47;18
0.001869;36.47;18
0.001869;36.47;18
0.001869;36.47;18
0.001869;36.47;18
0.001870;36.47;18
0.001869;36.47;18
0.001869;36.48;18
0.001869;36.47;18
0.001869;36.47;18
0.001869;36.47;18
0.001869;36.47;18
0.001869;36.47;18
0.001869;36.48;18
0.001869;36.48;18
0.001869;36.47;18
0.001869;36.47;18
0.001869;36.47;18
0.001869;36.48;18
0.001869;36.47;18
0.001869;36.48;18
0.001869;36.47;18
0.001869;36.48;18
0.001869;36.48;18
0.001869;36.47;18
0.001890;36.69;19
0.001890;36.48;19
0.001890;36.47;19
0.001890;36.47;19
0.001890;36.47;19
0.001890;36.47;19
0.001890;36.47;19
0.001890;36.48;19
0.001890;36.48;19
0.001890;36.47;19
0.001890;36.47;19
0.001890;36.48;19
0.001890;36.47;19
0.001890;36.47;19
0.001890;36.47;19
0.001890;36.48;19
0.001890;36.49;19
0.001890;36.47;19
0.001890;36.47;19
0.001890;36.52;19
0.001890;36.56;19
0.001890;36.47;19
0.001890;36.48;19
0.001890;36.48;19
0.001890;36.48;19
0.001890;36.47;19
0.001890;36.47;19
0.001890;36.47;19
0.001890;36.48;19
0.001890;36.47;19
0.001890;36.47;19
0.001890;36.48;19
0.001890;36.47;19
0.001890;36.47;19
0.001890;36.48;19
0.001890;36.48;19
0.001890;36.47;19
0.001890;36.47;19
0.001890;36.41;19
0.001890;36.42;19
0.001890;36.41;19
0.001890;36.42;19
0.001890;36.41;19
0.001890;36.42;19
0.001890;36.41;19
0.001890;36.41;19
0.001890;36.41;19
0.001890;36.41;19
0.001890;36.42;19
0.001890;36.42;19
0.001878;36.69;19
0.001878;36.48;19
0.001878;36.48;19
0.001878;36.48;19
0.001878;36.47;19
0.001878;36.48;19
0.001878;36.48;19
0.001878;36.48;19
0.001878;36.48;19
0.001878;36.48;19
0.001878;36.48;19
0.001878;36.48;19
0.001878;36.48;19
0.001878;36.47;19
0.001878;36.48;19
0.001878;36.48;19
0.001878;36.48;19
0.001878;36.47;19
0.001878;36.48;19
0.001878;36.48;19
0.001878;36.48;19
0.001878;36.48;19
0.001878;36.48;19
0.001878;36.48;19
0.001878;36.42;19
0.001878;36.42;19
0.001878;36.42;19
0.001878;36.42;19
0.001878;36.42;19
0.001878;36.41;19
0.001878;36.42;19
0.001878;36.41;19
0.001878;36.42;19
0.001878;36.42;19
0.001878;36.42;19
0.001878;36.42;19
0.001878;36.42;19
0.001878;36.42;19
0.001878;36.42;19
0.001878;36.42;19
0.001878;36.42;19
0.001878;36.42;19
0.001878;36.42;19
0.001877;36.41;19
0.001878;36.42;19
0.001877;36.44;19
0.001877;36.42;19
0.001877;36.42;19
0.001877;36.41;19
0.001877;36.43;19
