loss;elapsed time;iteration0.363269;29.88;0
0.339805;29.60;0
0.312615;29.94;0
0.280165;29.96;0
0.243268;30.33;0
0.210010;29.95;0
0.181722;29.96;0
0.164807;30.11;0
0.151555;30.33;0
0.140040;29.70;0
0.130011;29.96;0
0.121056;29.87;0
0.113154;29.96;0
0.106137;29.85;0
0.099831;29.79;0
0.094133;29.85;0
0.088957;29.80;0
0.084168;29.73;0
0.079776;29.69;0
0.075789;29.85;0
0.072174;29.58;0
0.068889;29.65;0
0.065904;29.69;0
0.063170;29.67;0
0.060666;29.93;0
0.058367;29.62;0
0.056257;29.88;0
0.054311;29.81;0
0.052515;29.75;0
0.050856;29.72;0
0.049320;29.79;0
0.047894;29.65;0
0.046560;29.71;0
0.045307;29.70;0
0.044126;29.73;0
0.043004;29.79;0
0.041936;29.61;0
0.040913;29.65;0
0.039930;29.84;0
0.039023;29.72;0
0.038193;29.85;0
0.037439;30.01;0
0.036738;29.80;0
0.036090;29.89;0
0.035499;29.85;0
0.034960;29.81;0
0.034471;29.71;0
0.034024;29.59;0
0.033618;29.74;0
0.033248;29.64;0
0.032910;29.96;0
0.032601;29.66;0
0.032319;29.73;0
0.032060;29.55;0
0.031824;29.74;0
0.031607;30.17;0
0.031408;30.01;0
0.031225;30.16;0
0.031057;29.97;0
0.030903;30.09;0
0.030760;30.03;0
0.030629;29.58;0
0.030508;29.92;0
0.030396;29.98;0
0.030293;30.18;0
0.030196;30.04;0
0.030105;29.88;0
0.030022;29.75;0
0.029944;29.63;0
0.029870;29.84;0
0.029799;29.96;0
0.029730;29.91;0
0.029663;29.97;0
0.029597;30.10;0
0.029532;30.14;0
0.029469;30.09;0
0.029409;30.01;0
0.029353;30.09;0
0.029296;30.26;0
0.029240;30.01;0
0.029188;30.12;0
0.029135;29.93;0
0.029081;29.95;0
0.029028;29.71;0
0.028976;29.88;0
0.028922;29.98;0
0.028869;29.99;0
0.028818;29.80;0
0.028756;30.07;0
0.028685;30.11;0
0.028615;30.04;0
0.028544;30.00;0
0.028472;29.96;0
0.028400;29.91;0
0.028325;29.79;0
0.028250;29.70;0
0.028174;29.95;0
0.028092;30.15;0
0.027998;30.06;0
0.027891;30.11;0
0.581695;29.89;1
0.562513;30.10;1
0.546452;30.02;1
0.532517;30.09;1
0.520325;30.04;1
0.508918;30.23;1
0.497745;30.20;1
0.486730;30.32;1
0.475237;30.20;1
0.462792;30.06;1
0.448748;30.18;1
0.432487;30.21;1
0.413630;29.87;1
0.392852;29.97;1
0.371958;30.14;1
0.352879;30.07;1
0.335653;30.10;1
0.320649;30.15;1
0.307497;30.05;1
0.295764;30.15;1
0.285163;29.94;1
0.274779;30.31;1
0.265288;30.29;1
0.256741;30.15;1
0.248806;30.10;1
0.241359;29.86;1
0.234385;30.17;1
0.227887;30.24;1
0.221648;30.36;1
0.215788;30.24;1
0.210245;30.08;1
0.204943;29.98;1
0.199927;30.10;1
0.195116;30.29;1
0.190508;30.08;1
0.186046;30.13;1
0.181722;30.24;1
0.177541;29.75;1
0.173495;29.93;1
0.169528;29.91;1
0.165795;29.99;1
0.162285;30.16;1
0.159000;30.15;1
0.155892;30.17;1
0.153011;30.26;1
0.150359;30.09;1
0.147916;30.25;1
0.145683;30.39;1
0.143615;29.90;1
0.141691;29.80;1
0.152058;29.80;1
0.149569;29.94;1
0.148347;29.91;1
0.147616;29.91;1
0.147118;30.00;1
0.146717;30.03;1
0.146350;30.29;1
0.145985;30.34;1
0.145581;30.09;1
0.145145;29.88;1
0.144699;29.76;1
0.144246;30.20;1
0.143793;29.90;1
0.143343;29.98;1
0.142901;29.94;1
0.142465;29.83;1
0.142030;30.08;1
0.141599;29.78;1
0.141179;30.02;1
0.140767;30.21;1
0.140364;30.45;1
0.139962;30.08;1
0.139566;30.01;1
0.139176;30.27;1
0.138792;29.95;1
0.138412;30.08;1
0.138042;30.16;1
0.137677;29.87;1
0.137323;30.24;1
0.136979;30.11;1
0.136646;30.20;1
0.136319;30.12;1
0.135999;30.12;1
0.135685;30.14;1
0.135374;29.96;1
0.135063;29.98;1
0.134750;29.95;1
0.134440;30.01;1
0.134127;29.94;1
0.133816;30.29;1
0.133505;30.11;1
0.133195;30.35;1
0.132884;30.47;1
0.132575;30.21;1
0.132268;29.87;1
0.131966;30.37;1
0.131669;30.14;1
0.131374;30.27;1
0.131084;30.09;1
0.130804;29.86;1
0.133187;29.72;2
0.130831;29.80;2
0.129149;29.73;2
0.127866;29.83;2
0.126884;30.16;2
0.126105;29.95;2
0.125509;30.08;2
0.125019;30.15;2
0.123910;30.10;2
0.122798;30.21;2
0.121664;30.01;2
0.120536;30.17;2
0.119493;30.19;2
0.118507;30.19;2
0.117582;29.91;2
0.116696;30.31;2
0.115887;30.15;2
0.115149;29.84;2
0.114390;29.76;2
0.113683;30.02;2
0.112989;29.83;2
0.112315;29.82;2
0.111670;30.33;2
0.111095;29.98;2
0.110539;30.24;2
0.109991;30.02;2
0.109480;29.98;2
0.109001;29.94;2
0.108549;29.95;2
0.108104;29.80;2
0.107699;29.81;2
0.107328;29.91;2
0.106962;29.94;2
0.106617;29.80;2
0.106300;29.73;2
0.105963;29.92;2
0.105667;30.16;2
0.105334;30.17;2
0.105055;30.05;2
0.104795;29.92;2
0.104528;30.27;2
0.104220;29.78;2
0.103928;29.86;2
0.103652;29.89;2
0.103376;29.87;2
0.103110;30.08;2
0.102872;30.11;2
0.102573;30.35;2
0.102345;30.02;2
0.102147;30.07;2
0.104507;30.11;2
0.104064;30.21;2
0.103802;30.63;2
0.103600;30.13;2
0.103425;30.31;2
0.103265;30.05;2
0.103115;30.14;2
0.102971;30.21;2
0.102832;30.20;2
0.102693;30.09;2
0.102556;30.08;2
0.102419;29.98;2
0.102285;30.13;2
0.102150;30.02;2
0.102016;29.96;2
0.101882;29.94;2
0.101746;30.20;2
0.101608;30.52;2
0.101467;30.34;2
0.101323;30.09;2
0.101174;29.91;2
0.101018;29.99;2
0.100853;29.91;2
0.100676;29.88;2
0.100481;30.09;2
0.100269;30.03;2
0.100038;30.15;2
0.099787;30.08;2
0.099512;29.89;2
0.099218;29.73;2
0.098904;29.85;2
0.098574;29.83;2
0.098235;30.08;2
0.097887;30.39;2
0.097533;30.11;2
0.097176;30.24;2
0.096818;29.77;2
0.096460;30.37;2
0.096103;30.51;2
0.095749;30.16;2
0.095401;29.94;2
0.095057;29.97;2
0.094722;30.10;2
0.094393;29.87;2
0.094073;30.32;2
0.093756;30.30;2
0.093421;30.19;2
0.093100;30.42;2
0.092787;29.97;2
0.092480;30.08;2
0.100520;29.85;3
0.100099;30.00;3
0.099747;29.85;3
0.099415;30.00;3
0.099149;30.19;3
0.098915;29.85;3
0.098703;29.98;3
0.098498;29.87;3
0.098313;29.76;3
0.098135;29.85;3
0.097970;29.90;3
0.097813;29.79;3
0.097665;29.85;3
0.097522;30.15;3
0.097386;30.03;3
0.097259;30.09;3
0.097138;29.96;3
0.097020;29.86;3
0.096904;29.90;3
0.096794;30.60;3
0.096687;30.35;3
0.096585;29.96;3
0.096482;30.18;3
0.096389;30.64;3
0.096296;29.99;3
0.096224;30.19;3
0.096155;29.81;3
0.096072;30.00;3
0.095990;29.85;3
0.095913;29.88;3
0.095865;29.99;3
0.095807;29.94;3
0.095758;30.00;3
0.095705;30.20;3
0.095648;30.28;3
0.095600;30.22;3
0.095543;30.17;3
0.095483;30.03;3
0.095426;29.90;3
0.095380;29.98;3
0.095333;30.21;3
0.095292;30.04;3
0.095249;30.35;3
0.095211;29.92;3
0.095170;29.95;3
0.095131;30.17;3
0.095093;30.19;3
0.095047;29.78;3
0.095002;29.89;3
0.094965;30.05;3
0.087907;30.25;3
0.087453;30.32;3
0.087103;30.48;3
0.086791;30.47;3
0.086492;30.36;3
0.086185;30.21;3
0.085853;30.19;3
0.085522;30.07;3
0.085191;30.61;3
0.084862;30.51;3
0.084526;30.27;3
0.084189;30.02;3
0.083854;30.17;3
0.083518;30.07;3
0.083183;30.02;3
0.082847;30.17;3
0.082505;29.96;3
0.082144;30.13;3
0.081783;30.36;3
0.081425;30.53;3
0.081070;30.29;3
0.080719;30.31;3
0.080371;30.17;3
0.080028;30.28;3
0.079709;30.33;3
0.079396;30.22;3
0.079087;30.27;3
0.078781;30.01;3
0.078476;29.94;3
0.078175;29.98;3
0.077878;29.88;3
0.077586;30.14;3
0.077299;30.07;3
0.077018;30.25;3
0.076741;30.51;3
0.076468;29.98;3
0.076201;30.20;3
0.075940;30.12;3
0.075684;29.96;3
0.075434;29.75;3
0.075187;30.04;3
0.074945;29.84;3
0.074706;30.11;3
0.074471;30.27;3
0.074242;30.17;3
0.074022;30.62;3
0.073802;30.88;3
0.073580;30.21;3
0.073359;30.16;3
0.073139;30.37;3
0.082249;30.21;4
0.081792;29.75;4
0.081534;29.83;4
0.081334;30.24;4
0.081163;30.41;4
0.081003;30.14;4
0.080860;30.15;4
0.080732;30.17;4
0.080613;30.31;4
0.080483;30.24;4
0.080356;30.09;4
0.080247;30.03;4
0.080142;29.95;4
0.080049;30.44;4
0.079966;30.46;4
0.079903;30.16;4
0.079836;30.25;4
0.079774;29.95;4
0.079718;29.92;4
0.079664;30.17;4
0.079614;30.06;4
0.079565;30.21;4
0.079520;30.19;4
0.079477;30.36;4
0.079435;30.05;4
0.079409;29.95;4
0.079371;30.05;4
0.079337;30.18;4
0.079303;30.17;4
0.079270;30.08;4
0.079238;29.94;4
0.079206;29.94;4
0.079161;29.79;4
0.079124;29.91;4
0.079091;30.04;4
0.079060;29.92;4
0.079030;29.76;4
0.078999;29.84;4
0.078969;30.38;4
0.078944;29.93;4
0.078919;30.33;4
0.078891;30.32;4
0.078865;30.13;4
0.078839;30.04;4
0.078809;29.79;4
0.078786;29.97;4
0.078758;29.94;4
0.078732;29.79;4
0.078707;29.91;4
0.078684;29.91;4
0.071346;29.88;4
0.071118;30.17;4
0.070905;30.51;4
0.070694;30.48;4
0.070484;30.69;4
0.070270;30.64;4
0.070052;30.44;4
0.069838;30.16;4
0.069620;30.08;4
0.069401;30.15;4
0.069183;29.98;4
0.068959;30.00;4
0.068739;29.97;4
0.068520;29.89;4
0.068302;30.07;4
0.068089;29.86;4
0.067880;30.28;4
0.067673;30.11;4
0.067472;29.74;4
0.067270;29.71;4
0.067072;30.06;4
0.066884;30.68;4
0.066702;30.28;4
0.066525;30.35;4
0.066353;30.26;4
0.066184;30.10;4
0.066017;29.64;4
0.065854;29.59;4
0.065692;29.63;4
0.065530;29.79;4
0.065370;29.77;4
0.065210;29.88;4
0.065050;30.08;4
0.064892;30.22;4
0.064734;29.88;4
0.064577;30.51;4
0.064419;30.10;4
0.064261;30.28;4
0.064103;30.14;4
0.063945;29.86;4
0.063786;29.74;4
0.063627;29.99;4
0.063468;29.91;4
0.063308;29.80;4
0.063148;29.70;4
0.062989;30.36;4
0.062830;30.10;4
0.062672;30.20;4
0.062514;29.70;4
0.062357;29.91;4
0.066269;29.97;5
0.066177;30.13;5
0.066119;30.09;5
0.066068;30.28;5
0.066019;30.16;5
0.065971;29.92;5
0.065924;29.83;5
0.065878;30.31;5
0.065836;30.59;5
0.065792;29.93;5
0.065751;29.93;5
0.065711;30.55;5
0.065671;30.46;5
0.065632;30.05;5
0.065593;30.01;5
0.065556;29.88;5
0.065519;30.25;5
0.065485;30.18;5
0.065451;30.19;5
0.065418;30.10;5
0.065387;30.30;5
0.065355;29.87;5
0.065323;30.19;5
0.065293;30.26;5
0.065262;30.26;5
0.065232;30.00;5
0.065200;30.00;5
0.065170;29.86;5
0.065139;30.05;5
0.065109;29.75;5
0.065080;30.00;5
0.065051;29.65;5
0.065023;30.01;5
0.064996;30.45;5
0.064968;30.65;5
0.064941;30.20;5
0.064915;30.09;5
0.064889;30.09;5
0.064864;30.21;5
0.064838;30.38;5
0.064811;30.20;5
0.064785;30.37;5
0.064759;30.33;5
0.064733;29.87;5
0.064707;29.84;5
0.064683;30.24;5
0.064657;29.99;5
0.064630;29.76;5
0.064606;30.12;5
0.064581;30.28;5
0.062988;29.90;5
0.062820;30.21;5
0.062665;30.17;5
0.062511;29.98;5
0.062360;29.82;5
0.062212;30.01;5
0.062065;29.93;5
0.061919;29.69;5
0.061774;29.72;5
0.061630;30.35;5
0.061488;30.34;5
0.061345;30.08;5
0.061202;30.20;5
0.061059;30.03;5
0.060916;30.05;5
0.060772;30.32;5
0.060628;30.13;5
0.060484;30.12;5
0.060337;30.26;5
0.060189;30.27;5
0.060038;30.41;5
0.059883;30.30;5
0.059727;30.14;5
0.059568;29.88;5
0.059404;30.00;5
0.059235;30.08;5
0.059060;29.84;5
0.058880;29.91;5
0.058694;29.82;5
0.058506;30.04;5
0.058315;29.75;5
0.058126;29.97;5
0.057939;30.05;5
0.057761;29.84;5
0.057592;29.93;5
0.057429;30.01;5
0.057277;29.87;5
0.057144;29.83;5
0.057026;29.92;5
0.056924;29.83;5
0.056837;30.22;5
0.056762;30.05;5
0.056697;29.84;5
0.056640;29.88;5
0.056592;30.05;5
0.056549;29.93;5
0.056512;29.87;5
0.056478;30.18;5
0.056448;29.77;5
0.056420;30.39;5
0.055884;30.15;6
0.055768;29.85;6
0.055693;29.86;6
0.055635;30.12;6
0.055585;30.18;6
0.055538;30.26;6
0.055496;30.13;6
0.055456;30.29;6
0.055419;30.11;6
0.055384;30.36;6
0.055351;30.36;6
0.055320;30.57;6
0.055290;30.25;6
0.055261;30.55;6
0.055233;30.02;6
0.055206;29.97;6
0.055180;30.28;6
0.055154;30.23;6
0.055128;30.06;6
0.055102;29.95;6
0.055079;30.27;6
0.055057;30.59;6
0.055034;30.24;6
0.055013;30.35;6
0.054992;30.30;6
0.054971;30.11;6
0.054949;30.19;6
0.054928;29.93;6
0.054908;29.97;6
0.054887;29.98;6
0.054867;30.12;6
0.054847;29.84;6
0.054828;29.86;6
0.054809;30.06;6
0.054789;29.95;6
0.054771;30.15;6
0.054753;29.87;6
0.054736;30.14;6
0.054720;30.08;6
0.054705;30.32;6
0.054691;30.04;6
0.054676;29.92;6
0.054662;29.95;6
0.054646;29.91;6
0.054630;29.89;6
0.054614;30.15;6
0.054598;30.12;6
0.054583;29.81;6
0.054568;30.07;6
0.054552;30.01;6
0.056542;29.79;6
0.056487;29.91;6
0.056451;29.78;6
0.056422;29.80;6
0.056391;30.32;6
0.056362;30.08;6
0.056336;29.92;6
0.056311;30.33;6
0.056286;30.03;6
0.056264;30.01;6
0.056243;29.81;6
0.056222;30.02;6
0.056201;29.80;6
0.056182;29.78;6
0.056164;29.85;6
0.056146;29.93;6
0.056129;29.80;6
0.056113;29.98;6
0.056096;29.98;6
0.056079;30.14;6
0.056063;30.18;6
0.056047;29.97;6
0.056033;29.83;6
0.056019;30.18;6
0.056006;29.74;6
0.055993;29.83;6
0.055981;30.08;6
0.055969;30.20;6
0.055958;30.14;6
0.055947;30.05;6
0.055937;30.09;6
0.055927;30.02;6
0.055917;30.23;6
0.055908;30.12;6
0.055899;30.27;6
0.055891;29.96;6
0.055882;30.17;6
0.055875;30.18;6
0.055867;30.16;6
0.055859;30.17;6
0.055851;30.11;6
0.055844;30.42;6
0.055838;30.07;6
0.055831;30.10;6
0.055824;30.18;6
0.055817;30.20;6
0.055811;30.13;6
0.055805;30.13;6
0.055799;30.14;6
0.055793;30.16;6
0.057139;30.32;7
0.057038;30.24;7
0.056941;30.16;7
0.056854;30.47;7
0.056775;30.41;7
0.056701;30.40;7
0.056633;30.07;7
0.056570;30.20;7
0.056512;30.14;7
0.056458;30.11;7
0.056408;29.89;7
0.056360;30.06;7
0.056315;30.02;7
0.056273;30.10;7
0.056231;30.18;7
0.056190;30.21;7
0.056151;30.07;7
0.056112;30.02;7
0.056076;30.04;7
0.056039;30.07;7
0.056004;30.22;7
0.055970;30.27;7
0.055938;29.91;7
0.055906;29.95;7
0.055876;30.09;7
0.055845;29.92;7
0.055816;29.90;7
0.055788;29.75;7
0.055761;30.21;7
0.055733;29.97;7
0.055705;29.79;7
0.055678;30.01;7
0.055651;30.13;7
0.055625;30.24;7
0.055599;29.98;7
0.055574;30.02;7
0.055547;29.88;7
0.055522;29.88;7
0.055496;29.71;7
0.055470;29.85;7
0.055445;29.87;7
0.055419;29.88;7
0.055394;29.91;7
0.055368;30.09;7
0.055343;30.08;7
0.055317;30.17;7
0.055292;30.09;7
0.055266;30.27;7
0.055240;30.23;7
0.055214;29.93;7
0.057681;29.85;7
0.057678;30.07;7
0.057673;30.16;7
0.057669;30.02;7
0.057664;30.21;7
0.057661;30.29;7
0.057656;30.11;7
0.057651;30.18;7
0.057646;30.01;7
0.057641;30.07;7
0.057636;29.99;7
0.057631;30.15;7
0.057627;30.22;7
0.057623;30.44;7
0.057619;30.48;7
0.057615;30.03;7
0.057611;30.14;7
0.057606;29.99;7
0.057601;30.13;7
0.057595;30.04;7
0.057591;30.01;7
0.057585;30.21;7
0.057578;30.01;7
0.057570;29.92;7
0.057564;29.98;7
0.057556;30.08;7
0.057549;29.84;7
0.057543;30.07;7
0.057536;29.95;7
0.057530;29.80;7
0.057523;30.07;7
0.057516;29.89;7
0.057508;30.06;7
0.057500;30.11;7
0.057493;30.31;7
0.057484;30.71;7
0.057475;30.16;7
0.057466;30.05;7
0.057457;30.13;7
0.057447;30.10;7
0.057439;30.14;7
0.057430;30.19;7
0.057422;29.93;7
0.057414;29.82;7
0.057406;30.26;7
0.057398;30.21;7
0.057391;30.17;7
0.057383;30.16;7
0.057375;29.97;7
0.057368;29.84;7
0.058863;30.25;8
0.058790;30.41;8
0.058728;30.29;8
0.058674;30.34;8
0.058626;29.93;8
0.058583;30.08;8
0.058543;29.82;8
0.058507;30.03;8
0.058473;30.20;8
0.058441;30.41;8
0.058411;30.20;8
0.058383;30.17;8
0.058356;30.13;8
0.058330;29.96;8
0.058305;30.23;8
0.058280;30.40;8
0.058256;30.53;8
0.058232;30.14;8
0.058208;30.06;8
0.058184;29.99;8
0.058161;29.87;8
0.058137;29.93;8
0.058114;29.95;8
0.058091;30.07;8
0.058067;29.92;8
0.058044;30.43;8
0.058020;30.66;8
0.057996;30.00;8
0.057972;30.03;8
0.057947;30.09;8
0.057922;30.22;8
0.057897;30.31;8
0.057872;30.33;8
0.057846;30.05;8
0.057821;30.21;8
0.057796;29.88;8
0.057771;29.98;8
0.057746;29.88;8
0.057720;29.87;8
0.057694;29.87;8
0.057668;30.07;8
0.057642;30.23;8
0.057615;30.24;8
0.057587;30.19;8
0.057560;30.25;8
0.057531;30.08;8
0.057504;30.48;8
0.057475;30.19;8
0.057445;29.85;8
0.057416;30.08;8
0.057471;30.06;8
0.057448;29.76;8
0.057428;30.23;8
0.057412;30.13;8
0.057398;30.18;8
0.057385;30.12;8
0.057374;30.29;8
0.057363;30.06;8
0.057354;30.07;8
0.057345;30.05;8
0.057337;30.08;8
0.057329;29.92;8
0.057321;30.03;8
0.057314;29.72;8
0.057306;29.81;8
0.057299;29.81;8
0.057292;29.99;8
0.057286;29.93;8
0.057281;29.84;8
0.057276;29.87;8
0.057270;29.87;8
0.057265;29.95;8
0.057260;30.02;8
0.057254;29.84;8
0.057249;29.78;8
0.057244;29.81;8
0.057239;29.86;8
0.057235;29.69;8
0.057230;29.89;8
0.057226;30.01;8
0.057221;30.25;8
0.057216;30.21;8
0.057212;30.23;8
0.057207;30.13;8
0.057203;30.39;8
0.057199;30.22;8
0.057195;30.31;8
0.057191;29.86;8
0.057188;29.86;8
0.057184;29.95;8
0.057180;29.94;8
0.057177;29.95;8
0.057173;30.06;8
0.057170;29.74;8
0.057166;29.85;8
0.057162;29.69;8
0.057159;30.04;8
0.057155;29.94;8
0.057152;30.17;8
0.057149;30.31;8
0.057774;30.36;9
0.057720;30.32;9
0.057671;30.09;9
0.057626;30.24;9
0.057583;29.95;9
0.057542;29.92;9
0.057502;30.06;9
0.057462;29.94;9
0.057424;30.00;9
0.057386;29.89;9
0.057348;30.20;9
0.057311;30.03;9
0.057275;30.37;9
0.057238;30.04;9
0.057201;29.99;9
0.057165;30.34;9
0.057130;29.88;9
0.057094;29.87;9
0.057059;30.17;9
0.057025;30.12;9
0.056991;29.91;9
0.056957;30.09;9
0.056924;30.31;9
0.056891;30.40;9
0.056858;29.77;9
0.056826;30.01;9
0.056795;30.14;9
0.056763;30.13;9
0.056733;30.06;9
0.056702;29.89;9
0.056673;30.06;9
0.056644;30.11;9
0.056615;30.08;9
0.056587;30.16;9
0.056560;30.28;9
0.056533;29.97;9
0.056506;29.86;9
0.056480;29.83;9
0.056454;29.92;9
0.056429;30.01;9
0.056405;30.01;9
0.056381;29.89;9
0.056358;30.18;9
0.056335;30.14;9
0.056313;30.14;9
0.056291;30.11;9
0.056270;30.05;9
0.056249;29.98;9
0.056229;29.86;9
0.056210;29.88;9
0.054364;30.02;9
0.054272;29.99;9
0.054229;30.21;9
0.054203;30.11;9
0.054187;30.54;9
0.054174;30.12;9
0.054164;29.79;9
0.054154;30.18;9
0.054144;29.95;9
0.054135;29.86;9
0.054126;29.92;9
0.054118;29.76;9
0.054111;29.87;9
0.054105;30.05;9
0.054099;30.16;9
0.054093;30.00;9
0.054086;30.01;9
0.054080;30.18;9
0.054075;30.11;9
0.054070;29.89;9
0.054066;29.82;9
0.054062;29.89;9
0.054057;30.06;9
0.054052;29.88;9
0.054047;29.87;9
0.054042;30.22;9
0.054037;30.12;9
0.054033;29.97;9
0.054029;30.11;9
0.054024;29.99;9
0.054020;29.67;9
0.054016;29.80;9
0.054012;29.95;9
0.054009;30.07;9
0.054006;30.20;9
0.054003;30.34;9
0.054000;29.82;9
0.053997;29.73;9
0.053993;29.62;9
0.053990;29.77;9
0.053987;30.16;9
0.053984;30.12;9
0.053982;30.12;9
0.053979;30.00;9
0.053977;30.25;9
0.053974;30.10;9
0.053971;30.22;9
0.053968;29.88;9
0.053966;29.93;9
0.053963;30.08;9
0.053708;30.13;10
0.053651;30.30;10
0.053611;30.35;10
0.053575;30.14;10
0.053541;30.24;10
0.053509;30.10;10
0.053480;29.96;10
0.053452;30.12;10
0.053426;30.01;10
0.053401;29.99;10
0.053377;29.90;10
0.053354;29.85;10
0.053332;30.26;10
0.053312;29.79;10
0.053292;29.97;10
0.053273;30.08;10
0.053255;30.20;10
0.053237;30.01;10
0.053220;30.26;10
0.053205;30.32;10
0.053190;30.17;10
0.053175;30.32;10
0.053162;30.42;10
0.053149;30.20;10
0.053136;30.17;10
0.053125;30.15;10
0.053113;29.74;10
0.053102;29.78;10
0.053091;30.27;10
0.053082;30.20;10
0.053073;30.60;10
0.053064;29.91;10
0.053055;30.05;10
0.053047;29.90;10
0.053038;30.02;10
0.053030;30.06;10
0.053021;29.82;10
0.053012;29.82;10
0.053004;30.01;10
0.052996;30.04;10
0.052989;29.93;10
0.052982;30.07;10
0.052974;30.19;10
0.052968;30.09;10
0.052961;30.08;10
0.052954;30.06;10
0.052947;30.21;10
0.052940;29.94;10
0.052933;29.98;10
0.052927;29.92;10
0.051378;30.24;10
0.051266;30.09;10
0.051216;30.18;10
0.051188;30.31;10
0.051171;30.07;10
0.051158;29.79;10
0.051148;30.23;10
0.051140;30.22;10
0.051133;30.31;10
0.051127;29.98;10
0.051121;29.90;10
0.051116;29.90;10
0.051112;30.28;10
0.051108;30.25;10
0.051104;30.32;10
0.051100;30.24;10
0.051097;30.24;10
0.051094;30.41;10
0.051091;30.20;10
0.051089;30.14;10
0.051086;30.14;10
0.051083;30.17;10
0.051081;30.10;10
0.051079;30.06;10
0.051076;30.23;10
0.051073;30.09;10
0.051071;30.10;10
0.051069;30.20;10
0.051066;30.27;10
0.051064;30.37;10
0.051062;30.05;10
0.051059;30.05;10
0.051057;30.09;10
0.051055;30.65;10
0.051053;30.12;10
0.051051;30.27;10
0.051049;29.94;10
0.051047;29.91;10
0.051045;30.21;10
0.051043;30.12;10
0.051041;29.89;10
0.051038;29.96;10
0.051036;30.08;10
0.051034;30.10;10
0.051032;30.06;10
0.051030;29.87;10
0.051029;29.84;10
0.051027;29.87;10
0.051025;29.69;10
0.051023;29.93;10
0.050931;29.89;11
0.050891;30.02;11
0.050866;30.12;11
0.050845;30.02;11
0.050828;30.33;11
0.050812;30.49;11
0.050798;30.35;11
0.050786;30.25;11
0.050775;30.24;11
0.050765;30.02;11
0.050756;29.95;11
0.050748;29.95;11
0.050740;29.75;11
0.050733;30.07;11
0.050727;30.03;11
0.050721;30.35;11
0.050716;30.48;11
0.050711;30.13;11
0.050706;29.93;11
0.050702;30.23;11
0.050698;30.39;11
0.050694;30.46;11
0.050690;30.23;11
0.050686;30.28;11
0.050682;30.84;11
0.050679;30.40;11
0.050676;30.24;11
0.050673;30.01;11
0.050670;30.22;11
0.050667;30.63;11
0.050664;30.03;11
0.050662;30.00;11
0.050659;30.19;11
0.050656;30.18;11
0.050653;29.95;11
0.050651;30.30;11
0.050649;30.36;11
0.050646;30.24;11
0.050645;30.13;11
0.050643;30.08;11
0.050642;30.13;11
0.050640;30.08;11
0.050638;30.23;11
0.050636;30.17;11
0.050635;30.23;11
0.050633;29.84;11
0.050633;29.82;11
0.050632;29.75;11
0.050631;29.92;11
0.050630;29.96;11
0.049710;29.95;11
0.049659;29.78;11
0.049636;29.99;11
0.049623;30.52;11
0.049614;30.07;11
0.049607;30.13;11
0.049601;30.48;11
0.049597;30.13;11
0.049592;30.11;11
0.049589;30.33;11
0.049585;30.27;11
0.049582;30.13;11
0.049579;30.16;11
0.049577;30.01;11
0.049574;30.37;11
0.049572;30.21;11
0.049570;30.38;11
0.049567;30.01;11
0.049565;30.16;11
0.049563;30.19;11
0.049561;30.10;11
0.049559;30.40;11
0.049557;30.65;11
0.049555;30.31;11
0.049554;30.31;11
0.049552;30.36;11
0.049550;30.26;11
0.049548;30.09;11
0.049547;30.27;11
0.049545;29.95;11
0.049543;30.27;11
0.049542;30.06;11
0.049540;30.03;11
0.049539;30.51;11
0.049538;30.18;11
0.049536;30.26;11
0.049535;30.10;11
0.049533;29.99;11
0.049532;30.17;11
0.049531;30.38;11
0.049529;30.39;11
0.049528;30.05;11
0.049527;29.88;11
0.049526;30.04;11
0.049524;30.39;11
0.049523;30.01;11
0.049522;30.29;11
0.049521;29.96;11
0.049519;30.05;11
0.049518;29.96;11
0.049834;29.89;12
0.049815;29.82;12
0.049803;30.00;12
0.049794;29.86;12
0.049785;29.87;12
0.049778;29.79;12
0.049772;29.94;12
0.049766;29.99;12
0.049760;30.09;12
0.049756;30.30;12
0.049751;29.81;12
0.049747;30.67;12
0.049742;30.46;12
0.049739;30.37;12
0.049735;30.39;12
0.049732;30.12;12
0.049728;29.91;12
0.049725;30.24;12
0.049722;29.90;12
0.049719;29.90;12
0.049716;29.67;12
0.049713;29.99;12
0.049710;30.12;12
0.049708;30.20;12
0.049705;29.97;12
0.049703;29.99;12
0.049700;30.08;12
0.049698;30.09;12
0.049695;29.88;12
0.049692;29.96;12
0.049690;29.81;12
0.049687;29.86;12
0.049685;29.93;12
0.049682;30.11;12
0.049679;30.12;12
0.049676;30.48;12
0.049674;30.26;12
0.049671;30.17;12
0.049668;29.94;12
0.049665;29.64;12
0.049661;29.65;12
0.049658;29.76;12
0.049655;29.88;12
0.049651;29.96;12
0.049648;29.89;12
0.049645;29.80;12
0.049642;30.14;12
0.049639;30.01;12
0.049636;29.74;12
0.049632;30.06;12
0.048422;29.97;12
0.048388;29.99;12
0.048373;30.14;12
0.048363;30.14;12
0.048357;30.17;12
0.048352;29.99;12
0.048348;30.07;12
0.048344;30.38;12
0.048341;30.44;12
0.048338;30.16;12
0.048335;29.92;12
0.048332;30.15;12
0.048330;29.76;12
0.048327;30.16;12
0.048325;30.02;12
0.048323;29.96;12
0.048321;29.99;12
0.048320;29.94;12
0.048318;29.71;12
0.048316;29.99;12
0.048315;30.25;12
0.048313;30.05;12
0.048311;30.07;12
0.048310;30.14;12
0.048308;30.65;12
0.048307;30.60;12
0.048306;29.79;12
0.048304;30.01;12
0.048303;30.12;12
0.048302;30.06;12
0.048300;29.72;12
0.048299;29.73;12
0.048298;29.81;12
0.048297;29.93;12
0.048295;29.91;12
0.048294;29.85;12
0.048293;29.93;12
0.048292;29.94;12
0.048291;30.21;12
0.048290;29.88;12
0.048289;29.92;12
0.048288;30.11;12
0.048286;30.01;12
0.048285;29.74;12
0.048284;30.10;12
0.048283;30.20;12
0.048282;30.15;12
0.048281;29.97;12
0.048280;30.46;12
0.048279;30.32;12
0.048851;29.94;13
0.048840;30.25;13
0.048835;29.91;13
0.048830;29.91;13
0.048826;29.91;13
0.048823;29.98;13
0.048819;30.43;13
0.048815;30.22;13
0.048810;30.10;13
0.048807;30.32;13
0.048805;30.17;13
0.048801;30.37;13
0.048798;30.14;13
0.048796;30.55;13
0.048793;30.12;13
0.048789;30.56;13
0.048785;30.15;13
0.048781;30.30;13
0.048777;30.14;13
0.048770;30.23;13
0.048767;30.24;13
0.048764;30.30;13
0.048761;30.54;13
0.048759;30.05;13
0.048758;30.03;13
0.048755;30.29;13
0.048753;30.01;13
0.048751;29.94;13
0.048749;29.83;13
0.048745;30.26;13
0.048743;30.34;13
0.048740;29.94;13
0.048738;29.83;13
0.048735;29.87;13
0.048732;29.98;13
0.048729;29.89;13
0.048730;29.86;13
0.048729;30.02;13
0.048727;29.78;13
0.048726;30.00;13
0.048725;30.53;13
0.048723;29.78;13
0.048722;29.60;13
0.048720;29.55;13
0.048717;30.19;13
0.048715;30.08;13
0.048711;29.91;13
0.048707;30.04;13
0.048703;30.22;13
0.048701;30.34;13
0.047678;30.11;13
0.047667;29.92;13
0.047661;30.00;13
0.047657;30.29;13
0.047654;30.15;13
0.047651;30.12;13
0.047649;30.04;13
0.047647;30.04;13
0.047645;30.29;13
0.047643;30.52;13
0.047641;30.21;13
0.047639;30.19;13
0.047638;30.04;13
0.047636;30.14;13
0.047635;30.35;13
0.047633;30.21;13
0.047632;30.35;13
0.047630;30.27;13
0.047629;30.13;13
0.047628;30.31;13
0.047626;30.17;13
0.047625;29.70;13
0.047624;30.03;13
0.047623;30.10;13
0.047622;30.27;13
0.047620;30.17;13
0.047619;30.25;13
0.047618;30.05;13
0.047617;30.13;13
0.047615;30.09;13
0.047614;30.21;13
0.047613;29.80;13
0.047612;29.79;13
0.047611;29.86;13
0.047610;29.95;13
0.047608;29.82;13
0.047607;29.99;13
0.047606;30.15;13
0.047605;30.55;13
0.047604;30.22;13
0.047603;29.98;13
0.047602;30.33;13
0.047601;30.09;13
0.047600;29.94;13
0.047599;29.85;13
0.047598;29.77;13
0.047597;29.75;13
0.047596;29.70;13
0.047595;29.83;13
0.047594;29.84;13
0.048407;29.93;14
0.048398;29.94;14
0.048391;29.79;14
0.048383;30.16;14
0.048376;30.23;14
0.048369;29.97;14
0.048365;29.93;14
0.048360;30.08;14
0.048355;30.00;14
0.048351;29.94;14
0.048346;29.79;14
0.048342;29.79;14
0.048337;29.93;14
0.048333;30.19;14
0.048328;30.16;14
0.048324;30.00;14
0.048320;30.58;14
0.048315;30.78;14
0.048311;30.02;14
0.048307;30.14;14
0.048303;30.17;14
0.048299;29.96;14
0.048294;30.09;14
0.048289;30.13;14
0.048284;30.35;14
0.048280;30.07;14
0.048275;30.00;14
0.048270;30.02;14
0.048265;30.19;14
0.048259;30.08;14
0.048254;30.13;14
0.048249;30.23;14
0.048243;30.03;14
0.048239;30.14;14
0.048234;30.48;14
0.048229;30.00;14
0.048225;30.30;14
0.048221;30.24;14
0.048217;30.54;14
0.048214;30.24;14
0.048210;30.32;14
0.048206;30.06;14
0.048203;30.18;14
0.048200;30.08;14
0.048196;30.13;14
0.048193;30.11;14
0.048190;30.10;14
0.048187;30.21;14
0.048184;30.20;14
0.048181;29.98;14
0.047196;30.15;14
0.047192;30.06;14
0.047190;29.97;14
0.047188;29.88;14
0.047186;30.37;14
0.047184;30.46;14
0.047183;30.37;14
0.047181;30.11;14
0.047180;29.95;14
0.047179;29.95;14
0.047177;29.90;14
0.047176;29.99;14
0.047175;30.18;14
0.047173;30.14;14
0.047172;29.85;14
0.047171;29.74;14
0.047169;29.90;14
0.047168;29.97;14
0.047167;30.23;14
0.047165;30.05;14
0.047164;30.11;14
0.047163;30.53;14
0.047162;30.77;14
0.047161;30.19;14
0.047159;30.00;14
0.047158;30.30;14
0.047157;30.07;14
0.047156;29.81;14
0.047155;30.62;14
0.047154;30.40;14
0.047153;30.33;14
0.047152;29.99;14
0.047151;29.76;14
0.047150;29.93;14
0.047149;29.79;14
0.047148;29.74;14
0.047147;29.68;14
0.047146;30.02;14
0.047145;30.10;14
0.047144;30.15;14
0.047143;30.01;14
0.047142;29.91;14
0.047142;30.11;14
0.047141;29.87;14
0.047140;29.92;14
0.047139;29.81;14
0.047138;29.82;14
0.047137;29.80;14
0.047137;29.85;14
0.047136;29.75;14
0.047649;29.97;15
0.047642;30.18;15
0.047636;29.69;15
0.047633;29.67;15
0.047628;29.81;15
0.047624;30.17;15
0.047621;29.99;15
0.047619;29.89;15
0.047617;29.94;15
0.047614;29.87;15
0.047609;29.78;15
0.047605;30.00;15
0.047601;30.07;15
0.047598;30.03;15
0.047595;30.10;15
0.047590;29.90;15
0.047585;30.33;15
0.047580;29.86;15
0.047575;30.04;15
0.047570;29.75;15
0.047565;30.07;15
0.047560;30.17;15
0.047554;29.97;15
0.047549;30.21;15
0.047544;30.15;15
0.047538;30.15;15
0.047531;30.11;15
0.047525;30.22;15
0.047518;30.08;15
0.047511;29.89;15
0.047505;29.90;15
0.047498;30.21;15
0.047492;29.96;15
0.047486;30.02;15
0.047480;29.58;15
0.047474;29.66;15
0.047469;29.93;15
0.047463;29.71;15
0.047458;30.08;15
0.047453;29.86;15
0.047448;29.79;15
0.047441;30.02;15
0.047435;29.81;15
0.047428;29.65;15
0.047422;29.71;15
0.047416;29.99;15
0.047409;29.87;15
0.047403;29.85;15
0.047397;29.80;15
0.047391;30.07;15
0.046577;30.35;15
0.046573;30.36;15
0.046571;30.30;15
0.046570;30.37;15
0.046569;30.62;15
0.046568;30.20;15
0.046567;30.20;15
0.046566;30.14;15
0.046566;30.07;15
0.046565;30.17;15
0.046564;30.23;15
0.046563;30.22;15
0.046562;29.89;15
0.046562;30.00;15
0.046561;29.71;15
0.046560;29.79;15
0.046559;30.07;15
0.046558;30.04;15
0.046558;29.90;15
0.046557;30.12;15
0.046556;30.01;15
0.046555;29.94;15
0.046555;29.89;15
0.046554;29.79;15
0.046553;30.22;15
0.046552;30.30;15
0.046552;29.85;15
0.046551;30.11;15
0.046550;30.16;15
0.046550;30.38;15
0.046549;29.99;15
0.046548;30.02;15
0.046548;30.70;15
0.046547;30.40;15
0.046546;29.76;15
0.046545;29.61;15
0.046545;29.92;15
0.046544;30.09;15
0.046544;29.91;15
0.046543;30.11;15
0.046542;30.08;15
0.046542;30.29;15
0.046541;29.92;15
0.046540;29.83;15
0.046540;30.03;15
0.046539;29.93;15
0.046538;29.68;15
0.046538;29.58;15
0.046537;29.93;15
0.046537;29.87;15
0.046948;30.12;16
0.046931;30.17;16
0.046918;30.17;16
0.046906;30.21;16
0.046896;30.16;16
0.046886;30.21;16
0.046877;30.33;16
0.046868;30.24;16
0.046859;30.17;16
0.046851;30.14;16
0.046842;29.92;16
0.046834;29.87;16
0.046826;30.25;16
0.046818;30.03;16
0.046810;30.21;16
0.046803;30.30;16
0.046796;30.21;16
0.046789;29.72;16
0.046782;30.10;16
0.046774;30.07;16
0.046767;29.84;16
0.046760;30.15;16
0.046753;29.82;16
0.046747;30.07;16
0.046739;29.96;16
0.046732;30.04;16
0.046725;30.03;16
0.046718;29.77;16
0.046710;29.63;16
0.046704;30.11;16
0.046697;29.85;16
0.046689;29.81;16
0.046683;30.04;16
0.046676;30.28;16
0.046669;30.28;16
0.046662;30.04;16
0.046655;30.15;16
0.046648;29.91;16
0.046642;29.86;16
0.046636;29.68;16
0.046630;29.63;16
0.046625;29.59;16
0.046619;29.61;16
0.046614;29.61;16
0.046609;29.62;16
0.046603;30.22;16
0.046597;30.10;16
0.046591;30.38;16
0.046584;30.40;16
0.046577;30.30;16
0.046020;29.80;16
0.046020;29.65;16
0.046019;29.84;16
0.046018;29.92;16
0.046017;29.97;16
0.046016;29.99;16
0.046015;30.06;16
0.046015;29.89;16
0.046014;29.91;16
0.046013;29.95;16
0.046012;30.26;16
0.046011;30.15;16
0.046010;29.93;16
0.046010;29.87;16
0.046009;29.94;16
0.046008;29.95;16
0.046007;29.87;16
0.046006;30.33;16
0.046006;29.95;16
0.046005;30.04;16
0.046004;30.09;16
0.046003;29.88;16
0.046003;30.04;16
0.046002;29.93;16
0.046001;29.98;16
0.046000;29.79;16
0.046000;30.06;16
0.045999;30.32;16
0.045998;30.21;16
0.045998;29.85;16
0.045997;30.05;16
0.045996;30.37;16
0.045996;30.90;16
0.045995;30.39;16
0.045994;30.32;16
0.045994;30.07;16
0.045993;30.03;16
0.045992;30.00;16
0.045992;30.17;16
0.045991;30.45;16
0.045990;30.25;16
0.045990;30.35;16
0.045989;30.30;16
0.045989;30.18;16
0.045988;30.15;16
0.045987;30.04;16
0.045987;30.00;16
0.045986;29.97;16
0.045986;29.71;16
0.045985;29.76;16
0.046486;30.23;17
0.046472;30.09;17
0.046461;30.10;17
0.046451;30.12;17
0.046441;30.00;17
0.046431;30.14;17
0.046422;30.06;17
0.046412;30.29;17
0.046403;29.93;17
0.046393;29.88;17
0.046384;29.99;17
0.046374;29.81;17
0.046365;29.72;17
0.046357;30.10;17
0.046349;29.91;17
0.046341;29.98;17
0.046333;30.29;17
0.046326;29.84;17
0.046318;29.99;17
0.046309;30.09;17
0.046302;29.87;17
0.046295;29.74;17
0.046288;29.96;17
0.046281;29.80;17
0.046274;29.91;17
0.046268;29.76;17
0.046261;29.90;17
0.046254;29.91;17
0.046247;29.85;17
0.046240;29.99;17
0.046234;30.04;17
0.046227;29.97;17
0.046220;30.13;17
0.046214;30.20;17
0.046207;30.17;17
0.046200;30.49;17
0.046193;30.01;17
0.046187;30.42;17
0.046180;30.75;17
0.046174;30.34;17
0.046167;30.47;17
0.046161;30.14;17
0.046154;30.48;17
0.046147;30.42;17
0.046141;30.78;17
0.046135;29.99;17
0.046128;30.64;17
0.046123;30.29;17
0.046117;30.01;17
0.046111;30.10;17
0.045548;29.98;17
0.045550;30.24;17
0.045550;30.10;17
0.045548;29.99;17
0.045547;30.11;17
0.045546;30.07;17
0.045545;30.07;17
0.045544;30.01;17
0.045543;30.02;17
0.045542;30.15;17
0.045541;30.18;17
0.045540;29.93;17
0.045540;30.24;17
0.045539;30.39;17
0.045538;30.17;17
0.045537;30.27;17
0.045536;29.99;17
0.045536;30.23;17
0.045535;30.36;17
0.045534;30.23;17
0.045534;30.28;17
0.045533;30.00;17
0.045532;29.85;17
0.045531;29.91;17
0.045531;29.76;17
0.045530;29.73;17
0.045529;29.83;17
0.045528;29.73;17
0.045528;30.09;17
0.045527;29.80;17
0.045526;30.22;17
0.045525;30.22;17
0.045525;30.18;17
0.045524;30.09;17
0.045523;30.07;17
0.045523;30.29;17
0.045522;30.17;17
0.045521;30.04;17
0.045521;30.20;17
0.045520;30.17;17
0.045519;30.11;17
0.045519;29.98;17
0.045518;30.05;17
0.045518;30.17;17
0.045517;29.83;17
0.045516;29.65;17
0.045516;30.10;17
0.045515;30.18;17
0.045515;30.17;17
0.045514;30.25;17
0.046047;30.26;18
0.046031;30.15;18
0.046016;30.17;18
0.046000;29.86;18
0.045986;29.90;18
0.045972;30.30;18
0.045954;30.32;18
0.045934;29.95;18
0.045916;30.08;18
0.045899;30.19;18
0.045885;30.05;18
0.045874;30.19;18
0.045862;30.20;18
0.045852;30.20;18
0.045843;30.43;18
0.045835;29.90;18
0.045829;29.78;18
0.045824;30.03;18
0.045823;30.03;18
0.045821;29.79;18
0.045819;29.83;18
0.045818;29.72;18
0.045816;30.20;18
0.045814;30.16;18
0.045811;30.28;18
0.045808;30.14;18
0.045805;30.43;18
0.045801;30.18;18
0.045798;30.04;18
0.045793;29.96;18
0.045787;30.17;18
0.045783;30.13;18
0.045777;30.16;18
0.045772;30.02;18
0.045766;29.96;18
0.045760;29.99;18
0.045755;29.89;18
0.045749;29.98;18
0.045743;30.15;18
0.045738;30.03;18
0.045733;30.06;18
0.045726;29.82;18
0.045721;29.91;18
0.045717;29.93;18
0.045711;30.15;18
0.045705;30.04;18
0.045700;29.87;18
0.045694;29.74;18
0.045689;29.98;18
0.045685;30.00;18
0.044963;30.05;18
0.044963;30.26;18
0.044960;30.16;18
0.044958;30.10;18
0.044955;29.87;18
0.044952;30.04;18
0.044949;29.94;18
0.044947;30.01;18
0.044945;30.01;18
0.044943;29.78;18
0.044941;29.82;18
0.044939;29.94;18
0.044937;30.17;18
0.044935;30.31;18
0.044934;30.00;18
0.044932;29.95;18
0.044930;29.80;18
0.044929;30.03;18
0.044927;29.88;18
0.044926;29.73;18
0.044925;29.86;18
0.044923;29.68;18
0.044922;29.69;18
