loss;elapsed_time;iteration
0.286656;61.50;0
0.211643;61.20;0
0.148469;61.37;0
0.109241;61.10;0
0.086213;61.13;0
0.072368;61.39;0
0.063431;61.12;0
0.057291;61.32;0
0.052699;61.16;0
0.049077;61.15;0
0.046147;61.23;0
0.043701;61.12;0
0.041599;61.11;0
0.039756;61.36;0
0.038125;61.07;0
0.036671;61.07;0
0.035294;61.08;0
0.033987;61.26;0
0.032897;60.96;0
0.031888;62.22;0
0.030864;63.01;0
0.029750;61.49;0
0.028540;60.79;0
0.027555;61.47;0
0.026926;61.01;0
0.026504;61.64;0
0.026195;61.37;0
0.025954;61.91;0
0.025757;61.06;0
0.025588;61.49;0
0.025437;61.34;0
0.025297;60.95;0
0.025161;61.25;0
0.025024;60.67;0
0.024875;60.81;0
0.024699;60.91;0
0.024464;60.73;0
0.024079;60.95;0
0.023257;61.74;0
0.020916;61.41;0
0.019327;62.10;0
0.018174;61.38;0
0.015267;61.36;0
0.012231;61.40;0
0.009031;61.34;0
0.007588;60.79;0
0.007185;61.20;0
0.007001;61.80;0
0.006887;60.49;0
0.006807;60.33;0
0.006745;60.33;0
0.006689;60.34;0
0.006473;60.33;0
0.004975;60.33;0
0.004911;60.33;0
0.004877;60.33;0
0.004854;60.33;0
0.004837;60.33;0
0.004824;60.33;0
0.004814;60.33;0
0.004806;60.37;0
0.004799;60.33;0
0.004793;60.33;0
0.004788;60.33;0
0.004783;60.33;0
0.004780;60.39;0
0.004776;60.38;0
0.004774;60.39;0
0.004771;60.39;0
0.004769;60.38;0
0.004767;60.40;0
0.004765;60.38;0
0.004764;60.44;0
0.004762;60.19;0
0.004761;60.18;0
0.004760;60.18;0
0.004759;60.18;0
0.004758;60.86;0
0.004758;61.49;0
0.004757;61.64;0
0.004756;61.07;0
0.004756;61.08;0
0.004755;61.16;0
0.004755;61.07;0
0.004754;61.58;0
0.004754;61.40;0
0.004753;60.41;0
0.004753;60.42;0
0.004752;60.47;0
0.004752;60.82;0
0.004752;61.03;0
0.004751;61.98;0
0.004751;61.82;0
0.004751;61.63;0
0.004750;61.66;0
0.004750;62.20;0
0.004749;65.64;0
0.004749;64.45;0
0.004749;60.39;0
0.004748;60.39;0
0.212573;60.51;1
0.153969;60.34;1
0.120086;60.34;1
0.099553;60.38;1
0.086424;60.43;1
0.077929;61.63;1
0.072021;61.99;1
0.067644;61.15;1
0.064263;60.77;1
0.061622;61.23;1
0.059528;61.47;1
0.057814;61.33;1
0.056346;61.43;1
0.055036;62.11;1
0.053805;62.70;1
0.052592;62.43;1
0.051340;61.70;1
0.050066;61.62;1
0.048834;61.62;1
0.047627;61.08;1
0.046415;61.30;1
0.045122;61.70;1
0.043784;61.48;1
0.042632;61.27;1
0.041724;61.25;1
0.040637;61.14;1
0.038853;60.57;1
0.037563;60.54;1
0.036944;60.81;1
0.036419;60.98;1
0.035588;60.81;1
0.034134;60.89;1
0.033210;60.50;1
0.032821;60.73;1
0.032493;60.38;1
0.032064;60.49;1
0.029000;61.33;1
0.028335;61.14;1
0.028117;60.47;1
0.027968;60.94;1
0.027825;61.40;1
0.027657;61.06;1
0.027446;61.16;1
0.027160;61.11;1
0.026678;61.27;1
0.023960;62.28;1
0.023539;61.63;1
0.023142;61.21;1
0.022377;61.28;1
0.021099;61.14;1
0.019778;63.92;1
0.019768;61.52;1
0.019761;60.70;1
0.019757;60.89;1
0.019753;60.59;1
0.019750;61.94;1
0.019747;61.36;1
0.019744;61.16;1
0.019742;61.36;1
0.019740;61.17;1
0.019738;61.16;1
0.019736;60.88;1
0.019734;61.20;1
0.019733;60.74;1
0.019731;60.71;1
0.019729;61.32;1
0.019728;60.33;1
0.019726;61.28;1
0.019724;60.59;1
0.019723;61.12;1
0.019721;60.90;1
0.019720;61.14;1
0.019718;61.09;1
0.019716;60.76;1
0.019715;61.48;1
0.019713;60.73;1
0.019712;60.78;1
0.019711;61.02;1
0.019709;61.15;1
0.019708;61.05;1
0.019706;61.19;1
0.019705;61.18;1
0.019704;60.49;1
0.019703;60.44;1
0.019701;60.44;1
0.019700;60.44;1
0.019699;60.71;1
0.019698;60.41;1
0.019697;60.90;1
0.019696;60.67;1
0.019695;61.21;1
0.019694;60.45;1
0.019693;60.65;1
0.019692;60.81;1
0.019691;60.92;1
0.019690;61.01;1
0.019689;60.67;1
0.019688;60.73;1
0.019688;60.44;1
0.019687;60.44;1
0.018925;60.63;2
0.018837;60.43;2
0.018788;60.44;2
0.018756;60.43;2
0.018732;60.44;2
0.018715;60.44;2
0.018701;60.44;2
0.018690;60.65;2
0.018682;60.45;2
0.018674;60.45;2
0.018668;60.47;2
0.018662;60.44;2
0.018658;60.44;2
0.018654;60.47;2
0.018651;60.44;2
0.018648;60.44;2
0.018645;60.47;2
0.018643;60.45;2
0.018641;60.44;2
0.018639;60.47;2
0.018638;60.44;2
0.018636;60.47;2
0.018635;60.20;2
0.018634;60.20;2
0.018633;60.20;2
0.018632;60.20;2
0.018631;60.20;2
0.018631;60.20;2
0.018630;60.20;2
0.018629;60.20;2
0.018629;60.20;2
0.018628;60.20;2
0.018628;60.20;2
0.018628;60.20;2
0.018627;60.20;2
0.018627;60.20;2
0.018626;60.20;2
0.018626;60.20;2
0.018625;60.15;2
0.018625;60.15;2
0.018625;60.15;2
0.018625;60.15;2
0.018624;60.14;2
0.018624;60.13;2
0.018624;60.15;2
0.018624;60.14;2
0.018623;60.13;2
0.018623;60.13;2
0.018623;60.15;2
0.018623;60.14;2
0.018438;60.38;2
0.018435;60.20;2
0.018435;60.20;2
0.018434;60.20;2
0.018434;60.20;2
0.018434;60.20;2
0.018433;60.19;2
0.018433;60.20;2
0.018433;60.20;2
0.018433;60.22;2
0.018433;60.23;2
0.018433;60.22;2
0.018433;60.24;2
0.018433;60.20;2
0.018433;60.20;2
0.018433;60.20;2
0.018433;60.23;2
0.018432;60.33;2
0.018432;60.20;2
0.018432;60.20;2
0.018432;60.20;2
0.018432;60.20;2
0.018432;60.20;2
0.018432;60.20;2
0.018432;60.14;2
0.018432;60.15;2
0.018432;60.15;2
0.018432;60.15;2
0.018432;60.15;2
0.018431;60.15;2
0.018431;60.14;2
0.018431;60.13;2
0.018431;60.14;2
0.018431;60.15;2
0.018431;61.10;2
0.018431;61.08;2
0.018431;61.11;2
0.018431;61.10;2
0.018431;62.13;2
0.018431;62.25;2
0.018430;62.06;2
0.018430;61.37;2
0.018430;62.23;2
0.018430;62.47;2
0.018430;61.15;2
0.018430;61.24;2
0.018430;61.37;2
0.018430;61.62;2
0.018430;62.93;2
0.018429;61.20;2
0.018332;60.96;3
0.018331;60.95;3
0.018330;61.08;3
0.018329;60.91;3
0.018329;61.05;3
0.018329;60.71;3
0.018329;60.95;3
0.018328;61.24;3
0.018328;61.03;3
0.018328;61.03;3
0.018328;61.14;3
0.018328;61.00;3
0.018328;61.05;3
0.018328;60.86;3
0.018327;60.99;3
0.018327;61.06;3
0.018327;61.83;3
0.018327;60.70;3
0.018327;60.52;3
0.018327;60.69;3
0.018327;60.71;3
0.018327;61.71;3
0.018327;60.83;3
0.018327;60.97;3
0.018327;61.13;3
0.018327;61.04;3
0.018326;61.34;3
0.018326;61.16;3
0.018326;60.86;3
0.018327;60.94;3
0.018326;61.30;3
0.018326;60.96;3
0.018326;61.44;3
0.018326;61.28;3
0.018326;61.10;3
0.018326;61.28;3
0.018326;60.83;3
0.018326;60.27;3
0.018326;60.27;3
0.018326;60.27;3
0.018326;60.27;3
0.018326;60.27;3
0.018326;60.27;3
0.018326;60.33;3
0.018326;60.27;3
0.018326;60.27;3
0.018326;60.27;3
0.018325;60.27;3
0.018325;60.31;3
0.018325;60.48;3
0.018286;60.51;3
0.018286;60.31;3
0.018285;60.27;3
0.018285;60.27;3
0.018285;60.30;3
0.018285;60.28;3
0.018284;60.29;3
0.018284;61.62;3
0.018284;61.48;3
0.018284;60.79;3
0.018284;61.00;3
0.018283;61.27;3
0.018283;61.20;3
0.018283;61.89;3
0.018283;61.89;3
0.018282;61.84;3
0.018282;62.04;3
0.018282;61.73;3
0.018282;61.27;3
0.018281;61.33;3
0.018281;61.47;3
0.018281;60.75;3
0.018281;60.44;3
0.018280;61.60;3
0.018280;61.13;3
0.018280;61.80;3
0.018279;60.87;3
0.018279;60.44;3
0.018279;60.60;3
0.018278;62.08;3
0.018278;61.40;3
0.018278;61.95;3
0.018277;61.74;3
0.018277;61.45;3
0.018277;62.37;3
0.018276;61.63;3
0.018276;62.22;3
0.018276;61.88;3
0.018275;62.07;3
0.018275;60.67;3
0.018274;60.43;3
0.018274;61.20;3
0.018274;61.24;3
0.018273;60.59;3
0.018273;61.07;3
0.018272;61.40;3
0.018272;60.42;3
0.018272;60.40;3
0.018271;60.67;3
0.018271;60.33;3
0.018218;60.65;4
0.018217;60.41;4
0.018217;60.58;4
0.018217;60.73;4
0.018217;60.35;4
0.018216;60.34;4
0.018216;60.35;4
0.018216;60.34;4
0.018216;60.35;4
0.018216;60.34;4
0.018216;60.34;4
0.018215;60.35;4
0.018215;60.35;4
0.018215;60.35;4
0.018214;60.35;4
0.018213;60.40;4
0.018212;60.40;4
0.018210;60.40;4
0.018204;60.40;4
0.018188;60.40;4
0.018128;60.40;4
0.017760;60.40;4
0.013644;60.40;4
0.013293;60.40;4
0.013187;60.41;4
0.013133;60.40;4
0.013098;60.40;4
0.013076;60.77;4
0.013058;61.64;4
0.013045;61.47;4
0.013035;60.93;4
0.013027;60.98;4
0.013020;61.12;4
0.013015;61.26;4
0.013011;61.48;4
0.013006;61.61;4
0.013004;60.71;4
0.013001;61.14;4
0.012998;60.71;4
0.012996;60.64;4
0.012994;60.56;4
0.012992;60.76;4
0.012991;60.51;4
0.012990;60.37;4
0.012989;60.34;4
0.012988;60.34;4
0.012987;60.44;4
0.012986;60.56;4
0.012985;60.50;4
0.012985;61.89;4
0.012970;62.16;4
0.012969;61.96;4
0.012969;61.46;4
0.012968;62.16;4
0.012967;62.00;4
0.012967;61.53;4
0.012966;61.34;4
0.012966;61.52;4
0.012966;61.42;4
0.012965;60.94;4
0.012965;60.96;4
0.012964;60.88;4
0.012964;60.52;4
0.012963;61.26;4
0.012963;60.89;4
0.012963;61.05;4
0.012962;60.88;4
0.012962;61.38;4
0.012961;60.98;4
0.012961;60.71;4
0.012961;61.26;4
0.012960;60.90;4
0.012960;61.04;4
0.012960;61.18;4
0.012959;61.51;4
0.012959;61.52;4
0.012959;60.92;4
0.012958;60.80;4
0.012958;61.39;4
0.012958;61.55;4
0.012957;61.66;4
0.012957;62.18;4
0.012957;62.24;4
0.012956;61.24;4
0.012956;61.39;4
0.012956;61.91;4
0.012956;60.81;4
0.012955;60.50;4
0.012955;60.33;4
0.012955;60.54;4
0.012954;60.33;4
0.012954;60.36;4
0.012954;60.38;4
0.012954;60.33;4
0.012953;60.33;4
0.012953;60.36;4
0.012953;60.32;4
0.012953;60.34;4
0.012952;60.35;4
0.012952;60.33;4
0.012955;60.52;5
0.012955;60.83;5
0.012954;60.97;5
0.012954;60.33;5
0.012954;60.33;5
0.012954;60.71;5
0.012953;60.87;5
0.012953;60.33;5
0.012952;60.39;5
0.012952;60.35;5
0.012952;60.36;5
0.012952;60.33;5
0.012951;60.32;5
0.012951;60.33;5
0.012951;60.34;5
0.012951;60.33;5
0.012952;60.34;5
0.012951;60.33;5
0.012951;60.33;5
0.012950;60.35;5
0.012950;60.33;5
0.012950;61.20;5
0.012950;60.30;5
0.012950;60.33;5
0.012949;60.42;5
0.012949;60.33;5
0.012949;60.33;5
0.012949;60.35;5
0.012949;60.34;5
0.012949;60.33;5
0.012949;60.36;5
0.012949;60.33;5
0.012949;60.33;5
0.012948;60.36;5
0.012949;60.33;5
0.012948;60.33;5
0.012949;60.36;5
0.012948;60.33;5
0.012949;60.93;5
0.012948;61.64;5
0.012949;61.73;5
0.012948;61.83;5
0.012948;61.58;5
0.012948;61.75;5
0.012948;60.99;5
0.012948;60.33;5
0.012948;60.27;5
0.012948;60.27;5
0.012948;60.27;5
0.012948;60.27;5
0.012920;60.53;5
0.012919;60.32;5
0.012919;60.32;5
0.012919;60.41;5
0.012918;60.39;5
0.012918;60.34;5
0.012918;60.33;5
0.012918;60.34;5
0.012917;60.32;5
0.012917;60.32;5
0.012917;60.32;5
0.012917;60.33;5
0.012917;60.33;5
0.012916;60.33;5
0.012916;60.33;5
0.012916;60.33;5
0.012916;60.33;5
0.012916;60.33;5
0.012915;60.31;5
0.012915;60.12;5
0.012915;60.13;5
0.012915;60.12;5
0.012915;60.13;5
0.012914;60.13;5
0.012914;60.13;5
0.012914;60.13;5
0.012914;60.13;5
0.012914;60.12;5
0.012914;60.13;5
0.012913;60.13;5
0.012913;60.13;5
0.012913;60.13;5
0.012913;60.06;5
0.012913;60.13;5
0.012913;60.06;5
0.012912;60.07;5
0.012912;60.07;5
0.012912;60.07;5
0.012912;60.06;5
0.012912;60.07;5
0.012912;60.06;5
0.012912;60.06;5
0.012912;60.06;5
0.012911;60.07;5
0.012911;60.07;5
0.012911;60.06;5
0.012911;60.06;5
0.012911;60.07;5
0.012910;60.06;5
0.012910;60.06;5
0.012892;60.31;6
0.012891;60.12;6
0.012891;60.12;6
0.012891;60.13;6
0.012891;60.12;6
0.012891;60.13;6
0.012891;60.12;6
0.012891;60.13;6
0.012891;60.13;6
0.012892;60.13;6
0.012891;60.13;6
0.012891;60.13;6
0.012891;60.12;6
0.012891;60.13;6
0.012891;60.13;6
0.012891;60.13;6
0.012891;60.13;6
0.012890;60.13;6
0.012890;60.13;6
0.012890;60.13;6
0.012891;60.07;6
0.012890;60.07;6
0.012890;60.08;6
0.012890;60.08;6
0.012890;60.07;6
0.012890;60.09;6
0.012890;60.07;6
0.012890;60.07;6
0.012890;60.07;6
0.012890;60.07;6
0.012889;60.07;6
0.012890;60.07;6
0.012890;60.07;6
0.012889;60.07;6
0.012890;60.06;6
0.012889;60.07;6
0.012890;60.06;6
0.012889;60.07;6
0.012889;60.07;6
0.012889;60.06;6
0.012890;60.07;6
0.012889;60.06;6
0.012889;60.06;6
0.012889;60.27;6
0.012889;60.06;6
0.012889;60.06;6
0.012889;60.06;6
0.012888;60.06;6
0.012889;60.07;6
0.012888;60.06;6
0.012902;60.30;6
0.012902;60.13;6
0.012902;60.13;6
0.012902;60.13;6
0.012902;60.13;6
0.012901;60.07;6
0.012901;60.07;6
0.012901;60.07;6
0.012901;60.06;6
0.012901;60.06;6
0.012901;60.05;6
0.012900;60.06;6
0.012900;60.06;6
0.012900;60.07;6
0.012900;60.06;6
0.012900;60.06;6
0.012900;60.07;6
0.012900;60.06;6
0.012900;60.07;6
0.012900;60.06;6
0.012899;60.06;6
0.012899;60.07;6
0.012899;60.06;6
0.012899;60.07;6
0.012899;60.06;6
0.012899;60.06;6
0.012898;60.06;6
0.012898;60.06;6
0.012898;60.06;6
0.012898;60.07;6
0.012898;60.06;6
0.012898;60.06;6
0.012898;60.06;6
0.012898;60.09;6
0.012897;60.06;6
0.012897;60.06;6
0.012897;60.06;6
0.012897;60.07;6
0.012897;60.06;6
0.012897;60.08;6
0.012896;60.06;6
0.012896;60.06;6
0.012896;60.07;6
0.012896;60.06;6
0.012896;60.06;6
0.012896;60.06;6
0.012896;60.06;6
0.012896;60.05;6
0.012895;60.07;6
0.012895;60.06;6
0.012898;60.31;7
0.012898;60.07;7
0.012899;60.25;7
0.012899;60.08;7
0.012899;60.08;7
0.012898;60.08;7
0.012898;60.07;7
0.012898;60.07;7
0.012898;60.07;7
0.012898;60.07;7
0.012898;60.06;7
0.012898;60.07;7
0.012897;60.07;7
0.012899;60.08;7
0.012898;60.09;7
0.012897;60.07;7
0.012898;60.07;7
0.012897;60.07;7
0.012897;60.07;7
0.012897;60.07;7
0.012897;60.07;7
0.012897;60.07;7
0.012897;60.07;7
0.012897;60.06;7
0.012897;60.07;7
0.012896;60.08;7
0.012897;60.07;7
0.012898;60.06;7
0.012896;60.07;7
0.012896;60.06;7
0.012896;60.07;7
0.012896;60.07;7
0.012896;60.07;7
0.012897;60.06;7
0.012895;60.08;7
0.012897;60.07;7
0.012895;60.08;7
0.012895;60.07;7
0.012895;60.07;7
0.012896;60.07;7
0.012896;60.07;7
0.012895;60.07;7
0.012895;60.06;7
0.012895;60.07;7
0.012895;60.07;7
0.012895;60.06;7
0.012895;60.07;7
0.012894;60.06;7
0.012895;60.07;7
0.012894;60.07;7
0.012878;60.31;7
0.012878;60.07;7
0.012878;60.06;7
0.012878;60.06;7
0.012878;60.07;7
0.012877;60.07;7
0.012877;60.07;7
0.012876;60.06;7
0.012876;60.07;7
0.012876;60.06;7
0.012875;60.06;7
0.012875;60.23;7
0.012875;60.07;7
0.012874;60.08;7
0.012874;60.06;7
0.012874;60.08;7
0.012873;61.61;7
0.012872;61.19;7
0.012871;60.39;7
0.012871;60.39;7
0.012871;60.36;7
0.012868;60.36;7
0.012866;60.39;7
0.012864;60.38;7
0.012861;60.36;7
0.012860;60.38;7
0.012853;60.36;7
0.012845;60.36;7
0.012835;60.39;7
0.012805;60.37;7
0.012731;60.38;7
0.011177;60.36;7
0.006449;60.35;7
0.006225;60.36;7
0.006122;60.36;7
0.006227;60.36;7
0.006081;60.36;7
0.005940;60.36;7
0.005869;60.36;7
0.006064;60.36;7
0.005831;60.36;7
0.005769;60.36;7
0.005842;60.25;7
0.005881;60.14;7
0.005786;60.11;7
0.005697;60.14;7
0.005698;60.11;7
0.005970;60.19;7
0.005810;60.16;7
0.005635;60.16;7
0.005485;60.38;8
0.005469;60.13;8
0.005458;60.13;8
0.005448;60.14;8
0.005446;60.14;8
0.005435;60.13;8
0.005427;60.13;8
0.005421;60.13;8
0.005417;60.14;8
0.005412;60.13;8
0.005406;60.13;8
0.005400;60.13;8
0.005399;60.13;8
0.005393;60.13;8
0.005390;60.12;8
0.005387;60.13;8
0.005381;60.13;8
0.005378;60.13;8
0.005375;60.13;8
0.005372;60.13;8
0.005368;60.12;8
0.005367;60.14;8
0.005362;60.13;8
0.005361;60.13;8
0.005357;60.13;8
0.005357;60.25;8
0.005353;60.12;8
0.005349;60.14;8
0.005348;60.11;8
0.005346;60.12;8
0.005345;60.13;8
0.005343;60.13;8
0.005342;60.13;8
0.005340;60.12;8
0.005337;60.13;8
0.005336;60.13;8
0.005335;60.17;8
0.005335;60.18;8
0.005335;60.20;8
0.005332;60.19;8
0.005329;60.17;8
0.005326;60.19;8
0.005327;60.20;8
0.005325;60.19;8
0.005325;60.18;8
0.005323;60.19;8
0.005323;60.18;8
0.005322;60.18;8
0.005321;60.18;8
0.005318;60.18;8
0.005604;60.35;8
0.005580;60.13;8
0.005688;60.13;8
0.005517;60.13;8
0.005631;60.13;8
0.005528;60.13;8
0.005432;60.11;8
0.005573;60.12;8
0.005572;60.11;8
0.005533;60.12;8
0.005531;60.12;8
0.005405;60.13;8
0.005555;60.13;8
0.005561;60.13;8
0.005493;60.14;8
0.005590;60.13;8
0.005519;60.12;8
0.005941;60.13;8
0.005403;60.11;8
0.005407;60.12;8
0.005500;60.12;8
0.005419;60.13;8
0.005520;60.12;8
0.005404;60.17;8
0.005400;60.18;8
0.005473;60.16;8
0.005466;60.20;8
0.005520;60.17;8
0.005494;60.19;8
0.005454;60.18;8
0.005681;60.18;8
0.005384;60.18;8
0.005442;60.18;8
0.005427;60.18;8
0.005398;60.18;8
0.005393;60.31;8
0.005606;60.18;8
0.005410;60.18;8
0.005295;60.18;8
0.005425;60.18;8
0.005334;60.19;8
0.005390;60.18;8
0.005373;60.19;8
0.005301;60.18;8
0.005457;60.18;8
0.005377;60.18;8
0.005292;60.17;8
0.005392;60.18;8
0.005331;60.17;8
0.005315;60.18;8
0.005236;60.36;9
0.005232;60.13;9
0.005231;60.13;9
0.005228;60.13;9
0.005227;60.13;9
0.005229;60.11;9
0.005225;60.13;9
0.005223;60.14;9
0.005223;60.13;9
0.005221;60.13;9
0.005221;60.11;9
0.005219;60.13;9
0.005218;60.18;9
0.005219;60.18;9
0.005218;60.18;9
0.005216;60.18;9
0.005218;60.20;9
0.005216;60.18;9
0.005216;60.18;9
0.005215;60.18;9
0.005214;60.19;9
0.005214;60.18;9
0.005211;60.18;9
0.005210;60.18;9
0.005213;60.18;9
0.005209;60.18;9
0.005209;60.18;9
0.005209;60.17;9
0.005208;60.18;9
0.005206;60.18;9
0.005209;60.18;9
0.005213;60.18;9
0.005206;60.18;9
0.005204;60.18;9
0.005204;60.18;9
0.005205;60.20;9
0.005202;60.18;9
0.005202;60.18;9
0.005201;60.18;9
0.005201;60.19;9
0.005198;60.19;9
0.005200;60.18;9
0.005197;60.18;9
0.005208;60.18;9
0.005197;60.31;9
0.005198;60.19;9
0.005201;60.20;9
0.005195;60.20;9
0.005195;60.18;9
0.005204;60.18;9
0.005461;60.36;9
0.005594;60.18;9
0.005295;60.18;9
0.005349;60.18;9
0.005598;60.18;9
0.005498;60.18;9
0.005370;60.19;9
0.005345;60.19;9
0.005268;60.18;9
0.005486;60.18;9
0.005322;60.17;9
0.005316;60.18;9
0.005315;60.18;9
0.005250;60.18;9
0.005485;60.17;9
0.005421;60.18;9
0.005574;60.18;9
0.005249;60.20;9
0.005335;60.18;9
0.005405;60.18;9
0.005287;60.19;9
0.005386;60.18;9
0.005363;60.17;9
0.005528;60.19;9
0.005296;60.20;9
0.005453;60.18;9
0.005307;60.18;9
0.005511;60.17;9
0.005507;60.20;9
0.005259;60.20;9
0.005307;60.20;9
0.005694;60.18;9
0.005350;60.18;9
0.005304;60.20;9
0.005312;60.18;9
0.005440;60.18;9
0.005267;60.20;9
0.005338;60.20;9
0.005286;60.20;9
0.005346;60.18;9
0.005305;60.20;9
0.005261;60.20;9
0.005224;60.18;9
0.005257;60.17;9
0.005295;60.18;9
0.005303;60.20;9
0.005242;60.18;9
0.005228;60.18;9
0.005368;60.18;9
0.005305;60.19;9
0.005145;60.37;10
0.005148;60.18;10
0.005144;60.18;10
0.005143;60.31;10
0.005139;60.20;10
0.005142;60.18;10
0.005141;60.20;10
0.005137;60.19;10
0.005136;60.20;10
0.005138;60.20;10
0.005132;60.20;10
0.005133;60.20;10
0.005131;60.18;10
0.005133;60.20;10
0.005128;60.18;10
0.005129;60.20;10
0.005132;60.20;10
0.005126;60.20;10
0.005126;60.20;10
0.005127;60.20;10
0.005126;60.20;10
0.005125;60.20;10
0.005121;60.20;10
0.005121;60.20;10
0.005123;60.20;10
0.005120;60.20;10
0.005118;60.20;10
0.005119;60.18;10
0.005115;60.20;10
0.005120;60.20;10
0.005113;60.20;10
0.005115;60.20;10
0.005118;60.20;10
0.005131;60.18;10
0.005103;60.19;10
0.005107;60.20;10
0.005103;60.13;10
0.005100;60.13;10
0.005098;60.13;10
0.005103;60.13;10
0.005097;60.13;10
0.005090;60.13;10
0.005092;60.13;10
0.005082;60.13;10
0.005081;60.15;10
0.005074;60.13;10
0.005070;60.13;10
0.005067;60.13;10
0.005059;60.13;10
0.005056;60.12;10
0.005495;60.36;10
0.005289;60.19;10
0.005699;60.21;10
0.005183;60.20;10
0.005260;60.20;10
0.005569;60.20;10
0.005254;60.20;10
0.005166;60.20;10
0.005254;60.20;10
0.005161;60.17;10
0.005315;60.19;10
0.005456;60.19;10
0.005266;60.19;10
0.005130;60.32;10
0.005191;60.20;10
0.005292;60.20;10
0.005152;60.20;10
0.005215;60.20;10
0.005197;60.20;10
0.005318;60.20;10
0.005236;60.18;10
0.005156;60.19;10
0.005246;60.13;10
0.005188;60.12;10
0.005386;60.13;10
0.005216;60.12;10
0.005300;60.13;10
0.005253;60.11;10
0.005277;60.13;10
0.005370;60.11;10
0.005338;60.13;10
0.005407;60.11;10
0.005291;60.13;10
0.005209;60.12;10
0.005142;60.12;10
0.005193;60.13;10
0.005316;60.13;10
0.005163;60.12;10
0.005198;60.13;10
0.005158;60.13;10
0.005279;60.13;10
0.005340;60.12;10
0.005206;60.12;10
0.005324;60.13;10
0.005231;60.12;10
0.005180;60.11;10
0.005400;60.13;10
0.005409;60.10;10
0.005223;60.12;10
0.005237;60.11;10
0.005105;60.36;11
0.005019;60.19;11
0.005072;60.20;11
0.005011;60.19;11
0.004990;60.20;11
0.004972;60.19;11
0.004981;60.19;11
0.005021;60.20;11
0.004921;60.20;11
0.004874;60.13;11
0.004893;60.13;11
0.005131;60.14;11
0.004861;60.13;11
0.004607;60.14;11
0.004544;60.13;11
0.004776;60.11;11
0.004085;60.13;11
0.004258;60.13;11
0.003930;60.13;11
0.004070;60.13;11
0.003994;60.13;11
0.003924;60.13;11
0.004380;60.25;11
0.003779;60.14;11
0.003834;60.13;11
0.003880;60.13;11
0.003920;60.13;11
0.003825;60.13;11
0.003695;60.13;11
0.005436;60.13;11
0.003728;60.13;11
0.003695;60.13;11
0.003646;60.13;11
0.004566;60.13;11
0.003795;60.14;11
0.003663;60.13;11
0.003669;60.13;11
0.003749;60.13;11
0.003723;60.13;11
0.003568;60.13;11
0.003675;60.13;11
0.003600;60.12;11
0.003772;60.13;11
0.003574;60.13;11
0.003658;60.13;11
0.003804;60.13;11
0.003648;60.13;11
0.003577;60.13;11
0.003723;60.13;11
0.003688;60.13;11
0.003490;60.37;11
0.003444;60.12;11
0.003467;60.14;11
0.003418;60.13;11
0.003487;60.13;11
0.003428;60.13;11
0.003417;60.13;11
0.003368;60.13;11
0.003384;60.12;11
0.003431;60.13;11
0.003423;60.12;11
0.003391;60.13;11
0.003867;60.13;11
0.003376;60.13;11
0.003374;60.11;11
0.003363;60.13;11
0.003482;60.14;11
0.003492;60.11;11
0.003345;60.13;11
0.003360;60.11;11
0.003387;60.13;11
0.003357;60.12;11
0.003457;60.13;11
0.003359;60.12;11
0.003322;60.12;11
0.003626;60.12;11
0.003347;60.13;11
0.003447;60.12;11
0.003338;60.12;11
0.003419;60.13;11
0.003304;60.13;11
0.003326;60.12;11
0.004146;60.27;11
0.003373;60.13;11
0.003462;60.13;11
0.003429;60.13;11
0.003402;60.12;11
0.003499;60.13;11
0.003360;60.13;11
0.003461;60.13;11
0.003393;60.13;11
0.003328;60.13;11
0.003407;60.11;11
0.003555;60.13;11
0.003429;60.13;11
0.003512;60.12;11
0.003426;60.12;11
0.003352;60.11;11
0.003388;60.12;11
0.003312;60.12;11
0.003344;60.37;12
0.003286;60.14;12
0.003605;60.13;12
0.003284;60.13;12
0.003296;60.12;12
0.003469;60.13;12
0.003357;60.13;12
0.003243;60.13;12
0.003479;60.13;12
0.003317;60.13;12
0.003283;60.13;12
0.003403;60.13;12
0.003255;60.13;12
0.003248;60.13;12
0.003208;60.13;12
0.003280;60.14;12
0.003234;60.13;12
0.003301;60.13;12
0.003412;60.13;12
0.003226;60.13;12
0.003530;60.14;12
0.003202;60.13;12
0.003199;60.12;12
0.003253;60.13;12
0.003177;60.13;12
0.003353;60.13;12
0.003285;60.18;12
0.003457;60.18;12
0.003188;60.19;12
0.003226;60.18;12
0.003188;60.18;12
0.003171;60.18;12
0.003236;60.18;12
0.003317;60.18;12
0.003230;60.18;12
0.003764;60.18;12
0.003689;60.18;12
0.003748;60.18;12
0.003675;60.18;12
0.003612;60.18;12
0.003598;60.18;12
0.003657;60.31;12
0.003568;60.17;12
0.003786;60.19;12
0.003564;60.18;12
0.003592;60.20;12
0.003481;60.16;12
0.003641;60.20;12
0.003670;60.18;12
0.003494;60.18;12
0.003381;60.36;12
0.003499;60.14;12
0.003317;60.12;12
0.003309;60.13;12
0.003300;60.13;12
0.003300;60.13;12
0.003454;60.12;12
0.003550;60.11;12
0.003312;60.13;12
0.003511;60.11;12
0.003389;60.12;12
0.003268;60.13;12
0.003349;60.12;12
0.003194;60.19;12
0.003449;60.17;12
0.003367;60.18;12
0.003331;60.20;12
0.003638;60.18;12
0.003292;60.18;12
0.003292;60.19;12
0.003261;60.18;12
0.003211;60.16;12
0.003231;60.18;12
0.003201;60.19;12
0.003195;60.19;12
0.003522;60.16;12
0.003246;60.18;12
0.003265;60.18;12
0.003346;60.18;12
0.003290;60.18;12
0.003290;60.20;12
0.003236;60.18;12
0.003213;60.18;12
0.003243;60.17;12
0.003636;60.19;12
0.003284;60.20;12
0.003259;60.18;12
0.003273;60.18;12
0.003277;60.18;12
0.003255;60.18;12
0.003390;60.18;12
0.003259;60.18;12
0.003348;60.18;12
0.003282;60.20;12
0.003337;60.19;12
0.003261;60.18;12
0.003381;60.19;12
0.003402;60.19;12
0.003539;60.18;12
0.003306;60.17;12
0.003366;60.45;13
0.003290;60.14;13
0.003411;60.13;13
0.003357;60.19;13
0.003419;60.34;13
0.003539;60.73;13
0.003513;61.31;13
0.003440;60.74;13
0.003267;60.55;13
0.003219;60.57;13
0.003223;60.71;13
0.003243;61.46;13
0.003285;60.59;13
0.003455;60.47;13
0.003531;60.52;13
0.003460;60.72;13
0.003237;60.76;13
0.003201;60.57;13
0.003273;60.34;13
0.003273;60.72;13
0.003429;60.57;13
0.003216;60.84;13
0.003257;60.66;13
0.003565;60.92;13
0.003531;61.69;13
0.003267;61.30;13
0.003312;60.53;13
0.003205;60.59;13
0.003232;60.46;13
0.003340;62.92;13
0.003258;64.95;13
0.003204;66.04;13
0.003403;69.36;13
0.003222;62.93;13
0.003380;64.99;13
0.003203;62.15;13
0.003162;62.51;13
0.003250;60.36;13
0.003191;60.35;13
0.003232;60.34;13
0.003417;60.98;13
0.003186;61.22;13
0.003209;60.35;13
0.003241;60.35;13
0.003235;61.98;13
0.003395;62.15;13
0.003385;61.82;13
0.003202;61.43;13
0.003155;61.83;13
0.003146;61.30;13
0.003100;60.61;13
0.003060;61.29;13
0.003050;63.13;13
0.003036;62.71;13
0.003047;60.80;13
0.003269;62.04;13
0.003339;61.83;13
0.003099;62.95;13
0.003097;62.48;13
0.003233;61.58;13
0.003047;60.87;13
0.003189;60.33;13
0.003196;60.33;13
0.003115;60.33;13
0.003157;60.33;13
0.003146;60.33;13
0.003063;60.33;13
0.003122;60.34;13
0.003112;60.33;13
0.003030;60.33;13
0.003034;60.80;13
0.003066;60.34;13
0.003176;60.33;13
0.003049;60.33;13
0.003214;60.33;13
0.003149;60.33;13
0.003080;60.33;13
0.003139;60.34;13
0.003040;60.33;13
0.003153;60.33;13
0.003093;60.54;13
0.003063;60.33;13
0.003089;60.33;13
0.003266;60.37;13
0.003084;60.33;13
0.003080;60.34;13
0.003140;60.37;13
0.003041;60.34;13
0.002999;60.33;13
0.003039;60.36;13
0.003003;60.33;13
0.003049;60.35;13
0.003187;60.39;13
0.003013;60.37;13
0.003435;60.71;13
0.003066;60.85;13
0.003136;60.33;13
0.003043;60.36;13
0.003090;60.35;13
0.002983;60.47;13
0.003252;61.51;14
0.003011;87.01;14
0.003011;84.16;14
0.003115;101.70;14
0.003092;103.61;14
0.003031;103.78;14
0.002937;97.42;14
0.003140;83.83;14
0.002957;83.70;14
0.002842;74.58;14
0.002932;72.38;14
0.002920;83.62;14
0.002835;83.97;14
0.002917;83.91;14
0.002844;83.87;14
0.002898;83.94;14
0.002867;83.93;14
0.002844;83.86;14
0.002934;83.87;14
0.002824;83.92;14
0.002827;83.88;14
0.002886;83.85;14
0.002928;83.83;14
0.002832;83.92;14
0.002874;83.91;14
0.002919;83.80;14
0.002888;84.10;14
0.002771;84.24;14
0.002838;65.73;14
0.002880;63.76;14
0.002887;63.77;14
0.002954;63.76;14
0.002797;63.42;14
0.002830;61.89;14
0.003008;62.29;14
0.002962;61.99;14
0.003059;62.49;14
0.002866;68.88;14
0.002890;61.35;14
0.002929;62.39;14
0.003016;60.76;14
0.002826;60.99;14
0.003075;61.33;14
0.002961;60.77;14
0.002933;60.62;14
0.002900;60.25;14
0.002824;60.25;14
0.002897;60.24;14
0.002929;60.25;14
0.002901;60.24;14
0.002814;60.48;14
0.002891;60.31;14
0.002783;60.30;14
0.002777;60.31;14
0.003038;60.31;14
0.002797;60.30;14
0.002782;60.30;14
0.002828;60.30;14
0.002800;60.30;14
0.002764;60.30;14
0.002730;60.30;14
0.002872;60.30;14
0.002859;60.30;14
0.002827;60.31;14
0.002793;60.30;14
0.002879;60.30;14
0.002802;60.30;14
0.002785;60.31;14
0.003348;60.31;14
0.002775;60.30;14
0.002799;61.86;14
0.002923;62.02;14
0.002873;60.31;14
0.002791;60.35;14
0.002894;60.25;14
0.002839;60.34;14
0.002832;60.62;14
0.002882;62.55;14
0.002819;62.17;14
0.002872;61.63;14
0.002923;61.67;14
0.002745;61.12;14
0.002756;61.16;14
0.002824;63.63;14
0.002785;63.71;14
0.002886;62.98;14
0.002765;63.00;14
0.002835;63.01;14
0.003004;62.98;14
0.002774;63.00;14
0.002790;62.97;14
0.002785;63.08;14
0.002821;63.28;14
0.003099;63.27;14
0.003195;63.63;14
0.002758;63.50;14
0.002815;63.40;14
0.002822;63.38;14
0.002782;63.71;14
0.002783;63.31;14
0.003194;61.98;15
0.002916;60.38;15
0.002899;60.62;15
0.002931;60.38;15
0.003096;60.39;15
0.003126;60.97;15
0.002877;60.38;15
0.002931;60.42;15
0.002831;60.38;15
0.002882;60.39;15
0.002966;60.41;15
0.002835;60.38;15
0.002777;60.38;15
0.002828;60.40;15
0.002995;60.39;15
0.002902;60.38;15
0.003002;60.39;15
0.003523;60.38;15
0.002896;60.38;15
0.002845;60.39;15
0.002835;60.39;15
0.002823;60.39;15
0.002831;60.38;15
0.002809;60.38;15
0.003026;60.39;15
0.002953;60.39;15
0.003063;60.46;15
0.003064;60.15;15
0.003638;60.15;15
0.003152;60.16;15
0.002855;60.15;15
0.002763;60.14;15
0.002819;60.15;15
0.002815;60.14;15
0.002952;60.16;15
0.002842;60.15;15
0.002931;60.16;15
0.002975;60.16;15
0.002840;60.14;15
0.002870;60.17;15
0.003162;60.14;15
0.002947;60.16;15
0.002799;60.15;15
0.002916;60.15;15
0.002929;60.15;15
0.003037;60.14;15
0.002958;60.16;15
0.003124;60.15;15
0.002952;60.16;15
0.002958;60.15;15
0.002794;60.41;15
0.002919;60.15;15
0.002791;60.15;15
0.002728;60.14;15
0.002833;60.15;15
0.002818;60.16;15
0.002800;60.14;15
0.002719;60.15;15
0.003010;60.15;15
0.002883;60.14;15
0.002893;60.17;15
0.002784;60.14;15
0.002802;60.14;15
0.002892;60.15;15
0.002873;60.32;15
0.002755;60.16;15
0.002887;60.16;15
0.002954;60.15;15
0.002999;60.15;15
0.002759;60.14;15
0.002869;60.16;15
0.002741;60.15;15
0.002785;60.14;15
0.002889;60.15;15
0.002827;60.15;15
0.002879;60.16;15
0.003090;60.20;15
0.003493;60.20;15
0.002972;60.25;15
0.002798;60.20;15
0.002886;60.20;15
0.002783;60.20;15
0.002758;60.22;15
0.002799;60.20;15
0.002712;60.20;15
0.002811;60.20;15
0.002769;60.20;15
0.002820;60.21;15
0.002952;60.20;15
0.002828;60.20;15
0.002790;60.20;15
0.002818;60.22;15
0.002820;60.20;15
0.002826;60.20;15
0.002830;60.20;15
0.002780;60.20;15
0.002842;60.22;15
0.002793;60.20;15
0.003102;60.20;15
0.002740;60.20;15
0.002867;60.38;16
0.003051;60.23;16
0.002922;60.15;16
0.003009;60.15;16
0.002968;60.15;16
0.003057;60.16;16
0.002994;60.15;16
0.002909;60.15;16
0.002950;60.15;16
0.002923;60.14;16
0.002989;60.16;16
0.003582;60.15;16
0.003001;60.15;16
0.002883;60.15;16
0.002886;60.15;16
0.002945;60.22;16
0.003005;60.20;16
0.002811;60.20;16
0.003005;60.20;16
0.002949;60.20;16
0.002913;60.21;16
0.003018;60.19;16
0.002805;60.22;16
0.002782;60.30;16
0.002758;60.27;16
0.002809;60.20;16
0.002864;60.21;16
0.002770;60.22;16
0.002933;60.20;16
0.002940;60.20;16
0.002885;60.20;16
0.002893;60.20;16
0.002964;60.22;16
0.002769;60.20;16
0.002856;60.20;16
0.002891;60.20;16
0.003143;60.20;16
0.003024;60.23;16
0.003019;60.20;16
0.002882;60.20;16
0.002820;60.20;16
0.002873;60.20;16
0.003035;60.22;16
0.002920;60.20;16
0.002952;60.20;16
0.002863;60.20;16
0.002884;60.22;16
0.003050;60.22;16
0.002832;60.20;16
0.002975;60.20;16
0.002784;60.33;16
0.002808;60.16;16
0.002895;60.15;16
0.002778;60.20;16
0.002951;60.20;16
0.002805;60.20;16
0.002772;60.22;16
0.002963;60.20;16
0.002851;60.20;16
0.002817;60.20;16
0.002800;60.20;16
0.002793;60.22;16
0.002731;60.20;16
0.002758;60.20;16
0.002726;60.20;16
0.002792;60.20;16
0.002784;60.22;16
0.002787;60.20;16
0.002764;60.20;16
0.002792;60.20;16
0.002836;60.20;16
0.002803;60.22;16
0.002771;60.20;16
0.002976;60.20;16
0.002808;60.20;16
0.002999;60.20;16
0.002847;60.22;16
0.002791;60.20;16
0.003114;60.20;16
0.002750;60.20;16
0.002763;60.21;16
0.002754;60.19;16
0.002749;60.20;16
0.002897;60.36;16
0.002747;60.20;16
0.002721;60.21;16
0.002760;60.20;16
0.002747;60.20;16
0.002948;60.20;16
0.002829;60.20;16
0.002776;60.21;16
0.002725;60.20;16
0.002972;60.20;16
0.003342;60.20;16
0.002764;60.22;16
0.002856;60.22;16
0.002771;60.20;16
0.002873;60.20;16
0.002942;60.22;16
0.002737;60.20;16
0.002818;60.39;17
0.002863;60.19;17
0.002796;60.20;17
0.003051;60.20;17
0.002786;60.21;17
0.002782;60.21;17
0.002794;60.20;17
0.002768;60.20;17
0.002868;60.20;17
0.003005;60.22;17
0.002907;60.20;17
0.002826;60.20;17
0.003198;60.20;17
0.002899;60.20;17
0.003362;60.22;17
0.003020;60.20;17
0.003094;60.23;17
0.003047;60.20;17
0.002950;60.20;17
0.002974;60.20;17
0.002797;60.20;17
0.003149;60.22;17
0.002980;60.20;17
0.002904;60.20;17
0.002811;60.22;17
0.002856;60.20;17
0.002751;60.24;17
0.002882;61.31;17
0.003051;66.68;17
0.002770;62.23;17
0.002918;64.66;17
0.003012;60.98;17
0.003001;61.85;17
0.002801;61.26;17
0.003225;60.80;17
0.003494;63.24;17
0.002909;63.38;17
0.002864;63.42;17
0.002914;63.52;17
0.002860;63.33;17
0.002783;63.32;17
0.002859;65.67;17
0.002911;66.10;17
0.003164;65.84;17
0.002916;65.96;17
0.002848;66.03;17
0.003035;65.91;17
0.002810;66.18;17
0.002813;66.00;17
0.002880;65.97;17
0.002827;66.23;17
0.002889;64.78;17
0.002758;65.43;17
0.002783;66.22;17
0.002841;66.07;17
0.002768;66.29;17
0.002835;66.10;17
0.003000;65.92;17
0.002929;65.25;17
0.002781;64.88;17
0.002770;64.89;17
0.002858;64.84;17
0.003297;64.92;17
0.002798;64.89;17
0.002939;64.81;17
0.002783;65.23;17
0.002741;67.89;17
0.002919;65.49;17
0.002831;66.21;17
0.002870;66.18;17
0.002923;66.37;17
0.002867;63.88;17
0.003256;60.45;17
0.002878;60.44;17
0.002748;60.44;17
0.002790;60.46;17
0.002766;60.44;17
0.002789;60.45;17
0.002838;60.44;17
0.002761;60.44;17
0.002802;60.45;17
0.002941;60.45;17
0.002738;60.40;17
0.002873;60.40;17
0.002749;60.38;17
0.002913;60.59;17
0.002903;60.39;17
0.002764;60.38;17
0.002763;60.43;17
0.002770;60.40;17
0.002804;60.38;17
0.002833;62.08;17
0.002800;65.50;17
0.002758;63.52;17
0.002830;65.59;17
0.002822;66.32;17
0.002980;66.31;17
0.002846;66.36;17
0.002861;66.33;17
0.003022;66.83;17
0.002928;66.54;18
0.002998;66.40;18
0.002916;66.43;18
0.002814;66.67;18
0.002866;65.74;18
0.003028;63.84;18
0.003000;66.26;18
0.002991;66.54;18
0.003523;68.35;18
0.003183;66.70;18
0.003255;64.19;18
0.002931;61.39;18
0.002792;60.45;18
0.002839;60.46;18
0.003093;60.46;18
0.002843;60.44;18
0.002774;60.45;18
0.002880;60.45;18
0.002940;60.45;18
0.002949;60.44;18
0.002880;60.38;18
0.002896;60.59;18
0.002870;60.41;18
0.003125;60.41;18
0.002919;60.42;18
0.002868;60.38;18
0.002813;60.38;18
0.002834;60.42;18
0.002824;60.38;18
0.002805;60.67;18
0.002871;61.26;18
0.002857;63.06;18
0.002863;64.04;18
0.002962;63.48;18
0.003020;62.80;18
0.002832;64.17;18
0.002822;64.13;18
0.002835;64.18;18
0.002970;64.12;18
0.002869;67.61;18
0.002838;64.13;18
0.002956;67.44;18
0.002880;66.37;18
0.002910;66.35;18
0.002763;63.99;18
0.002905;68.00;18
0.002893;67.59;18
0.002916;66.59;18
0.002799;66.16;18
0.002814;66.11;18
0.002834;65.16;18
0.003084;63.49;18
0.002899;63.47;18
0.003059;61.55;18
0.002858;60.52;18
0.002790;60.50;18
0.002734;60.95;18
0.002787;62.66;18
0.002757;62.56;18
0.002740;60.39;18
0.002735;60.38;18
0.002906;60.42;18
0.002747;60.41;18
0.002856;60.39;18
0.002763;60.42;18
0.002846;60.38;18
0.002934;60.38;18
0.002765;61.00;18
0.002924;60.38;18
0.002793;60.39;18
0.002709;60.38;18
0.002779;60.42;18
0.002799;60.39;18
0.002829;60.39;18
0.002797;60.40;18
0.002865;60.39;18
0.002821;60.38;18
0.002795;60.39;18
0.002870;60.39;18
0.002701;60.39;18
0.002758;60.39;18
0.002735;60.38;18
0.002822;60.39;18
0.002827;60.38;18
0.003190;60.38;18
0.002856;60.39;18
0.002848;60.39;18
0.002752;60.39;18
0.002918;60.39;18
0.002879;60.39;18
0.002933;60.38;18
0.002830;60.39;18
0.002742;60.39;18
0.002722;60.38;18
0.002684;61.33;18
0.002835;60.72;18
0.002727;60.41;18
0.002740;60.40;18
0.002729;60.39;18
0.002789;60.38;18
0.002821;60.64;19
0.002927;60.39;19
0.003038;60.39;19
0.002904;61.26;19
0.002868;60.48;19
0.002872;60.39;19
0.002925;60.45;19
0.002800;60.38;19
0.002781;60.40;19
0.002804;60.38;19
0.002980;60.39;19
0.002838;61.15;19
0.002848;61.04;19
0.002806;61.66;19
0.002848;60.67;19
0.002960;60.40;19
0.003157;60.40;19
0.002857;60.40;19
0.002782;60.40;19
0.003041;60.40;19
0.002984;60.39;19
0.003101;60.40;19
0.002902;60.40;19
0.002886;60.41;19
0.003039;60.71;19
0.003010;60.39;19
0.003153;60.40;19
0.002884;60.43;19
0.002999;60.40;19
0.002952;60.40;19
0.003319;60.44;19
0.002824;60.40;19
0.002918;60.40;19
0.002774;60.43;19
0.002903;60.39;19
0.002797;60.43;19
0.002810;60.39;19
0.002797;60.40;19
0.002825;60.45;19
0.002843;60.16;19
0.002981;60.16;19
0.002794;60.14;19
0.003231;60.14;19
0.002864;60.15;19
0.002973;60.14;19
0.002866;60.15;19
0.003316;60.15;19
0.002986;60.15;19
0.002819;60.14;19
0.002899;60.16;19
0.002807;60.38;19
0.002745;60.15;19
0.002771;60.15;19
0.002680;60.15;19
0.002768;60.14;19
0.002778;60.14;19
0.002767;60.15;19
0.002788;60.15;19
0.002708;60.14;19
0.002733;60.15;19
0.002838;60.15;19
0.002790;60.15;19
0.002900;60.15;19
0.002837;60.15;19
0.002801;60.15;19
0.002781;60.15;19
0.002745;60.15;19
0.002742;60.14;19
0.002824;60.15;19
0.002804;60.15;19
0.002803;60.14;19
0.002783;60.15;19
0.002844;60.16;19
0.002764;60.15;19
0.002728;60.15;19
0.002786;60.15;19
0.002789;60.14;19
0.002788;60.14;19
0.002899;60.15;19
0.002760;60.14;19
0.002722;60.16;19
0.002783;60.15;19
0.002708;60.15;19
0.002782;60.30;19
0.002750;60.15;19
0.002860;60.15;19
0.002689;60.16;19
0.002823;60.15;19
0.002717;60.15;19
0.003069;60.16;19
0.002830;60.15;19
0.002854;60.14;19
0.002818;60.14;19
0.002749;60.15;19
0.002728;60.15;19
0.002804;60.15;19
0.002890;60.14;19
0.002827;60.20;19
0.002828;60.20;19
0.002793;60.20;19
