loss;elapsed_time;iteration
0.002391;44.96;0
0.002269;45.87;0
0.002193;44.80;0
0.002143;45.03;0
0.002108;44.57;0
0.002083;45.90;0
0.002064;44.47;0
0.002049;43.37;0
0.002038;43.88;0
0.002030;44.28;0
0.002024;44.30;0
0.002019;45.44;0
0.002016;43.03;0
0.002013;43.00;0
0.002010;42.62;0
0.002008;42.43;0
0.002007;42.54;0
0.002006;42.96;0
0.002004;42.13;0
0.002003;42.64;0
0.002002;42.36;0
0.002002;42.44;0
0.002001;42.25;0
0.002000;42.52;0
0.002000;46.26;0
0.002000;46.77;0
0.001999;46.21;0
0.001999;46.32;0
0.001999;46.25;0
0.001998;46.60;0
0.001998;46.75;0
0.001998;46.95;0
0.001998;45.78;0
0.001998;46.30;0
0.001998;43.43;0
0.001998;43.52;0
0.001997;43.40;0
0.001997;43.49;0
0.001997;43.44;0
0.001997;43.61;0
0.001997;45.20;0
0.001997;44.15;0
0.001997;43.71;0
0.001997;44.20;0
0.001997;43.19;0
0.001997;43.68;0
0.001997;46.28;0
0.001997;46.95;0
0.001997;46.03;0
0.001997;45.32;0
0.001997;44.65;0
0.001997;44.99;0
0.001997;46.22;0
0.001997;46.54;0
0.001997;45.84;0
0.001997;44.90;0
0.001997;45.69;0
0.001997;45.43;0
0.001997;45.04;0
0.001997;45.93;0
0.001997;45.15;0
0.001997;44.21;0
0.001997;42.93;0
0.001997;44.79;0
0.001997;44.63;0
0.001997;44.74;0
0.001997;44.58;0
0.001997;44.70;0
0.001997;44.93;0
0.001997;44.73;0
0.001997;43.91;0
0.001997;44.57;0
0.001997;44.88;0
0.001997;43.72;0
0.001997;44.20;0
0.001997;45.03;0
0.001997;44.25;0
0.001997;41.85;0
0.001997;42.76;0
0.001997;43.79;0
0.001997;44.77;0
0.001997;44.56;0
0.001997;43.96;0
0.001997;44.54;0
0.001997;45.35;0
0.001997;44.46;0
0.001997;44.42;0
0.001997;44.36;0
0.001996;45.20;0
0.001996;44.06;0
0.001996;44.79;0
0.001996;45.37;0
0.001996;45.57;0
0.001996;44.40;0
0.001996;44.05;0
0.001996;44.16;0
0.001996;43.74;0
0.001996;43.31;0
0.001995;43.15;0
0.001995;44.92;0
0.002012;42.59;1
0.002009;44.62;1
0.002007;43.73;1
0.002006;46.90;1
0.002005;45.88;1
0.002004;44.69;1
0.002004;45.82;1
0.002004;45.64;1
0.002003;47.32;1
0.002003;46.12;1
0.002003;46.63;1
0.002003;46.28;1
0.002003;44.76;1
0.002003;45.26;1
0.002003;46.18;1
0.002002;46.19;1
0.002002;44.41;1
0.002002;45.37;1
0.002002;45.99;1
0.002002;45.39;1
0.002002;45.36;1
0.002002;45.08;1
0.002002;45.56;1
0.002002;45.26;1
0.002002;45.58;1
0.002002;45.44;1
0.002002;45.06;1
0.002002;44.93;1
0.002002;45.76;1
0.002002;44.95;1
0.002002;44.49;1
0.002002;45.48;1
0.002002;45.99;1
0.002002;46.30;1
0.002002;45.25;1
0.002002;45.55;1
0.002002;45.57;1
0.002002;45.42;1
0.002002;44.95;1
0.002002;45.15;1
0.002002;45.80;1
0.002002;45.80;1
0.002002;46.12;1
0.002002;46.03;1
0.002002;45.87;1
0.002002;46.02;1
0.002002;45.86;1
0.002002;45.65;1
0.002002;45.65;1
0.002002;45.67;1
0.001994;44.89;1
0.001994;45.20;1
0.001993;45.25;1
0.001993;44.71;1
0.001993;45.12;1
0.001993;44.79;1
0.001992;45.03;1
0.001992;44.77;1
0.001992;45.03;1
0.001992;44.80;1
0.001991;44.72;1
0.001991;44.69;1
0.001991;44.56;1
0.001991;44.86;1
0.001990;44.77;1
0.001990;45.06;1
0.001990;45.24;1
0.001990;44.89;1
0.001989;43.58;1
0.001989;43.65;1
0.001989;44.25;1
0.001989;44.23;1
0.001988;43.63;1
0.001988;45.23;1
0.001988;45.37;1
0.001987;45.15;1
0.001987;45.21;1
0.001987;45.50;1
0.001987;45.10;1
0.001986;44.75;1
0.001986;44.92;1
0.001986;44.84;1
0.001986;44.70;1
0.001986;44.99;1
0.001985;44.63;1
0.001985;44.69;1
0.001985;44.62;1
0.001985;44.95;1
0.001985;45.41;1
0.001984;44.05;1
0.001984;44.64;1
0.001984;44.67;1
0.001984;45.08;1
0.001984;44.85;1
0.001983;44.87;1
0.001983;45.97;1
0.001983;45.55;1
0.001983;45.37;1
0.001982;45.91;1
0.001982;44.84;1
0.002015;44.68;2
0.002015;44.35;2
0.002015;44.03;2
0.002015;44.57;2
0.002015;44.57;2
0.002015;44.54;2
0.002015;44.97;2
0.002015;44.93;2
0.002015;46.37;2
0.002015;45.78;2
0.002015;45.72;2
0.002015;44.70;2
0.002015;45.69;2
0.002015;45.81;2
0.002015;44.54;2
0.002015;44.63;2
0.002015;44.51;2
0.002015;44.83;2
0.002015;44.42;2
0.002015;44.57;2
0.002015;44.74;2
0.002015;44.83;2
0.002015;44.95;2
0.002015;44.83;2
0.002015;44.98;2
0.002015;45.20;2
0.002015;44.91;2
0.002015;44.93;2
0.002014;44.69;2
0.002014;44.80;2
0.002014;44.61;2
0.002014;44.43;2
0.002014;45.15;2
0.002014;44.98;2
0.002014;45.00;2
0.002014;44.81;2
0.002014;44.78;2
0.002014;44.72;2
0.002014;44.80;2
0.002014;44.97;2
0.002014;44.80;2
0.002014;45.16;2
0.002014;45.08;2
0.002014;44.87;2
0.002014;45.78;2
0.002014;45.97;2
0.002014;47.74;2
0.002014;46.99;2
0.002014;46.97;2
0.002014;46.73;2
0.001980;45.89;2
0.001980;46.38;2
0.001980;48.12;2
0.001979;46.96;2
0.001979;46.99;2
0.001979;47.32;2
0.001979;46.40;2
0.001979;45.67;2
0.001978;45.22;2
0.001978;44.29;2
0.001978;44.42;2
0.001978;44.90;2
0.001977;45.16;2
0.001977;44.50;2
0.001977;44.60;2
0.001977;43.96;2
0.001977;43.90;2
0.001976;44.39;2
0.001976;44.08;2
0.001976;43.98;2
0.001976;44.04;2
0.001975;44.15;2
0.001975;44.24;2
0.001975;44.12;2
0.001974;44.02;2
0.001974;44.11;2
0.001974;43.96;2
0.001973;44.79;2
0.001973;44.03;2
0.001972;43.94;2
0.001972;43.80;2
0.001971;43.99;2
0.001971;44.61;2
0.001971;44.38;2
0.001971;43.69;2
0.001970;44.30;2
0.001970;44.68;2
0.001970;44.53;2
0.001969;44.58;2
0.001969;44.71;2
0.001969;44.78;2
0.001969;44.02;2
0.001969;44.77;2
0.001969;44.49;2
0.001969;43.89;2
0.001969;43.93;2
0.001968;44.00;2
0.001968;44.08;2
0.001968;43.91;2
0.001968;44.01;2
0.002021;43.28;3
0.002021;43.29;3
0.002021;43.63;3
0.002021;42.36;3
0.002021;43.33;3
0.002021;44.17;3
0.002021;43.91;3
0.002021;43.44;3
0.002021;43.85;3
0.002021;43.79;3
0.002021;44.39;3
0.002021;44.23;3
0.002021;44.27;3
0.002021;44.11;3
0.002021;43.77;3
0.002021;43.80;3
0.002021;43.62;3
0.002021;43.55;3
0.002021;44.15;3
0.002021;43.81;3
0.002021;43.90;3
0.002021;43.34;3
0.002021;43.70;3
0.002021;44.04;3
0.002021;43.90;3
0.002021;44.82;3
0.002021;43.78;3
0.002021;43.95;3
0.002021;43.58;3
0.002021;43.80;3
0.002021;43.98;3
0.002021;43.99;3
0.002021;43.88;3
0.002021;42.86;3
0.002021;44.05;3
0.002021;43.86;3
0.002021;43.88;3
0.002021;44.03;3
0.002021;44.00;3
0.002021;43.98;3
0.002021;44.05;3
0.002021;43.92;3
0.002021;43.93;3
0.002021;43.96;3
0.002021;44.47;3
0.002021;44.57;3
0.002021;44.38;3
0.002021;44.36;3
0.002021;44.29;3
0.002021;44.45;3
0.001965;43.52;3
0.001965;43.96;3
0.001965;43.85;3
0.001965;43.82;3
0.001965;44.24;3
0.001965;43.77;3
0.001964;44.08;3
0.001964;44.83;3
0.001964;43.96;3
0.001964;43.36;3
0.001964;44.11;3
0.001964;43.90;3
0.001964;44.09;3
0.001964;43.67;3
0.001964;44.00;3
0.001964;44.03;3
0.001964;43.88;3
0.001964;43.93;3
0.001964;43.87;3
0.001963;44.43;3
0.001963;43.90;3
0.001963;44.64;3
0.001963;44.73;3
0.001963;43.88;3
0.001963;44.00;3
0.001963;45.11;3
0.001963;44.45;3
0.001963;44.42;3
0.001963;44.18;3
0.001963;44.52;3
0.001963;43.63;3
0.001963;43.58;3
0.001963;43.61;3
0.001963;43.70;3
0.001962;44.03;3
0.001962;44.05;3
0.001962;44.29;3
0.001962;44.39;3
0.001962;43.59;3
0.001962;43.94;3
0.001962;44.01;3
0.001962;44.07;3
0.001962;43.84;3
0.001962;44.02;3
0.001962;43.84;3
0.001962;43.54;3
0.001962;43.99;3
0.001962;45.24;3
0.001962;44.97;3
0.001962;44.36;3
0.002024;43.79;4
0.002024;44.06;4
0.002024;43.85;4
0.002024;43.74;4
0.002024;43.88;4
0.002024;44.40;4
0.002024;43.97;4
0.002024;44.06;4
0.002024;43.86;4
0.002024;43.83;4
0.002024;43.97;4
0.002024;43.97;4
0.002024;44.02;4
0.002024;43.96;4
0.002024;44.08;4
0.002024;43.89;4
0.002024;44.01;4
0.002024;44.20;4
0.002024;44.29;4
0.002024;44.31;4
0.002024;44.20;4
0.002024;43.81;4
0.002024;42.69;4
0.002024;43.34;4
0.002024;43.00;4
0.002024;44.03;4
0.002024;43.91;4
0.002024;43.53;4
0.002024;44.26;4
0.002024;42.83;4
0.002024;43.58;4
0.002024;43.94;4
0.002024;43.43;4
0.002024;43.34;4
0.002024;43.30;4
0.002024;43.49;4
0.002024;42.91;4
0.002024;43.40;4
0.002024;44.88;4
0.002024;44.19;4
0.002024;43.56;4
0.002024;43.49;4
0.002024;43.99;4
0.002024;43.96;4
0.002024;44.06;4
0.002024;44.38;4
0.002024;44.05;4
0.002024;44.35;4
0.002024;44.10;4
0.002024;44.33;4
0.001976;43.35;4
0.001976;44.35;4
0.001976;44.09;4
0.001976;44.51;4
0.001976;44.65;4
0.001976;44.82;4
0.001976;43.76;4
0.001976;44.43;4
0.001976;43.72;4
0.001976;44.12;4
0.001976;43.50;4
0.001976;43.38;4
0.001976;43.12;4
0.001976;43.11;4
0.001976;43.79;4
0.001976;43.87;4
0.001975;43.90;4
0.001975;43.91;4
0.001975;44.16;4
0.001975;43.80;4
0.001975;43.80;4
0.001975;43.91;4
0.001975;44.09;4
0.001975;43.90;4
0.001975;43.60;4
0.001975;43.74;4
0.001975;43.58;4
0.001975;44.01;4
0.001975;43.98;4
0.001975;44.06;4
0.001975;44.14;4
0.001975;44.05;4
0.001974;44.07;4
0.001974;44.11;4
0.001974;42.86;4
0.001974;43.17;4
0.001974;43.40;4
0.001974;43.79;4
0.001974;44.06;4
0.001973;43.97;4
0.001973;43.87;4
0.001973;43.80;4
0.001973;43.81;4
0.001973;44.26;4
0.001973;43.92;4
0.001973;44.02;4
0.001973;43.95;4
0.001972;43.97;4
0.001972;44.10;4
0.001972;44.07;4
0.002028;43.75;5
0.002028;44.45;5
0.002028;43.84;5
0.002028;44.50;5
0.002028;44.56;5
0.002027;44.52;5
0.002027;43.84;5
0.002027;44.33;5
0.002027;43.88;5
0.002027;43.33;5
0.002027;43.24;5
0.002027;43.89;5
0.002027;43.56;5
0.002027;44.09;5
0.002027;44.12;5
0.002027;43.98;5
0.002027;43.86;5
0.002027;44.04;5
0.002027;44.52;5
0.002027;44.04;5
0.002027;43.80;5
0.002027;43.76;5
0.002027;44.01;5
0.002027;43.96;5
0.002027;44.25;5
0.002027;43.95;5
0.002027;44.14;5
0.002027;44.27;5
0.002027;43.88;5
0.002027;44.69;5
0.002027;43.84;5
0.002027;43.93;5
0.002027;44.14;5
0.002027;45.01;5
0.002027;44.68;5
0.002027;44.00;5
0.002027;44.35;5
0.002027;44.81;5
0.002027;44.69;5
0.002027;44.27;5
0.002027;44.40;5
0.002027;44.35;5
0.002027;44.04;5
0.002027;44.46;5
0.002027;44.79;5
0.002027;44.77;5
0.002027;44.42;5
0.002027;44.29;5
0.002027;44.25;5
0.002027;44.45;5
0.001964;44.15;5
0.001964;43.91;5
0.001964;43.62;5
0.001964;43.71;5
0.001964;43.44;5
0.001964;44.10;5
0.001964;44.02;5
0.001964;43.88;5
0.001963;43.98;5
0.001963;45.22;5
0.001963;43.27;5
0.001962;43.53;5
0.001962;42.95;5
0.001961;43.84;5
0.001961;44.37;5
0.001961;44.36;5
0.001960;44.01;5
0.001960;44.18;5
0.001960;43.86;5
0.001959;43.96;5
0.001959;44.02;5
0.001959;44.18;5
0.001959;44.36;5
0.001958;44.46;5
0.001958;44.28;5
0.001958;44.14;5
0.001957;44.07;5
0.001957;44.46;5
0.001957;44.43;5
0.001956;44.70;5
0.001956;44.22;5
0.001956;44.20;5
0.001956;44.12;5
0.001956;43.98;5
0.001956;44.21;5
0.001956;44.16;5
0.001956;43.80;5
0.001955;43.88;5
0.001955;44.33;5
0.001955;43.90;5
0.001955;44.23;5
0.001955;44.66;5
0.001955;44.16;5
0.001955;43.98;5
0.001955;43.96;5
0.001955;43.95;5
0.001955;44.15;5
0.001954;44.17;5
0.001954;43.98;5
0.001954;44.30;5
0.002034;43.41;6
0.002034;43.88;6
0.002034;43.92;6
0.002034;43.57;6
0.002034;43.59;6
0.002034;43.97;6
0.002034;43.96;6
0.002034;43.65;6
0.002034;43.59;6
0.002034;43.05;6
0.002034;42.92;6
0.002034;43.71;6
0.002034;44.03;6
0.002034;44.11;6
0.002034;44.14;6
0.002034;44.86;6
0.002034;45.16;6
0.002034;44.50;6
0.002034;44.39;6
0.002034;44.83;6
0.002034;44.55;6
0.002034;43.93;6
0.002034;44.03;6
0.002034;43.97;6
0.002034;43.85;6
0.002034;43.91;6
0.002034;43.84;6
0.002034;43.63;6
0.002034;43.98;6
0.002034;43.77;6
0.002034;43.89;6
0.002034;43.97;6
0.002034;43.99;6
0.002034;43.77;6
0.002034;44.01;6
0.002034;44.22;6
0.002034;43.97;6
0.002034;43.97;6
0.002034;44.00;6
0.002034;44.25;6
0.002034;43.77;6
0.002034;43.98;6
0.002034;43.99;6
0.002034;43.92;6
0.002034;43.97;6
0.002034;44.08;6
0.002034;44.24;6
0.002034;44.26;6
0.002033;44.07;6
0.002033;44.10;6
0.001953;43.64;6
0.001953;43.39;6
0.001953;43.58;6
0.001953;43.47;6
0.001953;43.33;6
0.001953;43.40;6
0.001953;43.39;6
0.001953;43.24;6
0.001953;43.42;6
0.001952;44.10;6
0.001952;43.97;6
0.001952;43.92;6
0.001952;43.54;6
0.001952;43.71;6
0.001952;44.41;6
0.001952;44.29;6
0.001952;44.33;6
0.001952;44.29;6
0.001952;44.00;6
0.001952;43.44;6
0.001952;44.15;6
0.001951;44.01;6
0.001951;43.94;6
0.001951;44.08;6
0.001951;43.93;6
0.001951;43.91;6
0.001951;44.03;6
0.001951;43.97;6
0.001951;43.99;6
0.001951;43.73;6
0.001951;43.92;6
0.001951;43.92;6
0.001951;44.21;6
0.001950;43.55;6
0.001950;43.96;6
0.001950;44.13;6
0.001950;43.67;6
0.001950;43.74;6
0.001950;43.75;6
0.001950;44.08;6
0.001950;44.24;6
0.001950;44.56;6
0.001950;44.60;6
0.001950;44.33;6
0.001950;43.97;6
0.001950;43.71;6
0.001949;44.14;6
0.001949;43.78;6
0.001949;43.89;6
0.001949;44.04;6
0.002047;43.31;7
0.002047;43.72;7
0.002047;43.44;7
0.002047;43.26;7
0.002047;43.38;7
0.002047;43.39;7
0.002047;43.35;7
0.002047;43.51;7
0.002047;43.72;7
0.002047;43.67;7
0.002046;43.77;7
0.002046;43.76;7
0.002046;43.92;7
0.002046;43.69;7
0.002046;43.61;7
0.002046;43.73;7
0.002046;43.74;7
0.002046;44.29;7
0.002046;44.24;7
0.002046;44.06;7
0.002046;43.61;7
0.002046;43.83;7
0.002046;43.71;7
0.002046;43.51;7
0.002046;43.51;7
0.002046;43.76;7
0.002046;43.35;7
0.002046;43.66;7
0.002046;43.33;7
0.002046;43.89;7
0.002046;43.89;7
0.002046;43.83;7
0.002046;43.41;7
0.002046;43.69;7
0.002046;43.77;7
0.002046;43.54;7
0.002046;43.62;7
0.002045;43.48;7
0.002045;43.96;7
0.002045;44.04;7
0.002045;43.29;7
0.002045;43.97;7
0.002045;44.04;7
0.002045;43.99;7
0.002045;44.17;7
0.002045;44.05;7
0.002045;43.40;7
0.002045;43.69;7
0.002045;44.44;7
0.002045;44.26;7
0.001954;44.67;7
0.001954;43.59;7
0.001954;43.81;7
0.001954;43.77;7
0.001954;43.47;7
0.001954;43.79;7
0.001954;43.61;7
0.001954;43.64;7
0.001954;43.48;7
0.001954;43.66;7
0.001954;43.69;7
0.001953;43.97;7
0.001953;43.87;7
0.001953;44.10;7
0.001953;43.86;7
0.001953;43.58;7
0.001953;43.48;7
0.001953;43.78;7
0.001953;43.77;7
0.001953;43.80;7
0.001953;43.98;7
0.001953;43.73;7
0.001953;43.78;7
0.001953;44.13;7
0.001953;43.86;7
0.001953;43.69;7
0.001953;43.66;7
0.001953;44.02;7
0.001953;43.95;7
0.001953;44.33;7
0.001952;44.29;7
0.001952;43.94;7
0.001952;43.98;7
0.001952;44.00;7
0.001952;43.99;7
0.001952;43.82;7
0.001952;44.16;7
0.001952;44.09;7
0.001952;44.64;7
0.001952;43.80;7
0.001952;44.04;7
0.001952;43.58;7
0.001952;44.26;7
0.001952;44.09;7
0.001952;44.96;7
0.001952;44.68;7
0.001952;44.86;7
0.001952;44.58;7
0.001952;44.63;7
0.001952;44.81;7
0.002043;44.14;8
0.002043;43.98;8
0.002043;44.17;8
0.002043;44.09;8
0.002043;43.66;8
0.002043;43.69;8
0.002043;43.66;8
0.002043;44.15;8
0.002043;44.18;8
0.002043;44.36;8
0.002043;45.47;8
0.002043;45.95;8
0.002043;44.28;8
0.002042;44.04;8
0.002042;44.17;8
0.002042;43.83;8
0.002042;43.94;8
0.002042;44.11;8
0.002042;44.34;8
0.002042;44.05;8
0.002042;43.69;8
0.002042;43.74;8
0.002042;43.72;8
0.002042;44.24;8
0.002042;43.72;8
0.002042;43.74;8
0.002042;44.00;8
0.002042;44.21;8
0.002042;44.14;8
0.002042;43.99;8
0.002042;43.48;8
0.002042;43.17;8
0.002042;43.88;8
0.002042;42.68;8
0.002042;43.80;8
0.002042;43.87;8
0.002042;43.88;8
0.002042;44.17;8
0.002042;44.07;8
0.002042;43.78;8
0.002042;44.01;8
0.002042;43.86;8
0.002042;43.98;8
0.002042;43.81;8
0.002042;43.95;8
0.002042;44.16;8
0.002042;44.24;8
0.002042;43.90;8
0.002042;44.30;8
0.002042;44.55;8
0.001952;43.35;8
0.001952;43.55;8
0.001952;43.36;8
0.001952;43.43;8
0.001951;43.65;8
0.001951;43.63;8
0.001951;43.41;8
0.001951;43.72;8
0.001951;43.46;8
0.001951;44.23;8
0.001951;44.42;8
0.001951;43.29;8
0.001951;43.61;8
0.001951;43.52;8
0.001951;43.76;8
0.001951;44.36;8
0.001951;44.60;8
0.001951;43.91;8
0.001951;43.21;8
0.001951;44.00;8
0.001951;43.71;8
0.001951;43.37;8
0.001951;43.41;8
0.001951;43.65;8
0.001951;43.71;8
0.001951;44.04;8
0.001951;43.80;8
0.001951;43.78;8
0.001950;44.14;8
0.001950;44.02;8
0.001950;44.06;8
0.001950;44.35;8
0.001950;43.73;8
0.001950;43.92;8
0.001950;44.00;8
0.001950;44.19;8
0.001950;44.11;8
0.001950;44.21;8
0.001950;44.14;8
0.001950;44.03;8
0.001950;44.10;8
0.001950;44.57;8
0.001950;44.26;8
0.001950;43.10;8
0.001950;43.63;8
0.001950;43.85;8
0.001950;44.08;8
0.001950;44.32;8
0.001950;44.12;8
0.001950;44.11;8
0.002050;43.59;9
0.002050;44.30;9
0.002050;43.93;9
0.002050;43.90;9
0.002050;43.71;9
0.002050;43.58;9
0.002050;43.96;9
0.002050;43.79;9
0.002050;43.73;9
0.002050;43.99;9
0.002050;44.25;9
0.002049;43.75;9
0.002049;43.41;9
0.002049;43.54;9
0.002049;43.82;9
0.002049;43.75;9
0.002049;43.75;9
0.002049;43.57;9
0.002049;43.69;9
0.002049;44.00;9
0.002049;43.79;9
0.002049;43.94;9
0.002049;43.26;9
0.002049;43.00;9
0.002049;43.50;9
0.002049;43.72;9
0.002049;43.69;9
0.002049;43.95;9
0.002049;43.90;9
0.002049;43.57;9
0.002049;43.60;9
0.002049;44.25;9
0.002049;44.08;9
0.002049;43.99;9
0.002049;43.73;9
0.002049;43.94;9
0.002049;44.02;9
0.002049;43.02;9
0.002049;43.74;9
0.002049;43.99;9
0.002049;43.45;9
0.002049;43.94;9
0.002049;43.80;9
0.002049;43.93;9
0.002049;43.49;9
0.002049;43.33;9
0.002049;43.94;9
0.002049;44.02;9
0.002049;43.95;9
0.002049;44.06;9
0.001947;43.45;9
0.001947;43.58;9
0.001947;43.42;9
0.001947;43.34;9
0.001947;43.86;9
0.001947;43.87;9
0.001947;43.97;9
0.001947;44.03;9
0.001947;43.80;9
0.001947;43.58;9
0.001947;43.96;9
0.001947;43.36;9
0.001947;43.35;9
0.001947;43.41;9
0.001947;44.01;9
0.001947;43.87;9
0.001947;43.68;9
0.001947;43.82;9
0.001947;44.11;9
0.001947;43.85;9
0.001947;44.44;9
0.001947;44.53;9
0.001947;44.60;9
0.001947;43.97;9
0.001946;43.73;9
0.001946;43.82;9
0.001946;43.77;9
0.001946;44.08;9
0.001946;43.95;9
0.001946;43.94;9
0.001946;44.11;9
0.001946;44.19;9
0.001946;44.95;9
0.001946;45.11;9
0.001946;44.71;9
0.001946;43.84;9
0.001946;44.62;9
0.001946;44.35;9
0.001946;43.81;9
0.001946;43.57;9
0.001946;44.00;9
0.001946;43.82;9
0.001946;43.59;9
0.001946;43.14;9
0.001946;43.98;9
0.001946;44.01;9
0.001946;43.35;9
0.001946;43.98;9
0.001946;44.11;9
0.001946;44.10;9
0.002048;43.44;10
0.002048;43.84;10
0.002048;44.47;10
0.002048;43.82;10
0.002048;43.88;10
0.002048;43.84;10
0.002048;43.84;10
0.002048;43.70;10
0.002048;43.76;10
0.002048;43.87;10
0.002048;43.69;10
0.002048;44.15;10
0.002048;43.68;10
0.002048;43.57;10
0.002048;43.94;10
0.002048;44.01;10
0.002048;43.70;10
0.002048;43.81;10
0.002048;43.85;10
0.002048;44.03;10
0.002048;43.72;10
0.002048;43.80;10
0.002048;44.14;10
0.002048;43.74;10
0.002048;43.30;10
0.002048;43.78;10
0.002048;44.10;10
0.002048;43.61;10
0.002048;44.02;10
0.002048;44.07;10
0.002048;43.77;10
0.002048;43.88;10
0.002048;44.01;10
0.002048;44.04;10
0.002048;43.92;10
0.002048;43.85;10
0.002048;44.06;10
0.002048;44.12;10
0.002048;44.07;10
0.002048;44.15;10
0.002048;44.09;10
0.002048;43.93;10
0.002048;44.31;10
0.002048;43.98;10
0.002048;43.75;10
0.002048;44.16;10
0.002048;45.00;10
0.002048;44.08;10
0.002048;44.14;10
0.002048;43.99;10
0.001946;42.81;10
0.001946;43.59;10
0.001946;43.98;10
0.001946;44.04;10
0.001946;43.82;10
0.001946;44.10;10
0.001946;43.97;10
0.001946;44.03;10
0.001946;43.82;10
0.001946;43.34;10
0.001946;43.54;10
0.001946;43.63;10
0.001946;43.45;10
0.001946;43.53;10
0.001946;43.50;10
0.001946;43.48;10
0.001946;43.61;10
0.001946;43.70;10
0.001946;43.47;10
0.001946;43.93;10
0.001946;44.01;10
0.001946;43.93;10
0.001946;43.57;10
0.001946;43.99;10
0.001946;43.92;10
0.001946;43.79;10
0.001946;43.57;10
0.001946;43.68;10
0.001946;44.10;10
0.001946;43.76;10
0.001945;43.35;10
0.001945;44.13;10
0.001945;44.30;10
0.001945;44.28;10
0.001945;44.57;10
0.001945;44.68;10
0.001945;44.78;10
0.001945;45.02;10
0.001945;45.20;10
0.001945;44.36;10
0.001945;44.50;10
0.001945;44.05;10
0.001945;44.02;10
0.001945;44.59;10
0.001945;44.52;10
0.001945;44.15;10
0.001945;44.01;10
0.001945;44.04;10
0.001945;44.34;10
0.001945;44.08;10
0.002054;43.52;11
0.002054;43.91;11
0.002054;43.84;11
0.002054;43.62;11
0.002054;43.73;11
0.002054;43.95;11
0.002054;44.12;11
0.002054;44.12;11
0.002054;43.99;11
0.002054;44.03;11
0.002054;44.23;11
0.002054;44.15;11
0.002054;44.05;11
0.002054;44.13;11
0.002054;44.06;11
0.002054;43.40;11
0.002054;43.30;11
0.002054;43.56;11
0.002054;43.77;11
0.002054;44.12;11
0.002054;43.89;11
0.002054;43.96;11
0.002054;43.98;11
0.002053;44.15;11
0.002053;44.15;11
0.002053;44.15;11
0.002053;44.00;11
0.002053;44.03;11
0.002053;44.21;11
0.002053;44.16;11
0.002053;44.21;11
0.002053;44.07;11
0.002053;43.91;11
0.002053;43.90;11
0.002053;44.08;11
0.002053;43.85;11
0.002053;44.01;11
0.002053;44.02;11
0.002053;44.15;11
0.002053;43.85;11
0.002053;44.17;11
0.002053;44.34;11
0.002053;44.42;11
0.002053;44.25;11
0.002053;44.35;11
0.002053;44.37;11
0.002053;44.33;11
0.002053;43.97;11
0.002053;43.96;11
0.002053;44.06;11
0.001944;43.83;11
0.001944;44.07;11
0.001944;44.08;11
0.001944;43.91;11
0.001944;44.06;11
0.001944;44.18;11
0.001944;44.08;11
0.001944;44.03;11
0.001944;44.03;11
0.001944;43.81;11
0.001944;44.03;11
0.001944;43.49;11
0.001944;43.91;11
0.001944;43.83;11
0.001944;44.11;11
0.001944;44.35;11
0.001944;44.81;11
0.001944;44.91;11
0.001944;44.57;11
0.001944;43.90;11
0.001944;44.87;11
0.001944;45.23;11
0.001944;43.74;11
0.001944;44.32;11
0.001944;44.03;11
0.001944;44.15;11
0.001944;44.05;11
0.001944;43.94;11
0.001944;44.05;11
0.001944;44.10;11
0.001944;43.89;11
0.001944;44.00;11
0.001944;44.08;11
0.001944;44.34;11
0.001944;43.80;11
0.001944;44.87;11
0.001944;44.54;11
0.001944;43.82;11
0.001943;43.61;11
0.001943;43.84;11
0.001943;43.62;11
0.001943;43.89;11
0.001943;44.15;11
0.001943;42.91;11
0.001943;43.71;11
0.001943;44.09;11
0.001943;44.17;11
0.001943;44.28;11
0.001943;44.08;11
0.001943;43.57;11
0.002051;43.14;12
0.002051;43.54;12
0.002051;43.85;12
0.002051;44.19;12
0.002051;43.94;12
0.002051;44.57;12
0.002051;43.97;12
0.002051;43.81;12
0.002051;44.28;12
0.002051;44.06;12
0.002051;44.12;12
0.002051;43.88;12
0.002051;43.54;12
0.002051;43.59;12
0.002051;43.46;12
0.002051;44.05;12
0.002051;44.25;12
0.002051;42.99;12
0.002051;43.00;12
0.002051;42.97;12
0.002051;43.73;12
0.002051;43.73;12
0.002051;43.12;12
0.002051;42.67;12
0.002051;43.27;12
0.002051;43.23;12
0.002051;44.27;12
0.002051;43.90;12
0.002051;43.75;12
0.002051;43.44;12
0.002051;44.21;12
0.002051;44.51;12
0.002051;44.33;12
0.002051;44.48;12
0.002051;44.12;12
0.002051;44.05;12
0.002051;43.93;12
0.002051;43.98;12
0.002051;43.53;12
0.002051;44.38;12
0.002051;43.98;12
0.002051;44.72;12
0.002051;45.01;12
0.002051;44.51;12
0.002051;43.52;12
0.002051;44.39;12
0.002050;44.74;12
0.002050;45.21;12
0.002050;44.73;12
0.002050;44.85;12
0.001948;43.42;12
0.001948;43.52;12
0.001947;43.69;12
0.001947;44.32;12
0.001947;43.52;12
0.001947;43.61;12
0.001947;43.51;12
0.001947;43.24;12
0.001947;43.71;12
0.001947;43.08;12
0.001947;44.00;12
0.001947;44.33;12
0.001947;47.04;12
0.001947;45.10;12
0.001947;45.00;12
0.001947;44.07;12
0.001947;43.41;12
0.001947;43.22;12
0.001947;44.12;12
0.001947;44.03;12
0.001947;43.88;12
0.001947;44.03;12
0.001947;43.70;12
0.001947;43.10;12
0.001947;43.61;12
0.001947;43.87;12
0.001947;43.99;12
0.001947;44.01;12
0.001947;43.82;12
0.001947;44.29;12
0.001947;44.34;12
0.001947;44.10;12
0.001947;44.38;12
0.001947;44.31;12
0.001947;43.84;12
0.001947;43.93;12
0.001947;43.58;12
0.001946;44.01;12
0.001946;43.68;12
0.001946;43.99;12
0.001946;43.99;12
0.001946;43.73;12
0.001946;44.00;12
0.001946;43.93;12
0.001946;44.02;12
0.001946;44.23;12
0.001946;44.16;12
0.001946;44.08;12
0.001946;44.46;12
0.001946;44.20;12
0.002051;43.41;13
0.002051;44.16;13
0.002051;43.50;13
0.002051;43.63;13
0.002051;43.48;13
0.002051;43.61;13
0.002051;43.78;13
0.002051;44.05;13
0.002051;43.93;13
0.002051;43.95;13
0.002051;43.80;13
0.002051;43.01;13
0.002051;42.95;13
0.002051;43.70;13
0.002051;43.72;13
0.002051;43.83;13
0.002051;43.73;13
0.002051;43.65;13
0.002051;43.63;13
0.002051;43.32;13
0.002051;43.25;13
0.002051;42.85;13
0.002050;43.32;13
0.002050;43.30;13
0.002050;43.34;13
0.002050;43.38;13
0.002050;43.35;13
0.002050;43.01;13
0.002050;43.21;13
0.002050;43.45;13
0.002050;43.73;13
0.002050;43.41;13
0.002050;43.30;13
0.002050;43.33;13
0.002050;43.60;13
0.002050;43.15;13
0.002050;43.54;13
0.002050;43.51;13
0.002050;43.94;13
0.002050;44.36;13
0.002050;44.23;13
0.002050;42.41;13
0.002050;42.93;13
0.002050;43.70;13
0.002050;43.87;13
0.002050;43.79;13
0.002050;43.89;13
0.002050;44.12;13
0.002050;44.18;13
0.002050;44.12;13
0.001936;43.35;13
0.001936;43.53;13
0.001936;43.17;13
0.001936;43.57;13
0.001936;43.79;13
0.001936;43.95;13
0.001936;43.53;13
0.001936;43.39;13
0.001936;43.40;13
0.001936;43.79;13
0.001936;43.59;13
0.001936;43.82;13
0.001936;43.41;13
0.001936;43.61;13
0.001936;43.79;13
0.001936;43.64;13
0.001936;43.47;13
0.001936;43.54;13
0.001936;43.90;13
0.001936;43.87;13
0.001936;43.36;13
0.001936;43.64;13
0.001936;43.66;13
0.001936;43.54;13
0.001936;44.11;13
0.001936;43.98;13
0.001936;44.17;13
0.001936;43.38;13
0.001936;43.38;13
0.001936;43.40;13
0.001936;43.44;13
0.001936;43.49;13
0.001936;43.49;13
0.001936;43.50;13
0.001936;43.11;13
0.001936;43.67;13
0.001936;43.66;13
0.001936;43.61;13
0.001936;43.98;13
0.001936;43.77;13
0.001936;43.45;13
0.001936;43.93;13
0.001936;43.81;13
0.001936;43.65;13
0.001936;43.70;13
0.001936;43.60;13
0.001936;43.75;13
0.001936;43.86;13
0.001936;43.98;13
0.001936;43.94;13
0.002043;42.97;14
0.002043;43.48;14
0.002043;43.28;14
0.002043;43.33;14
0.002043;43.35;14
0.002043;43.45;14
0.002043;43.80;14
0.002043;43.24;14
0.002043;43.54;14
0.002043;43.41;14
0.002043;43.57;14
0.002043;43.64;14
0.002043;43.26;14
0.002043;43.51;14
0.002043;43.52;14
0.002043;43.38;14
0.002043;43.48;14
0.002043;43.55;14
0.002043;43.64;14
0.002043;43.60;14
0.002043;42.98;14
0.002043;43.80;14
0.002043;43.74;14
0.002043;43.91;14
0.002043;43.81;14
0.002043;43.41;14
0.002043;43.33;14
0.002043;43.63;14
0.002043;43.64;14
0.002043;43.47;14
0.002043;43.77;14
0.002043;43.43;14
0.002043;43.44;14
0.002043;43.09;14
0.002043;43.66;14
0.002043;43.34;14
0.002043;43.44;14
0.002043;43.71;14
0.002043;43.39;14
0.002043;43.71;14
0.002043;43.91;14
0.002043;43.90;14
0.002043;44.13;14
0.002043;43.86;14
0.002043;43.69;14
0.002043;44.01;14
0.002043;44.07;14
0.002043;43.89;14
0.002043;43.98;14
0.002043;43.62;14
0.001940;43.40;14
0.001940;43.40;14
0.001940;43.70;14
0.001940;43.75;14
0.001940;43.81;14
0.001940;43.83;14
0.001940;43.85;14
0.001940;43.98;14
0.001940;43.21;14
0.001940;43.29;14
0.001940;43.36;14
0.001940;43.45;14
0.001940;43.43;14
0.001940;43.74;14
0.001940;43.56;14
0.001940;43.99;14
0.001940;43.99;14
0.001940;43.94;14
0.001940;43.43;14
0.001940;43.99;14
0.001940;43.98;14
0.001940;43.78;14
0.001940;43.18;14
0.001940;42.83;14
0.001940;43.64;14
0.001940;44.22;14
0.001940;43.20;14
0.001940;43.83;14
0.001940;43.63;14
0.001940;43.41;14
0.001940;43.45;14
0.001940;43.30;14
0.001940;43.02;14
0.001940;43.93;14
0.001940;42.64;14
0.001940;43.57;14
0.001940;43.00;14
0.001940;43.60;14
0.001940;43.30;14
0.001940;43.81;14
0.001940;43.75;14
0.001940;44.08;14
0.001940;44.16;14
0.001940;44.32;14
0.001940;44.40;14
0.001940;44.05;14
0.001940;44.64;14
0.001940;43.82;14
0.001940;43.03;14
0.001940;43.76;14
0.002047;43.32;15
0.002047;43.73;15
0.002047;43.70;15
0.002047;43.64;15
0.002047;43.60;15
0.002047;43.05;15
0.002047;43.09;15
0.002047;43.04;15
0.002047;43.62;15
0.002047;43.64;15
0.002047;43.58;15
0.002047;43.61;15
0.002047;43.82;15
0.002047;43.78;15
0.002047;43.61;15
0.002047;43.91;15
0.002047;43.95;15
0.002047;44.36;15
0.002047;43.63;15
0.002047;43.61;15
0.002047;43.76;15
0.002047;43.45;15
0.002047;43.42;15
0.002047;43.54;15
0.002047;43.68;15
0.002047;43.70;15
0.002047;43.72;15
0.002047;43.56;15
0.002047;43.81;15
0.002047;43.63;15
0.002047;43.68;15
0.002047;43.89;15
0.002047;43.88;15
0.002047;44.00;15
0.002047;44.31;15
0.002047;43.90;15
0.002046;44.18;15
0.002046;44.20;15
0.002046;44.17;15
0.002046;44.40;15
0.002046;44.25;15
0.002046;44.84;15
0.002046;44.67;15
0.002046;44.66;15
0.002046;44.65;15
0.002046;44.57;15
0.002046;44.51;15
0.002046;44.50;15
0.002046;44.03;15
0.002046;43.83;15
0.001939;43.47;15
0.001939;43.90;15
0.001939;43.84;15
0.001939;43.25;15
0.001939;43.11;15
0.001939;43.39;15
0.001939;43.56;15
0.001939;43.50;15
0.001939;43.26;15
0.001939;43.79;15
0.001939;43.76;15
0.001939;43.68;15
0.001939;43.57;15
0.001939;43.59;15
0.001939;43.78;15
0.001939;43.78;15
0.001939;43.58;15
0.001939;42.93;15
0.001939;43.42;15
0.001939;43.99;15
0.001939;44.82;15
0.001939;44.28;15
0.001939;44.43;15
0.001939;44.95;15
0.001939;44.69;15
0.001939;43.88;15
0.001939;44.51;15
0.001939;43.58;15
0.001939;43.58;15
0.001939;43.64;15
0.001939;43.71;15
0.001939;43.94;15
0.001939;43.02;15
0.001939;44.02;15
0.001939;43.77;15
0.001939;43.95;15
0.001939;43.96;15
0.001939;43.90;15
0.001939;43.74;15
0.001939;44.01;15
0.001939;44.14;15
0.001939;44.52;15
0.001939;44.15;15
0.001939;44.01;15
0.001939;44.41;15
0.001939;44.57;15
0.001939;44.08;15
0.001939;44.09;15
0.001939;43.96;15
0.001939;44.07;15
0.002047;42.98;16
0.002047;43.62;16
0.002047;43.97;16
0.002047;43.08;16
0.002047;43.66;16
0.002047;43.69;16
0.002047;43.84;16
0.002047;43.27;16
0.002047;43.27;16
0.002047;42.78;16
0.002047;42.90;16
0.002047;42.69;16
0.002047;42.84;16
0.002047;43.06;16
0.002047;43.73;16
0.002047;44.20;16
0.002047;43.65;16
0.002047;43.37;16
0.002047;43.96;16
0.002047;43.70;16
0.002047;43.52;16
0.002047;43.68;16
0.002047;43.69;16
0.002047;43.67;16
0.002047;43.38;16
0.002047;43.84;16
0.002047;43.89;16
0.002047;44.17;16
0.002047;44.15;16
0.002047;44.56;16
0.002047;43.82;16
0.002047;43.69;16
0.002047;44.24;16
0.002047;43.74;16
0.002047;43.64;16
0.002047;43.97;16
0.002047;43.44;16
0.002047;43.95;16
0.002047;44.31;16
0.002047;43.97;16
0.002047;43.95;16
0.002047;44.33;16
0.002047;44.19;16
0.002047;44.44;16
0.002047;44.48;16
0.002047;43.39;16
0.002047;43.99;16
0.002046;44.32;16
0.002046;44.71;16
0.002046;44.83;16
0.001943;43.86;16
0.001943;43.87;16
0.001943;43.76;16
0.001943;43.36;16
0.001943;43.31;16
0.001943;43.47;16
0.001943;43.43;16
0.001943;44.16;16
0.001943;43.93;16
0.001943;44.14;16
0.001943;44.72;16
0.001943;44.27;16
0.001943;44.05;16
0.001943;44.34;16
0.001943;43.35;16
0.001943;43.50;16
0.001943;43.56;16
0.001943;43.31;16
0.001943;42.46;16
0.001943;42.33;16
0.001943;42.40;16
0.001943;43.47;16
0.001943;44.05;16
0.001943;43.97;16
0.001943;43.71;16
0.001943;43.67;16
0.001943;43.86;16
0.001943;43.46;16
0.001943;43.09;16
0.001943;43.79;16
0.001943;43.66;16
0.001943;44.00;16
0.001943;43.92;16
0.001943;43.82;16
0.001943;42.93;16
0.001943;43.44;16
0.001943;43.79;16
0.001943;43.99;16
0.001943;44.05;16
0.001943;43.56;16
0.001943;43.73;16
0.001943;44.55;16
0.001943;44.44;16
0.001943;44.01;16
0.001943;44.11;16
0.001943;43.31;16
0.001943;43.10;16
0.001943;43.11;16
0.001943;43.88;16
0.001943;44.40;16
0.002044;43.13;17
0.002044;43.31;17
0.002044;42.86;17
0.002044;42.63;17
0.002044;44.02;17
0.002044;43.85;17
0.002044;43.92;17
0.002044;44.27;17
0.002044;44.39;17
0.002044;44.06;17
0.002044;44.01;17
0.002044;44.18;17
0.002044;43.65;17
0.002044;43.48;17
0.002044;43.43;17
0.002044;43.36;17
0.002044;43.96;17
0.002044;43.69;17
0.002044;43.93;17
0.002044;44.10;17
0.002044;43.96;17
0.002044;43.48;17
0.002044;43.69;17
0.002044;43.25;17
0.002044;44.44;17
0.002044;44.28;17
0.002044;43.43;17
0.002044;43.28;17
0.002044;44.06;17
0.002044;43.96;17
0.002044;43.34;17
0.002044;43.64;17
0.002044;43.64;17
0.002044;43.70;17
0.002044;43.78;17
0.002044;43.60;17
0.002044;43.40;17
0.002044;43.89;17
0.002044;44.37;17
0.002044;44.20;17
0.002044;44.36;17
0.002044;44.13;17
0.002044;43.55;17
0.002044;43.62;17
0.002044;43.88;17
0.002044;43.86;17
0.002044;43.58;17
0.002044;44.08;17
0.002044;43.87;17
0.002044;44.11;17
0.001939;43.50;17
0.001939;43.98;17
0.001939;44.09;17
0.001939;43.68;17
0.001939;43.99;17
0.001939;44.00;17
0.001939;43.83;17
0.001939;44.30;17
0.001939;43.97;17
0.001939;44.04;17
0.001939;44.25;17
0.001939;44.33;17
0.001939;44.12;17
0.001939;44.20;17
0.001939;44.23;17
0.001939;44.31;17
0.001939;44.02;17
0.001939;44.18;17
0.001939;44.20;17
0.001939;44.24;17
0.001939;44.21;17
0.001939;43.99;17
0.001939;43.99;17
0.001939;43.99;17
0.001939;44.23;17
0.001939;44.02;17
0.001939;44.46;17
0.001939;44.30;17
0.001939;44.24;17
0.001939;44.04;17
0.001939;43.85;17
0.001939;44.53;17
0.001939;44.45;17
0.001939;44.33;17
0.001939;44.15;17
0.001939;44.21;17
0.001939;44.17;17
0.001939;43.62;17
0.001939;44.00;17
0.001939;43.81;17
0.001939;43.57;17
0.001939;43.25;17
0.001939;43.54;17
0.001939;43.66;17
0.001939;43.73;17
0.001939;43.68;17
0.001939;43.67;17
0.001939;43.67;17
0.001939;43.93;17
0.001939;43.96;17
0.002039;43.39;18
0.002039;43.44;18
0.002039;43.48;18
0.002039;43.77;18
0.002038;44.12;18
0.002038;43.61;18
0.002038;43.82;18
0.002038;43.57;18
0.002038;43.38;18
0.002038;43.33;18
0.002038;43.65;18
0.002038;43.24;18
0.002038;43.30;18
0.002038;43.29;18
0.002038;43.64;18
0.002038;43.54;18
0.002038;43.86;18
0.002038;44.02;18
0.002038;43.48;18
0.002038;44.02;18
0.002038;43.89;18
0.002038;43.52;18
0.002038;43.04;18
0.002038;43.56;18
0.002038;43.24;18
0.002038;42.96;18
0.002038;43.14;18
0.002038;42.57;18
0.002038;42.56;18
0.002038;42.90;18
0.002038;42.70;18
0.002038;43.04;18
0.002038;43.93;18
0.002038;43.92;18
0.002038;43.14;18
0.002038;42.88;18
0.002038;42.73;18
0.002038;43.11;18
0.002038;43.82;18
0.002038;43.48;18
0.002038;43.38;18
0.002038;43.20;18
0.002038;43.60;18
0.002038;43.34;18
0.002038;43.22;18
0.002038;44.38;18
0.002038;43.92;18
0.002038;43.28;18
0.002038;43.32;18
0.002038;43.56;18
0.001944;42.88;18
0.001944;43.72;18
0.001944;43.63;18
0.001944;43.87;18
0.001944;43.42;18
0.001944;43.68;18
0.001944;42.92;18
0.001944;43.17;18
0.001944;43.11;18
0.001944;42.83;18
0.001944;43.10;18
0.001944;43.26;18
0.001944;43.80;18
0.001944;43.54;18
0.001944;43.89;18
0.001944;43.59;18
0.001944;43.78;18
0.001944;43.62;18
0.001944;43.78;18
0.001944;43.90;18
0.001944;44.02;18
0.001944;44.08;18
0.001944;44.22;18
0.001944;43.98;18
0.001944;43.99;18
0.001944;44.20;18
0.001944;44.27;18
0.001944;44.70;18
0.001944;44.22;18
0.001944;43.99;18
0.001944;44.09;18
0.001944;44.17;18
0.001944;44.08;18
0.001944;44.00;18
0.001944;43.85;18
0.001944;43.68;18
0.001944;43.89;18
0.001944;43.82;18
0.001944;43.66;18
0.001944;44.02;18
0.001944;43.21;18
0.001944;43.90;18
0.001944;44.18;18
0.001944;44.55;18
0.001944;43.50;18
0.001944;43.94;18
0.001944;43.42;18
0.001944;43.85;18
0.001944;43.70;18
0.001944;44.10;18
0.002049;42.86;19
0.002049;43.75;19
0.002049;43.97;19
0.002049;44.03;19
0.002049;44.21;19
0.002049;43.82;19
0.002049;44.10;19
0.002049;43.65;19
0.002049;43.95;19
0.002049;43.68;19
0.002049;42.91;19
0.002049;43.98;19
0.002049;44.44;19
0.002049;44.21;19
0.002049;43.76;19
0.002049;42.98;19
0.002049;42.77;19
0.002049;43.35;19
0.002049;43.33;19
0.002049;43.75;19
0.002049;43.35;19
0.002049;43.67;19
0.002049;43.59;19
0.002049;43.36;19
0.002049;43.54;19
0.002049;43.53;19
0.002049;42.76;19
0.002049;43.25;19
0.002049;43.49;19
0.002049;44.05;19
0.002049;43.55;19
0.002049;43.56;19
0.002049;43.72;19
0.002049;43.97;19
0.002049;43.62;19
0.002049;43.74;19
0.002049;44.14;19
0.002049;44.04;19
0.002049;43.99;19
0.002049;44.16;19
0.002049;43.46;19
0.002049;43.63;19
0.002049;44.21;19
0.002049;43.80;19
0.002049;44.74;19
0.002049;44.07;19
0.002049;43.99;19
0.002049;43.79;19
0.002049;43.29;19
0.002049;43.85;19
0.001943;43.10;19
0.001943;43.58;19
0.001943;43.16;19
0.001943;43.71;19
0.001943;43.96;19
0.001943;43.65;19
0.001943;43.54;19
0.001943;43.84;19
0.001943;44.01;19
0.001943;44.09;19
0.001943;44.01;19
0.001943;44.28;19
0.001943;43.35;19
0.001943;43.73;19
0.001943;44.36;19
0.001943;44.85;19
0.001943;45.03;19
0.001943;45.00;19
0.001943;44.94;19
0.001943;45.15;19
0.001943;44.92;19
0.001943;44.95;19
0.001943;44.96;19
0.001943;45.04;19
0.001943;44.98;19
0.001943;44.86;19
0.001943;45.47;19
0.001943;45.39;19
0.001943;44.90;19
0.001943;45.09;19
0.001943;45.08;19
0.001943;45.13;19
0.001943;44.95;19
0.001943;45.12;19
0.001943;44.84;19
0.001943;44.78;19
0.001943;44.47;19
0.001943;44.92;19
0.001943;46.07;19
0.001943;45.85;19
0.001943;45.39;19
0.001943;45.06;19
0.001943;45.62;19
0.001943;45.53;19
0.001943;45.67;19
0.001943;45.95;19
0.001943;45.43;19
0.001943;45.54;19
0.001943;45.45;19
0.001943;45.49;19
