loss;elapsed_time;iteration
0.001996;43.70;0
0.001993;39.72;0
0.001992;39.23;0
0.001992;43.37;0
0.001991;39.43;0
0.001990;39.36;0
0.001989;39.20;0
0.001987;39.46;0
0.001984;39.29;0
0.001976;39.33;0
0.001965;39.33;0
0.001957;39.26;0
0.001951;39.35;0
0.001946;39.31;0
0.001943;39.19;0
0.001941;39.50;0
0.001939;39.10;0
0.001937;39.16;0
0.001936;39.20;0
0.001935;39.05;0
0.001934;39.16;0
0.001933;39.21;0
0.001932;39.28;0
0.001931;39.17;0
0.001930;39.24;0
0.001930;39.21;0
0.001929;39.30;0
0.001928;38.37;0
0.001927;38.26;0
0.001927;38.24;0
0.001926;38.28;0
0.001926;38.26;0
0.001925;38.20;0
0.001924;38.27;0
0.001924;38.24;0
0.001923;38.27;0
0.001923;38.25;0
0.001922;38.28;0
0.001922;38.28;0
0.001922;38.27;0
0.001921;38.23;0
0.001921;38.25;0
0.001920;38.21;0
0.001920;38.27;0
0.001920;38.25;0
0.001919;38.22;0
0.001919;38.22;0
0.001919;38.25;0
0.001918;38.25;0
0.001918;38.27;0
0.001917;38.25;0
0.001917;38.27;0
0.001916;38.25;0
0.001915;38.25;0
0.001913;38.26;0
0.001910;38.20;0
0.001907;38.25;0
0.001903;38.30;0
0.001900;38.30;0
0.001897;38.22;0
0.001895;38.31;0
0.001894;38.30;0
0.001892;38.29;0
0.001891;38.30;0
0.001890;38.29;0
0.001888;38.32;0
0.001887;38.30;0
0.001887;38.34;0
0.001886;38.26;0
0.001885;38.27;0
0.001884;38.27;0
0.001884;38.33;0
0.001883;38.32;0
0.001883;38.30;0
0.001882;38.25;0
0.001882;38.24;0
0.001881;38.30;0
0.001881;38.30;0
0.001880;38.34;0
0.001880;38.28;0
0.001879;38.30;0
0.001879;38.28;0
0.001879;38.31;0
0.001878;38.25;0
0.001878;38.33;0
0.001878;38.29;0
0.001877;38.29;0
0.001877;38.34;0
0.001877;38.28;0
0.001876;39.13;0
0.001876;38.34;0
0.001876;38.33;0
0.001876;38.32;0
0.001876;38.31;0
0.001875;38.34;0
0.001875;38.30;0
0.001876;38.33;0
0.001875;38.30;0
0.001874;38.26;0
0.001874;38.31;0
0.001915;39.12;1
0.001914;38.36;1
0.001913;38.35;1
0.001912;38.31;1
0.001912;38.37;1
0.001912;38.33;1
0.001912;38.32;1
0.001911;38.31;1
0.001911;38.38;1
0.001911;38.33;1
0.001911;38.35;1
0.001911;38.35;1
0.001911;38.33;1
0.001911;38.31;1
0.001910;38.35;1
0.001910;38.32;1
0.001910;38.29;1
0.001910;41.00;1
0.001910;41.97;1
0.001910;43.02;1
0.001910;39.23;1
0.001910;39.24;1
0.001910;39.50;1
0.001910;39.26;1
0.001910;39.21;1
0.001910;39.27;1
0.001909;39.51;1
0.001909;39.27;1
0.001909;39.17;1
0.001909;39.26;1
0.001909;39.30;1
0.001908;39.29;1
0.001908;39.19;1
0.001908;39.28;1
0.001907;39.28;1
0.001907;39.15;1
0.001906;39.29;1
0.001906;39.24;1
0.001905;39.26;1
0.001904;39.27;1
0.001903;39.28;1
0.001902;39.32;1
0.001901;39.11;1
0.001901;38.30;1
0.001900;38.28;1
0.001899;38.29;1
0.001899;38.33;1
0.001898;38.29;1
0.001898;38.33;1
0.001897;38.30;1
0.001876;39.16;1
0.001876;38.30;1
0.001876;38.31;1
0.001876;38.27;1
0.001876;38.32;1
0.001875;38.35;1
0.001875;38.28;1
0.001875;38.26;1
0.001875;38.22;1
0.001875;38.29;1
0.001875;38.35;1
0.001874;38.38;1
0.001874;38.25;1
0.001874;38.31;1
0.001874;38.26;1
0.001874;38.33;1
0.001874;38.34;1
0.001874;38.31;1
0.001873;38.29;1
0.001873;38.26;1
0.001873;38.29;1
0.001873;38.28;1
0.001873;38.28;1
0.001873;38.30;1
0.001873;38.30;1
0.001873;38.29;1
0.001872;38.28;1
0.001872;38.31;1
0.001872;38.28;1
0.001872;38.28;1
0.001872;38.31;1
0.001872;38.28;1
0.001872;38.33;1
0.001872;38.32;1
0.001872;38.32;1
0.001872;38.33;1
0.001871;38.30;1
0.001871;38.28;1
0.001871;38.34;1
0.001871;38.27;1
0.001872;38.27;1
0.001871;38.26;1
0.001871;38.27;1
0.001872;38.34;1
0.001871;38.29;1
0.001871;38.25;1
0.001871;38.29;1
0.001871;38.25;1
0.001871;38.32;1
0.001871;38.31;1
0.001895;39.14;2
0.001895;38.36;2
0.001894;38.28;2
0.001894;38.31;2
0.001894;38.31;2
0.001894;38.35;2
0.001893;38.34;2
0.001893;38.33;2
0.001893;38.77;2
0.001893;38.31;2
0.001893;38.32;2
0.001892;38.34;2
0.001892;38.32;2
0.001892;38.32;2
0.001892;38.34;2
0.001892;38.33;2
0.001891;38.35;2
0.001891;38.43;2
0.001891;38.37;2
0.001891;38.32;2
0.001891;38.32;2
0.001890;38.32;2
0.001890;38.36;2
0.001890;38.30;2
0.001890;38.38;2
0.001890;38.35;2
0.001890;38.31;2
0.001889;38.37;2
0.001889;38.32;2
0.001889;38.32;2
0.001889;38.30;2
0.001889;38.35;2
0.001889;38.37;2
0.001888;38.34;2
0.001888;38.30;2
0.001888;38.33;2
0.001888;38.29;2
0.001888;38.37;2
0.001887;38.33;2
0.001887;38.34;2
0.001887;38.37;2
0.001887;38.36;2
0.001887;38.33;2
0.001887;38.31;2
0.001886;38.30;2
0.001886;38.28;2
0.001886;38.28;2
0.001886;38.28;2
0.001885;38.27;2
0.001885;38.30;2
0.001871;39.13;2
0.001871;38.31;2
0.001871;38.31;2
0.001871;38.30;2
0.001871;38.31;2
0.001871;38.34;2
0.001871;38.30;2
0.001871;38.33;2
0.001871;38.34;2
0.001870;38.35;2
0.001870;38.32;2
0.001870;38.31;2
0.001870;38.37;2
0.001870;38.37;2
0.001870;38.35;2
0.001870;38.35;2
0.001870;38.32;2
0.001870;38.34;2
0.001870;38.37;2
0.001870;38.37;2
0.001870;38.30;2
0.001870;38.34;2
0.001870;38.32;2
0.001870;38.38;2
0.001870;38.34;2
0.001870;38.34;2
0.001869;38.32;2
0.001870;38.31;2
0.001869;38.32;2
0.001869;38.35;2
0.001869;38.34;2
0.001870;38.29;2
0.001869;38.27;2
0.001869;38.29;2
0.001869;38.24;2
0.001869;38.24;2
0.001869;38.28;2
0.001869;38.25;2
0.001869;38.27;2
0.001869;38.28;2
0.001869;38.29;2
0.001869;38.28;2
0.001869;38.30;2
0.001869;38.29;2
0.001869;38.21;2
0.001869;38.27;2
0.001869;38.25;2
0.001869;38.28;2
0.001869;38.26;2
0.001868;38.27;2
0.001906;40.22;3
0.001905;40.88;3
0.001905;39.42;3
0.001904;39.62;3
0.001904;39.48;3
0.001904;39.30;3
0.001903;39.50;3
0.001903;39.36;3
0.001903;39.23;3
0.001903;39.21;3
0.001902;39.58;3
0.001902;39.16;3
0.001902;39.28;3
0.001902;39.29;3
0.001901;39.35;3
0.001901;39.59;3
0.001901;39.24;3
0.001900;39.26;3
0.001900;39.30;3
0.001900;39.38;3
0.001900;39.25;3
0.001900;39.12;3
0.001899;39.17;3
0.001899;39.21;3
0.001899;39.07;3
0.001899;38.23;3
0.001898;38.24;3
0.001898;38.29;3
0.001898;38.26;3
0.001898;38.28;3
0.001898;38.26;3
0.001897;38.32;3
0.001897;38.30;3
0.001897;38.28;3
0.001897;38.32;3
0.001897;38.26;3
0.001896;38.31;3
0.001896;38.26;3
0.001896;38.28;3
0.001896;38.24;3
0.001896;38.27;3
0.001895;38.32;3
0.001895;38.30;3
0.001895;38.24;3
0.001895;38.30;3
0.001895;38.35;3
0.001895;38.27;3
0.001894;38.25;3
0.001894;38.25;3
0.001894;38.27;3
0.001867;39.12;3
0.001866;38.38;3
0.001866;38.28;3
0.001866;38.29;3
0.001866;38.27;3
0.001866;38.31;3
0.001866;38.28;3
0.001866;38.32;3
0.001866;38.30;3
0.001866;38.26;3
0.001865;38.25;3
0.001865;38.28;3
0.001865;38.36;3
0.001865;38.21;3
0.001865;38.29;3
0.001865;38.30;3
0.001865;38.34;3
0.001865;38.30;3
0.001865;38.29;3
0.001867;38.27;3
0.001865;38.25;3
0.001865;38.30;3
0.001865;38.31;3
0.001865;38.30;3
0.001865;38.31;3
0.001865;38.30;3
0.001865;38.26;3
0.001864;38.28;3
0.001865;38.29;3
0.001864;38.34;3
0.001864;38.28;3
0.001864;38.32;3
0.001865;38.27;3
0.001864;38.32;3
0.001865;38.27;3
0.001864;38.28;3
0.001865;38.26;3
0.001864;38.25;3
0.001864;38.27;3
0.001865;38.28;3
0.001864;38.26;3
0.001864;38.28;3
0.001864;38.25;3
0.001864;39.31;3
0.001864;38.25;3
0.001864;38.24;3
0.001864;38.26;3
0.001864;38.25;3
0.001864;38.28;3
0.001864;38.25;3
0.001893;39.12;4
0.001893;38.32;4
0.001892;38.24;4
0.001892;38.27;4
0.001892;38.29;4
0.001892;38.28;4
0.001892;38.29;4
0.001892;38.30;4
0.001891;38.24;4
0.001891;38.26;4
0.001891;38.33;4
0.001891;38.28;4
0.001891;38.25;4
0.001891;38.28;4
0.001891;38.26;4
0.001891;38.31;4
0.001890;38.24;4
0.001890;38.26;4
0.001890;38.25;4
0.001890;38.29;4
0.001890;38.29;4
0.001890;38.33;4
0.001890;38.26;4
0.001890;38.33;4
0.001890;38.24;4
0.001890;38.26;4
0.001889;38.26;4
0.001889;38.29;4
0.001889;38.25;4
0.001889;38.24;4
0.001889;38.31;4
0.001889;38.24;4
0.001889;38.31;4
0.001889;38.29;4
0.001889;38.30;4
0.001889;38.29;4
0.001889;38.33;4
0.001889;38.28;4
0.001889;38.31;4
0.001889;38.31;4
0.001889;38.30;4
0.001889;38.29;4
0.001888;38.26;4
0.001888;38.27;4
0.001888;38.27;4
0.001888;38.31;4
0.001888;38.30;4
0.001888;38.25;4
0.001888;38.32;4
0.001888;38.26;4
0.001865;39.10;4
0.001865;38.28;4
0.001865;38.32;4
0.001865;38.26;4
0.001865;38.25;4
0.001865;38.30;4
0.001864;38.32;4
0.001864;38.30;4
0.001864;38.28;4
0.001864;38.27;4
0.001864;38.28;4
0.001864;38.29;4
0.001864;38.23;4
0.001864;38.29;4
0.001864;38.27;4
0.001864;38.29;4
0.001864;38.33;4
0.001864;38.25;4
0.001864;38.28;4
0.001864;38.27;4
0.001864;38.29;4
0.001864;38.28;4
0.001863;38.32;4
0.001863;38.26;4
0.001863;38.32;4
0.001863;38.25;4
0.001863;38.27;4
0.001863;38.29;4
0.001863;38.31;4
0.001863;38.26;4
0.001863;38.25;4
0.001863;38.30;4
0.001863;38.28;4
0.001863;38.29;4
0.001863;38.28;4
0.001863;39.30;4
0.001863;38.33;4
0.001863;38.30;4
0.001863;38.35;4
0.001863;38.35;4
0.001863;38.31;4
0.001863;38.36;4
0.001863;38.31;4
0.001863;38.28;4
0.001863;38.34;4
0.001863;38.31;4
0.001863;38.30;4
0.001863;38.34;4
0.001863;38.29;4
0.001863;38.28;4
0.001893;39.14;5
0.001893;38.28;5
0.001893;38.28;5
0.001893;38.27;5
0.001892;38.28;5
0.001892;38.31;5
0.001892;38.29;5
0.001892;38.28;5
0.001892;38.28;5
0.001892;38.27;5
0.001892;38.28;5
0.001892;38.25;5
0.001892;38.26;5
0.001892;38.26;5
0.001892;38.30;5
0.001892;38.27;5
0.001892;38.26;5
0.001892;38.24;5
0.001892;38.32;5
0.001891;38.28;5
0.001891;38.31;5
0.001891;38.32;5
0.001891;38.34;5
0.001891;38.26;5
0.001891;38.32;5
0.001891;38.32;5
0.001891;38.33;5
0.001891;38.32;5
0.001891;38.33;5
0.001891;38.35;5
0.001891;38.33;5
0.001891;38.36;5
0.001891;38.29;5
0.001891;38.35;5
0.001891;38.30;5
0.001891;38.34;5
0.001891;38.34;5
0.001891;38.31;5
0.001891;38.35;5
0.001890;38.34;5
0.001890;38.32;5
0.001890;38.36;5
0.001890;38.32;5
0.001890;38.36;5
0.001890;38.27;5
0.001890;38.33;5
0.001890;38.34;5
0.001890;38.33;5
0.001890;38.35;5
0.001890;38.32;5
0.001867;39.05;5
0.001867;38.29;5
0.001867;38.30;5
0.001867;38.29;5
0.001867;38.25;5
0.001867;38.26;5
0.001867;38.32;5
0.001867;38.28;5
0.001867;38.26;5
0.001866;38.39;5
0.001866;38.31;5
0.001866;38.29;5
0.001866;38.30;5
0.001866;38.29;5
0.001866;38.35;5
0.001866;38.31;5
0.001866;38.36;5
0.001866;38.32;5
0.001866;38.35;5
0.001866;38.38;5
0.001866;38.32;5
0.001866;38.31;5
0.001866;38.32;5
0.001866;38.31;5
0.001866;38.32;5
0.001866;38.29;5
0.001866;38.31;5
0.001866;39.32;5
0.001865;38.32;5
0.001865;38.36;5
0.001865;38.28;5
0.001865;38.31;5
0.001865;38.35;5
0.001865;38.29;5
0.001865;38.35;5
0.001865;38.36;5
0.001865;38.35;5
0.001865;38.30;5
0.001865;38.34;5
0.001865;38.34;5
0.001865;38.37;5
0.001865;38.34;5
0.001865;38.38;5
0.001865;38.35;5
0.001865;38.30;5
0.001865;38.30;5
0.001865;38.36;5
0.001865;38.33;5
0.001865;38.29;5
0.001865;38.31;5
0.001898;39.11;6
0.001898;38.30;6
0.001898;38.32;6
0.001898;38.30;6
0.001898;38.32;6
0.001898;38.37;6
0.001897;38.32;6
0.001897;38.33;6
0.001897;38.31;6
0.001897;38.39;6
0.001897;38.28;6
0.001897;38.31;6
0.001897;38.31;6
0.001897;38.28;6
0.001897;38.34;6
0.001897;38.32;6
0.001897;38.34;6
0.001897;38.29;6
0.001897;38.31;6
0.001897;38.39;6
0.001897;38.30;6
0.001897;38.37;6
0.001897;38.33;6
0.001897;38.33;6
0.001897;38.36;6
0.001897;38.28;6
0.001897;38.32;6
0.001897;38.33;6
0.001896;38.31;6
0.001896;38.34;6
0.001896;38.37;6
0.001896;38.30;6
0.001896;38.32;6
0.001896;38.33;6
0.001896;38.31;6
0.001896;38.33;6
0.001896;38.34;6
0.001896;38.33;6
0.001896;38.35;6
0.001896;38.38;6
0.001896;38.27;6
0.001896;38.37;6
0.001896;38.35;6
0.001896;38.34;6
0.001896;38.36;6
0.001896;38.30;6
0.001896;38.35;6
0.001896;38.31;6
0.001896;38.29;6
0.001896;38.30;6
0.001863;39.09;6
0.001863;38.34;6
0.001863;38.31;6
0.001863;38.33;6
0.001863;38.32;6
0.001863;38.32;6
0.001863;38.36;6
0.001863;38.35;6
0.001863;38.35;6
0.001862;38.29;6
0.001862;38.33;6
0.001862;38.36;6
0.001862;38.38;6
0.001862;38.34;6
0.001862;38.30;6
0.001862;38.32;6
0.001862;38.42;6
0.001862;38.33;6
0.001862;38.66;6
0.001862;38.33;6
0.001862;38.37;6
0.001862;38.37;6
0.001862;38.35;6
0.001862;38.35;6
0.001862;38.35;6
0.001862;38.32;6
0.001862;38.33;6
0.001862;38.34;6
0.001862;38.35;6
0.001862;38.29;6
0.001862;38.31;6
0.001861;38.35;6
0.001862;38.32;6
0.001862;38.28;6
0.001861;38.28;6
0.001861;38.31;6
0.001862;38.34;6
0.001861;38.36;6
0.001861;38.32;6
0.001861;38.40;6
0.001861;38.34;6
0.001861;38.28;6
0.001861;38.36;6
0.001861;38.27;6
0.001861;38.29;6
0.001861;38.37;6
0.001861;38.34;6
0.001861;38.31;6
0.001861;38.31;6
0.001861;38.36;6
0.001889;39.07;7
0.001889;38.34;7
0.001889;38.29;7
0.001889;38.34;7
0.001889;38.35;7
0.001889;38.32;7
0.001888;38.37;7
0.001888;38.35;7
0.001888;38.33;7
0.001888;38.32;7
0.001888;38.31;7
0.001888;38.34;7
0.001888;38.28;7
0.001888;38.36;7
0.001888;38.34;7
0.001888;38.33;7
0.001888;38.30;7
0.001888;38.35;7
0.001888;38.34;7
0.001888;38.34;7
0.001888;38.35;7
0.001888;38.34;7
0.001888;38.34;7
0.001888;38.34;7
0.001888;38.29;7
0.001887;38.33;7
0.001888;38.38;7
0.001887;38.33;7
0.001887;38.31;7
0.001887;38.32;7
0.001887;38.35;7
0.001887;38.35;7
0.001887;38.37;7
0.001887;38.33;7
0.001887;38.34;7
0.001887;38.34;7
0.001887;38.32;7
0.001887;38.39;7
0.001887;38.31;7
0.001887;38.33;7
0.001887;38.33;7
0.001887;38.36;7
0.001887;38.34;7
0.001887;38.40;7
0.001887;38.27;7
0.001887;38.31;7
0.001887;38.24;7
0.001887;38.33;7
0.001887;38.26;7
0.001887;38.29;7
0.001866;39.15;7
0.001866;38.35;7
0.001866;38.35;7
0.001866;38.37;7
0.001866;38.31;7
0.001866;38.33;7
0.001865;38.35;7
0.001865;38.34;7
0.001865;38.38;7
0.001865;38.39;7
0.001865;38.67;7
0.001865;38.34;7
0.001865;38.32;7
0.001865;38.31;7
0.001865;38.30;7
0.001865;38.35;7
0.001865;38.33;7
0.001865;38.33;7
0.001865;38.38;7
0.001865;38.40;7
0.001865;38.31;7
0.001865;38.30;7
0.001865;38.32;7
0.001865;38.34;7
0.001865;38.36;7
0.001864;38.30;7
0.001864;38.37;7
0.001864;38.37;7
0.001864;38.32;7
0.001864;38.32;7
0.001864;38.26;7
0.001864;38.32;7
0.001864;38.31;7
0.001864;38.31;7
0.001864;38.30;7
0.001864;38.27;7
0.001864;38.29;7
0.001864;38.27;7
0.001864;38.28;7
0.001864;38.31;7
0.001864;38.24;7
0.001864;38.30;7
0.001864;38.31;7
0.001864;38.25;7
0.001864;38.27;7
0.001864;38.25;7
0.001864;38.26;7
0.001864;38.29;7
0.001864;38.28;7
0.001864;38.26;7
0.001904;39.11;8
0.001903;38.31;8
0.001903;38.35;8
0.001903;38.35;8
0.001903;38.31;8
0.001902;38.34;8
0.001902;38.35;8
0.001902;38.33;8
0.001902;38.33;8
0.001902;38.31;8
0.001902;38.35;8
0.001902;38.35;8
0.001902;38.33;8
0.001902;38.32;8
0.001902;38.32;8
0.001902;38.35;8
0.001902;38.36;8
0.001902;38.26;8
0.001902;38.30;8
0.001902;38.26;8
0.001902;38.33;8
0.001902;38.32;8
0.001902;38.26;8
0.001902;38.28;8
0.001902;38.25;8
0.001902;38.30;8
0.001902;38.33;8
0.001902;38.27;8
0.001902;38.24;8
0.001902;38.27;8
0.001902;38.26;8
0.001902;38.30;8
0.001901;38.28;8
0.001901;38.25;8
0.001901;38.31;8
0.001901;38.25;8
0.001901;38.26;8
0.001901;38.27;8
0.001901;38.27;8
0.001901;38.28;8
0.001901;38.29;8
0.001901;38.27;8
0.001901;38.25;8
0.001901;38.28;8
0.001901;38.27;8
0.001901;38.31;8
0.001901;38.35;8
0.001901;38.29;8
0.001901;38.26;8
0.001901;38.28;8
0.001867;39.13;8
0.001867;38.37;8
0.001867;38.61;8
0.001867;38.28;8
0.001867;38.25;8
0.001867;38.33;8
0.001867;38.25;8
0.001867;38.31;8
0.001867;38.30;8
0.001867;38.31;8
0.001866;38.27;8
0.001866;38.27;8
0.001867;38.29;8
0.001866;38.28;8
0.001866;38.28;8
0.001866;38.32;8
0.001866;38.30;8
0.001866;38.28;8
0.001866;38.32;8
0.001866;38.32;8
0.001866;38.26;8
0.001866;38.23;8
0.001866;38.25;8
0.001866;38.28;8
0.001866;38.24;8
0.001866;38.29;8
0.001866;38.25;8
0.001866;38.35;8
0.001866;38.29;8
0.001866;38.24;8
0.001866;38.30;8
0.001866;38.24;8
0.001866;38.32;8
0.001865;38.31;8
0.001866;38.28;8
0.001865;38.25;8
0.001865;38.28;8
0.001865;38.31;8
0.001866;38.27;8
0.001866;38.27;8
0.001865;38.28;8
0.001865;38.29;8
0.001866;38.31;8
0.001865;38.29;8
0.001866;38.31;8
0.001865;38.26;8
0.001865;38.28;8
0.001865;38.28;8
0.001865;38.34;8
0.001865;38.28;8
0.001905;39.11;9
0.001904;38.27;9
0.001904;38.28;9
0.001904;38.29;9
0.001903;38.27;9
0.001904;38.26;9
0.001904;38.31;9
0.001903;38.29;9
0.001903;38.27;9
0.001903;38.30;9
0.001903;38.26;9
0.001904;38.31;9
0.001903;38.31;9
0.001903;38.32;9
0.001903;38.27;9
0.001903;38.28;9
0.001903;38.28;9
0.001903;38.26;9
0.001903;38.27;9
0.001903;38.30;9
0.001903;38.27;9
0.001903;38.28;9
0.001903;38.27;9
0.001903;38.25;9
0.001903;38.31;9
0.001903;38.28;9
0.001903;38.28;9
0.001903;38.28;9
0.001903;38.28;9
0.001903;38.30;9
0.001903;38.28;9
0.001903;38.30;9
0.001903;38.27;9
0.001903;38.30;9
0.001903;38.29;9
0.001903;38.31;9
0.001903;38.26;9
0.001903;38.29;9
0.001903;38.27;9
0.001903;38.26;9
0.001903;38.28;9
0.001903;38.29;9
0.001903;38.25;9
0.001903;38.31;9
0.001903;39.41;9
0.001903;38.29;9
0.001903;38.20;9
0.001903;38.35;9
0.001903;38.31;9
0.001903;38.27;9
0.001870;39.13;9
0.001870;38.23;9
0.001870;38.27;9
0.001870;38.32;9
0.001870;38.33;9
0.001870;38.28;9
0.001870;38.31;9
0.001869;38.26;9
0.001869;38.26;9
0.001870;38.24;9
0.001870;38.29;9
0.001870;38.27;9
0.001869;38.25;9
0.001870;38.25;9
0.001869;38.29;9
0.001869;38.26;9
0.001869;38.26;9
0.001869;38.30;9
0.001869;38.31;9
0.001869;38.29;9
0.001869;38.29;9
0.001869;38.26;9
0.001869;38.27;9
0.001869;38.24;9
0.001869;38.27;9
0.001869;38.29;9
0.001869;38.24;9
0.001869;38.30;9
0.001869;38.27;9
0.001869;38.26;9
0.001869;38.24;9
0.001869;38.29;9
0.001869;38.26;9
0.001869;38.26;9
0.001869;38.33;9
0.001868;38.25;9
0.001868;38.26;9
0.001868;38.24;9
0.001869;38.25;9
0.001868;38.26;9
0.001868;38.29;9
0.001869;38.25;9
0.001868;38.28;9
0.001868;38.23;9
0.001868;38.32;9
0.001868;38.30;9
0.001868;38.38;9
0.001868;38.28;9
0.001868;38.31;9
0.001868;38.37;9
0.001914;39.17;10
0.001915;38.27;10
0.001914;38.28;10
0.001913;38.21;10
0.001913;38.22;10
0.001913;38.28;10
0.001913;38.26;10
0.001913;38.31;10
0.001913;38.22;10
0.001913;38.29;10
0.001913;38.30;10
0.001913;38.32;10
0.001913;38.22;10
0.001913;38.28;10
0.001913;38.28;10
0.001913;38.29;10
0.001913;38.24;10
0.001913;38.30;10
0.001913;38.28;10
0.001913;38.29;10
0.001913;38.24;10
0.001913;38.26;10
0.001913;38.27;10
0.001913;38.30;10
0.001913;38.27;10
0.001913;38.29;10
0.001913;38.23;10
0.001913;38.28;10
0.001913;38.24;10
0.001913;38.24;10
0.001913;38.25;10
0.001913;38.29;10
0.001913;38.31;10
0.001913;38.35;10
0.001913;38.31;10
0.001913;38.38;10
0.001913;39.28;10
0.001913;38.34;10
0.001913;38.34;10
0.001913;38.27;10
0.001913;38.31;10
0.001913;38.30;10
0.001913;38.35;10
0.001913;38.29;10
0.001913;38.33;10
0.001913;38.36;10
0.001913;38.36;10
0.001912;38.35;10
0.001912;38.30;10
0.001913;38.33;10
0.001873;39.08;10
0.001873;38.24;10
0.001873;38.31;10
0.001873;38.28;10
0.001873;38.25;10
0.001873;38.28;10
0.001873;38.29;10
0.001873;38.28;10
0.001873;38.26;10
0.001873;38.28;10
0.001873;38.30;10
0.001873;38.24;10
0.001873;38.26;10
0.001872;38.29;10
0.001872;38.29;10
0.001872;38.25;10
0.001872;38.32;10
0.001872;38.28;10
0.001872;38.32;10
0.001872;38.29;10
0.001872;38.31;10
0.001872;38.27;10
0.001872;38.38;10
0.001872;38.31;10
0.001872;38.33;10
0.001872;38.32;10
0.001872;38.28;10
0.001872;38.34;10
0.001872;38.30;10
0.001872;38.38;10
0.001872;38.41;10
0.001872;38.41;10
0.001872;38.35;10
0.001872;38.32;10
0.001872;38.30;10
0.001872;38.34;10
0.001872;38.33;10
0.001872;38.38;10
0.001872;38.34;10
0.001872;38.33;10
0.001872;38.34;10
0.001872;38.31;10
0.001872;38.34;10
0.001872;38.34;10
0.001872;38.36;10
0.001872;38.34;10
0.001872;38.32;10
0.001872;38.32;10
0.001872;38.31;10
0.001872;38.32;10
0.001910;39.01;11
0.001910;38.30;11
0.001910;38.29;11
0.001910;38.27;11
0.001909;38.28;11
0.001909;38.32;11
0.001909;38.26;11
0.001909;38.33;11
0.001909;38.32;11
0.001909;38.32;11
0.001910;38.28;11
0.001909;38.37;11
0.001909;38.32;11
0.001909;38.34;11
0.001909;38.31;11
0.001909;38.33;11
0.001909;38.35;11
0.001909;38.33;11
0.001909;38.37;11
0.001909;38.33;11
0.001909;38.32;11
0.001909;38.30;11
0.001909;38.31;11
0.001909;38.33;11
0.001909;38.34;11
0.001909;38.31;11
0.001909;38.32;11
0.001909;38.36;11
0.001909;39.13;11
0.001909;38.33;11
0.001909;38.35;11
0.001909;38.32;11
0.001909;38.29;11
0.001909;38.37;11
0.001909;38.30;11
0.001909;38.33;11
0.001909;38.37;11
0.001909;38.33;11
0.001909;38.31;11
0.001909;38.33;11
0.001909;38.36;11
0.001909;38.33;11
0.001909;38.38;11
0.001908;38.33;11
0.001908;38.32;11
0.001908;38.30;11
0.001908;38.35;11
0.001908;38.36;11
0.001908;38.35;11
0.001908;38.35;11
0.001878;39.13;11
0.001877;38.30;11
0.001877;38.37;11
0.001877;38.39;11
0.001877;38.34;11
0.001877;38.35;11
0.001877;38.30;11
0.001877;38.32;11
0.001877;38.30;11
0.001877;38.32;11
0.001877;38.34;11
0.001877;38.33;11
0.001877;38.33;11
0.001877;38.33;11
0.001877;38.32;11
0.001877;38.34;11
0.001877;38.33;11
0.001877;38.36;11
0.001877;38.33;11
0.001877;38.32;11
0.001876;38.32;11
0.001876;38.33;11
0.001876;38.34;11
0.001876;38.32;11
0.001876;38.52;11
0.001876;38.32;11
0.001876;38.35;11
0.001876;38.33;11
0.001876;38.35;11
0.001876;38.34;11
0.001876;38.33;11
0.001876;38.31;11
0.001876;38.32;11
0.001876;38.31;11
0.001876;38.32;11
0.001876;38.35;11
0.001876;38.36;11
0.001876;38.35;11
0.001876;38.31;11
0.001876;38.34;11
0.001876;38.37;11
0.001876;38.32;11
0.001876;38.36;11
0.001876;38.32;11
0.001876;38.32;11
0.001876;38.31;11
0.001876;38.38;11
0.001876;38.32;11
0.001876;38.36;11
0.001876;38.35;11
0.001917;39.10;12
0.001917;38.37;12
0.001917;38.29;12
0.001916;38.33;12
0.001917;38.30;12
0.001916;38.34;12
0.001916;38.35;12
0.001916;38.34;12
0.001916;38.34;12
0.001916;38.33;12
0.001916;38.37;12
0.001917;38.37;12
0.001916;38.27;12
0.001916;38.32;12
0.001916;38.34;12
0.001916;38.30;12
0.001916;38.32;12
0.001916;38.35;12
0.001916;38.28;12
0.001916;39.25;12
0.001916;38.33;12
0.001916;38.33;12
0.001916;38.30;12
0.001916;38.33;12
0.001916;38.39;12
0.001916;38.34;12
0.001916;38.35;12
0.001916;38.34;12
0.001916;38.34;12
0.001916;38.33;12
0.001916;38.33;12
0.001916;38.34;12
0.001916;38.38;12
0.001916;38.32;12
0.001916;38.34;12
0.001916;38.39;12
0.001916;38.30;12
0.001916;38.28;12
0.001916;38.32;12
0.001916;38.25;12
0.001916;38.25;12
0.001916;38.28;12
0.001915;38.25;12
0.001915;38.26;12
0.001915;38.30;12
0.001915;38.28;12
0.001915;38.28;12
0.001915;38.28;12
0.001915;38.29;12
0.001915;38.25;12
0.001873;39.13;12
0.001873;38.31;12
0.001873;38.35;12
0.001873;38.35;12
0.001873;38.31;12
0.001873;38.32;12
0.001873;38.34;12
0.001873;38.32;12
0.001873;38.34;12
0.001873;38.32;12
0.001873;38.29;12
0.001873;38.34;12
0.001873;38.34;12
0.001872;38.33;12
0.001872;38.33;12
0.001872;38.33;12
0.001872;38.33;12
0.001872;38.30;12
0.001872;38.38;12
0.001872;38.33;12
0.001872;38.37;12
0.001872;38.34;12
0.001872;38.34;12
0.001872;38.29;12
0.001872;38.30;12
0.001872;38.22;12
0.001872;38.24;12
0.001872;38.27;12
0.001872;38.27;12
0.001872;38.25;12
0.001872;38.27;12
0.001872;38.29;12
0.001872;38.25;12
0.001872;38.29;12
0.001872;38.30;12
0.001872;38.22;12
0.001872;38.27;12
0.001872;38.25;12
0.001872;38.25;12
0.001872;38.24;12
0.001872;38.28;12
0.001872;38.25;12
0.001872;38.29;12
0.001872;38.25;12
0.001872;38.27;12
0.001872;38.29;12
0.001872;38.28;12
0.001872;38.26;12
0.001872;38.28;12
0.001872;38.28;12
0.001920;39.14;13
0.001919;38.31;13
0.001918;38.31;13
0.001918;38.34;13
0.001918;38.27;13
0.001918;38.34;13
0.001917;38.38;13
0.001917;38.35;13
0.001917;38.30;13
0.001917;38.30;13
0.001917;38.26;13
0.001918;39.19;13
0.001917;38.30;13
0.001918;38.30;13
0.001918;38.28;13
0.001917;38.28;13
0.001917;38.29;13
0.001917;38.24;13
0.001917;38.29;13
0.001917;38.27;13
0.001917;38.29;13
0.001917;38.28;13
0.001917;38.23;13
0.001917;38.26;13
0.001917;38.25;13
0.001917;38.26;13
0.001917;38.24;13
0.001917;38.27;13
0.001917;38.26;13
0.001917;38.33;13
0.001917;38.33;13
0.001917;38.28;13
0.001917;38.24;13
0.001917;38.30;13
0.001917;38.29;13
0.001917;38.25;13
0.001917;38.25;13
0.001917;38.32;13
0.001917;38.28;13
0.001917;38.29;13
0.001917;38.27;13
0.001917;38.30;13
0.001917;38.24;13
0.001917;38.29;13
0.001917;38.30;13
0.001917;38.30;13
0.001917;38.30;13
0.001917;38.25;13
0.001917;38.28;13
0.001917;38.26;13
0.001871;39.16;13
0.001871;38.28;13
0.001871;38.23;13
0.001871;38.27;13
0.001871;38.29;13
0.001871;38.35;13
0.001871;38.30;13
0.001871;38.32;13
0.001871;38.28;13
0.001871;38.31;13
0.001871;38.26;13
0.001871;38.27;13
0.001870;38.27;13
0.001870;38.25;13
0.001870;38.24;13
0.001870;38.29;13
0.001870;38.26;13
0.001870;38.26;13
0.001870;38.26;13
0.001870;38.28;13
0.001870;38.32;13
0.001870;38.34;13
0.001870;38.28;13
0.001870;38.27;13
0.001870;38.27;13
0.001870;38.31;13
0.001870;38.28;13
0.001870;38.26;13
0.001870;38.31;13
0.001870;38.29;13
0.001870;38.26;13
0.001870;38.27;13
0.001870;38.27;13
0.001870;38.30;13
0.001870;38.30;13
0.001870;38.31;13
0.001870;38.30;13
0.001870;38.26;13
0.001870;38.28;13
0.001870;38.23;13
0.001870;38.32;13
0.001870;38.26;13
0.001870;38.29;13
0.001870;38.30;13
0.001870;38.27;13
0.001870;38.28;13
0.001870;38.28;13
0.001870;38.28;13
0.001870;38.25;13
0.001870;38.27;13
0.001917;39.15;14
0.001917;38.28;14
0.001917;38.28;14
0.001916;39.16;14
0.001916;38.26;14
0.001916;38.28;14
0.001916;38.31;14
0.001916;38.30;14
0.001916;38.30;14
0.001916;38.30;14
0.001916;38.28;14
0.001916;38.29;14
0.001916;38.35;14
0.001916;38.29;14
0.001916;41.76;14
0.001916;39.39;14
0.001916;39.18;14
0.001916;39.19;14
0.001916;39.51;14
0.001916;39.18;14
0.001916;39.26;14
0.001916;39.22;14
0.001916;39.17;14
0.001916;39.21;14
0.001916;39.29;14
0.001916;39.27;14
0.001916;39.27;14
0.001916;39.29;14
0.001916;39.24;14
0.001916;39.32;14
0.001916;39.23;14
0.001916;39.21;14
0.001916;39.18;14
0.001916;39.20;14
0.001916;39.23;14
0.001916;39.25;14
0.001916;39.25;14
0.001916;38.88;14
0.001915;38.21;14
0.001916;38.28;14
0.001915;38.29;14
0.001915;38.29;14
0.001915;38.26;14
0.001915;38.27;14
0.001915;38.28;14
0.001915;38.25;14
0.001915;38.31;14
0.001915;38.29;14
0.001915;38.26;14
0.001915;38.33;14
0.001873;39.14;14
0.001873;38.30;14
0.001873;38.29;14
0.001873;38.33;14
0.001873;38.26;14
0.001873;38.26;14
0.001873;38.29;14
0.001873;38.31;14
0.001873;38.24;14
0.001873;38.26;14
0.001873;38.28;14
0.001873;38.30;14
0.001873;38.29;14
0.001873;38.27;14
0.001873;38.28;14
0.001872;38.28;14
0.001872;38.29;14
0.001872;38.27;14
0.001872;38.30;14
0.001872;38.22;14
0.001872;38.30;14
0.001872;38.31;14
0.001872;38.27;14
0.001872;38.24;14
0.001872;38.24;14
0.001872;38.29;14
0.001872;38.34;14
0.001872;38.33;14
0.001872;38.33;14
0.001872;38.29;14
0.001872;38.31;14
0.001872;38.32;14
0.001872;38.34;14
0.001872;38.39;14
0.001872;38.33;14
0.001872;38.31;14
0.001872;38.34;14
0.001872;38.33;14
0.001872;38.30;14
0.001872;38.34;14
0.001872;38.33;14
0.001872;38.29;14
0.001872;38.31;14
0.001872;38.32;14
0.001872;38.32;14
0.001872;38.33;14
0.001872;38.36;14
0.001872;38.35;14
0.001872;38.37;14
0.001872;38.31;14
0.001924;39.09;15
0.001923;38.26;15
0.001923;38.29;15
0.001923;38.27;15
0.001923;38.29;15
0.001923;39.09;15
0.001923;38.25;15
0.001923;38.27;15
0.001923;38.27;15
0.001923;38.29;15
0.001923;38.25;15
0.001922;38.31;15
0.001922;38.26;15
0.001922;38.36;15
0.001922;38.34;15
0.001922;38.33;15
0.001922;38.29;15
0.001923;38.29;15
0.001922;38.31;15
0.001922;38.36;15
0.001922;38.36;15
0.001922;38.33;15
0.001922;38.29;15
0.001922;38.34;15
0.001922;38.34;15
0.001922;38.37;15
0.001922;38.35;15
0.001922;38.32;15
0.001922;38.31;15
0.001922;38.33;15
0.001922;38.36;15
0.001922;38.29;15
0.001922;38.31;15
0.001922;38.32;15
0.001922;38.38;15
0.001922;38.37;15
0.001922;38.31;15
0.001922;38.38;15
0.001922;38.33;15
0.001922;38.37;15
0.001922;38.31;15
0.001922;38.56;15
0.001922;38.36;15
0.001922;38.36;15
0.001922;38.32;15
0.001921;38.34;15
0.001922;38.25;15
0.001922;38.34;15
0.001922;38.32;15
0.001922;38.32;15
0.001874;39.09;15
0.001874;38.35;15
0.001874;38.30;15
0.001873;38.27;15
0.001873;38.35;15
0.001873;38.32;15
0.001873;38.30;15
0.001873;38.34;15
0.001873;38.35;15
0.001873;38.30;15
0.001873;38.29;15
0.001873;38.35;15
0.001873;38.30;15
0.001873;38.34;15
0.001873;38.33;15
0.001873;38.35;15
0.001873;38.33;15
0.001873;38.33;15
0.001873;38.31;15
0.001873;38.34;15
0.001873;38.34;15
0.001873;38.36;15
0.001873;38.32;15
0.001873;38.35;15
0.001873;38.35;15
0.001873;38.28;15
0.001873;38.36;15
0.001873;38.35;15
0.001873;38.28;15
0.001873;38.27;15
0.001873;38.30;15
0.001873;38.29;15
0.001873;38.33;15
0.001873;38.35;15
0.001873;38.32;15
0.001873;38.36;15
0.001873;38.30;15
0.001873;38.33;15
0.001873;38.31;15
0.001872;38.33;15
0.001872;38.33;15
0.001872;38.35;15
0.001872;38.34;15
0.001872;38.37;15
0.001872;38.33;15
0.001873;38.32;15
0.001872;38.30;15
0.001872;38.65;15
0.001872;39.02;15
0.001872;38.34;15
0.001930;39.09;16
0.001930;38.30;16
0.001930;38.35;16
0.001930;38.33;16
0.001930;38.35;16
0.001930;38.36;16
0.001930;38.30;16
0.001930;38.32;16
0.001930;38.29;16
0.001930;38.29;16
0.001930;38.35;16
0.001930;38.32;16
0.001930;38.30;16
0.001930;38.36;16
0.001929;38.37;16
0.001929;38.34;16
0.001929;38.35;16
0.001929;38.36;16
0.001929;38.30;16
0.001929;38.36;16
0.001929;38.35;16
0.001929;38.35;16
0.001929;38.35;16
0.001929;38.29;16
0.001929;38.35;16
0.001929;38.32;16
0.001929;38.34;16
0.001929;39.45;16
0.001929;38.49;16
0.001929;38.49;16
0.001929;38.37;16
0.001929;38.32;16
0.001929;38.33;16
0.001929;38.32;16
0.001929;38.35;16
0.001929;38.30;16
0.001929;38.32;16
0.001929;38.34;16
0.001929;38.34;16
0.001929;38.34;16
0.001929;38.34;16
0.001929;38.32;16
0.001929;38.35;16
0.001929;38.35;16
0.001929;38.36;16
0.001929;38.34;16
0.001929;38.35;16
0.001929;38.34;16
0.001929;38.31;16
0.001929;38.35;16
0.001880;39.12;16
0.001880;38.28;16
0.001880;38.35;16
0.001880;38.37;16
0.001880;38.33;16
0.001880;38.31;16
0.001880;38.35;16
0.001880;38.37;16
0.001879;38.35;16
0.001880;38.37;16
0.001880;38.31;16
0.001880;38.34;16
0.001879;38.36;16
0.001880;38.34;16
0.001879;38.33;16
0.001879;38.42;16
0.001879;38.33;16
0.001879;38.34;16
0.001879;38.34;16
0.001879;38.32;16
0.001880;38.38;16
0.001879;38.40;16
0.001879;38.33;16
0.001879;38.33;16
0.001880;38.36;16
0.001879;38.37;16
0.001879;38.29;16
0.001879;38.40;16
0.001879;38.34;16
0.001878;38.33;16
0.001878;38.36;16
0.001878;38.30;16
0.001879;38.33;16
0.001879;38.30;16
0.001879;38.36;16
0.001879;38.33;16
0.001879;38.37;16
0.001878;38.38;16
0.001878;38.30;16
0.001878;39.17;16
0.001878;38.33;16
0.001878;38.30;16
0.001879;38.37;16
0.001878;38.32;16
0.001878;38.42;16
0.001878;38.28;16
0.001878;38.30;16
0.001878;38.28;16
0.001878;38.29;16
0.001878;38.29;16
0.001932;39.07;17
0.001931;38.28;17
0.001931;38.38;17
0.001931;38.34;17
0.001930;38.32;17
0.001930;38.32;17
0.001930;38.32;17
0.001930;38.35;17
0.001930;38.31;17
0.001930;38.34;17
0.001930;38.35;17
0.001930;38.30;17
0.001930;38.34;17
0.001930;38.33;17
0.001930;38.35;17
0.001930;38.32;17
0.001930;38.39;17
0.001930;38.31;17
0.001930;38.31;17
0.001930;38.39;17
0.001930;38.29;17
0.001930;38.31;17
0.001930;38.35;17
0.001930;38.30;17
0.001929;38.32;17
0.001930;38.34;17
0.001929;38.31;17
0.001930;38.35;17
0.001930;38.34;17
0.001929;38.39;17
0.001930;38.31;17
0.001930;38.37;17
0.001930;38.33;17
0.001930;38.27;17
0.001930;38.30;17
0.001929;38.26;17
0.001929;38.30;17
0.001929;38.27;17
0.001929;38.31;17
0.001929;38.26;17
0.001929;38.29;17
0.001929;38.27;17
0.001929;38.33;17
0.001929;38.30;17
0.001929;38.32;17
0.001929;38.26;17
0.001929;38.32;17
0.001929;38.21;17
0.001929;38.35;17
0.001929;38.23;17
0.001882;39.11;17
0.001882;38.33;17
0.001882;38.32;17
0.001882;38.34;17
0.001882;38.36;17
0.001882;38.30;17
0.001882;38.30;17
0.001882;38.33;17
0.001882;38.37;17
0.001882;38.35;17
0.001882;38.37;17
0.001882;38.35;17
0.001881;38.36;17
0.001882;38.36;17
0.001882;38.34;17
0.001882;38.27;17
0.001881;38.34;17
0.001882;38.33;17
0.001881;38.26;17
0.001881;38.29;17
0.001881;38.27;17
0.001881;38.35;17
0.001881;38.30;17
0.001881;38.27;17
0.001882;38.30;17
0.001881;38.27;17
0.001881;38.28;17
0.001881;38.33;17
0.001881;38.27;17
0.001881;38.29;17
0.001881;38.27;17
0.001881;39.11;17
0.001881;38.27;17
0.001881;38.28;17
0.001881;38.33;17
0.001881;38.31;17
0.001881;38.30;17
0.001881;38.29;17
0.001881;38.26;17
0.001881;38.28;17
0.001881;38.26;17
0.001881;38.26;17
0.001881;38.28;17
0.001881;38.27;17
0.001881;38.23;17
0.001881;38.22;17
0.001881;38.24;17
0.001881;38.35;17
0.001881;38.29;17
0.001881;38.23;17
0.001937;39.07;18
0.001937;38.34;18
0.001937;38.32;18
0.001937;38.33;18
0.001937;38.25;18
0.001937;38.26;18
0.001937;38.27;18
0.001937;38.28;18
0.001937;38.28;18
0.001937;38.32;18
0.001937;38.26;18
0.001937;38.31;18
0.001937;38.29;18
0.001937;38.26;18
0.001937;38.28;18
0.001937;38.30;18
0.001937;38.30;18
0.001937;38.30;18
0.001937;38.24;18
0.001937;38.26;18
0.001936;38.29;18
0.001936;38.31;18
0.001937;38.26;18
0.001936;38.26;18
0.001936;38.23;18
0.001936;38.30;18
0.001936;38.31;18
0.001936;38.27;18
0.001936;38.27;18
0.001936;38.28;18
0.001936;38.30;18
0.001936;38.27;18
0.001936;38.26;18
0.001936;38.32;18
0.001936;38.30;18
0.001936;38.31;18
0.001936;38.25;18
0.001936;38.25;18
0.001936;38.28;18
0.001936;38.30;18
0.001936;38.32;18
0.001936;38.27;18
0.001936;38.32;18
0.001936;38.23;18
0.001936;38.26;18
0.001936;38.23;18
0.001936;38.30;18
0.001936;38.28;18
0.001936;38.23;18
0.001936;38.21;18
0.001883;39.08;18
0.001882;38.30;18
0.001882;38.32;18
0.001882;38.23;18
0.001882;38.33;18
0.001882;38.23;18
0.001882;38.31;18
0.001882;38.25;18
0.001882;38.26;18
0.001882;38.30;18
0.001882;38.27;18
0.001882;38.26;18
0.001882;38.31;18
0.001882;38.28;18
0.001882;38.32;18
0.001882;38.25;18
0.001882;38.29;18
0.001882;38.29;18
0.001882;38.23;18
0.001881;38.29;18
0.001881;38.31;18
0.001881;38.30;18
0.001881;38.28;18
0.001881;39.05;18
0.001881;38.28;18
0.001881;38.30;18
0.001882;38.27;18
0.001881;38.29;18
0.001881;38.28;18
0.001881;38.28;18
0.001881;38.28;18
0.001881;38.53;18
0.001881;38.25;18
0.001881;38.28;18
0.001881;38.32;18
0.001881;38.28;18
0.001881;38.26;18
0.001881;38.24;18
0.001881;38.32;18
0.001881;38.26;18
0.001881;38.34;18
0.001881;38.26;18
0.001881;38.27;18
0.001881;38.27;18
0.001881;38.29;18
0.001881;38.33;18
0.001881;38.21;18
0.001881;38.25;18
0.001881;38.31;18
0.001881;38.29;18
0.001941;39.09;19
0.001941;38.27;19
0.001940;38.27;19
0.001940;38.25;19
0.001940;38.26;19
0.001941;38.29;19
0.001940;38.25;19
0.001940;38.28;19
0.001940;38.29;19
0.001940;38.32;19
0.001940;38.30;19
0.001940;38.25;19
0.001940;38.25;19
0.001940;38.29;19
0.001940;38.30;19
0.001940;38.31;19
0.001940;38.26;19
0.001940;38.28;19
0.001940;38.32;19
0.001940;38.26;19
0.001940;38.28;19
0.001940;38.27;19
0.001940;38.25;19
0.001940;38.27;19
0.001940;38.31;19
0.001940;38.28;19
0.001940;38.25;19
0.001940;38.31;19
0.001940;38.28;19
0.001940;38.24;19
0.001939;38.32;19
0.001940;38.25;19
0.001940;38.31;19
0.001939;38.23;19
0.001939;38.34;19
0.001939;38.32;19
0.001940;38.26;19
0.001939;38.26;19
0.001940;38.28;19
0.001940;38.24;19
0.001940;38.31;19
0.001939;38.31;19
0.001939;38.28;19
0.001939;38.30;19
0.001939;38.29;19
0.001939;38.26;19
0.001939;38.28;19
0.001939;38.29;19
0.001939;38.34;19
0.001939;38.29;19
0.001891;39.15;19
0.001891;38.27;19
0.001891;38.27;19
0.001890;38.28;19
0.001890;38.29;19
0.001890;38.28;19
0.001890;38.33;19
0.001890;38.25;19
0.001890;38.32;19
0.001890;38.27;19
0.001890;38.29;19
0.001890;38.30;19
0.001890;38.28;19
0.001890;38.24;19
0.001890;38.28;19
0.001890;39.13;19
0.001889;38.29;19
0.001889;38.32;19
0.001889;38.28;19
0.001889;38.30;19
0.001889;38.30;19
0.001890;38.32;19
0.001889;38.26;19
0.001889;38.30;19
0.001889;38.27;19
0.001889;38.31;19
0.001889;38.24;19
0.001889;38.27;19
0.001889;38.22;19
0.001889;38.26;19
0.001889;38.24;19
0.001889;38.30;19
0.001889;38.26;19
0.001889;38.32;19
0.001889;38.34;19
0.001889;38.34;19
0.001889;38.34;19
0.001889;38.30;19
0.001889;38.32;19
0.001889;38.34;19
0.001889;38.32;19
0.001889;38.32;19
0.001889;38.32;19
0.001889;38.39;19
0.001889;38.38;19
0.001889;38.30;19
0.001889;38.35;19
0.001889;38.34;19
0.001889;38.35;19
0.001889;38.34;19
