loss;elapsed_time;iteration
0.113457;29.53;0
0.109508;29.20;0
0.105734;29.13;0
0.102092;28.97;0
0.098588;29.86;0
0.095266;28.99;0
0.092124;28.96;0
0.089108;29.50;0
0.086199;29.32;0
0.083341;29.37;0
0.080514;28.39;0
0.077751;28.66;0
0.075101;28.41;0
0.072582;28.32;0
0.070258;27.97;0
0.068171;27.86;0
0.066269;27.80;0
0.064515;28.68;0
0.062878;28.14;0
0.061337;28.27;0
0.059883;28.73;0
0.058506;28.67;0
0.057192;28.57;0
0.055924;28.37;0
0.054686;28.29;0
0.053468;28.01;0
0.052264;28.10;0
0.051068;29.14;0
0.049881;28.64;0
0.048703;28.73;0
0.047532;28.64;0
0.046370;28.77;0
0.045218;29.15;0
0.044076;28.32;0
0.042945;28.05;0
0.041826;28.11;0
0.040719;28.78;0
0.039625;28.52;0
0.038545;28.93;0
0.037478;28.39;0
0.036427;28.52;0
0.035392;28.73;0
0.034374;28.42;0
0.033374;27.84;0
0.032392;28.60;0
0.031429;28.38;0
0.030485;28.84;0
0.029562;28.27;0
0.028658;28.54;0
0.027775;28.62;0
0.026913;27.80;0
0.026071;27.79;0
0.025249;28.26;0
0.024447;28.15;0
0.023665;28.23;0
0.022903;28.15;0
0.022161;28.26;0
0.021439;28.17;0
0.020737;28.29;0
0.020054;27.97;0
0.019391;27.76;0
0.018747;27.81;0
0.018121;27.74;0
0.017514;27.74;0
0.016925;27.87;0
0.016354;27.75;0
0.015801;27.64;0
0.015265;27.57;0
0.014746;27.63;0
0.014243;28.33;0
0.013758;28.25;0
0.013288;28.23;0
0.012833;28.39;0
0.012394;28.31;0
0.011970;28.23;0
0.011561;28.19;0
0.011165;28.40;0
0.010783;28.21;0
0.010414;28.21;0
0.010058;28.23;0
0.009714;28.15;0
0.009383;28.32;0
0.009063;28.21;0
0.008756;28.12;0
0.008460;28.26;0
0.008175;28.24;0
0.007901;28.26;0
0.007638;28.18;0
0.007386;28.01;0
0.007143;27.67;0
0.006911;28.81;0
0.006688;28.91;0
0.006474;28.82;0
0.006269;28.27;0
0.006072;28.19;0
0.005883;28.22;0
0.005701;28.08;0
0.005526;28.26;0
0.005358;28.37;0
0.005197;28.43;0
0.087767;27.95;1
0.086521;28.06;1
0.085236;28.02;1
0.083881;28.20;1
0.082475;28.10;1
0.081038;28.17;1
0.079574;27.65;1
0.078044;27.74;1
0.076447;27.59;1
0.074828;27.61;1
0.073153;27.61;1
0.071297;27.66;1
0.069381;27.59;1
0.067546;27.65;1
0.065787;27.57;1
0.064096;27.64;1
0.062456;27.61;1
0.060857;27.68;1
0.059297;27.56;1
0.057771;27.79;1
0.056278;27.69;1
0.054818;27.91;1
0.053389;27.78;1
0.051989;28.39;1
0.050618;28.34;1
0.049276;28.35;1
0.047961;28.44;1
0.046671;28.24;1
0.045408;28.38;1
0.044171;28.01;1
0.042960;28.70;1
0.041773;27.74;1
0.040611;28.24;1
0.039474;27.51;1
0.038361;27.64;1
0.037273;27.75;1
0.036209;27.57;1
0.035169;27.16;1
0.034152;27.08;1
0.033160;27.04;1
0.032191;27.11;1
0.031245;27.07;1
0.030323;27.07;1
0.029423;26.96;1
0.028547;27.18;1
0.027692;27.06;1
0.026861;27.19;1
0.026051;27.18;1
0.025263;27.20;1
0.024496;27.29;1
0.021845;27.39;1
0.020570;27.25;1
0.019566;27.38;1
0.018696;27.39;1
0.017909;27.93;1
0.017179;28.17;1
0.016491;27.97;1
0.015836;28.06;1
0.015208;28.08;1
0.014596;28.09;1
0.013962;27.99;1
0.013363;28.01;1
0.012786;27.87;1
0.012231;27.53;1
0.011696;27.82;1
0.011183;28.17;1
0.010691;28.09;1
0.010220;27.56;1
0.009770;27.56;1
0.009340;27.75;1
0.008930;28.11;1
0.008538;27.39;1
0.008163;27.31;1
0.007805;27.71;1
0.007463;28.08;1
0.007135;28.15;1
0.006822;28.06;1
0.006523;28.17;1
0.006238;28.05;1
0.005966;28.05;1
0.005707;28.03;1
0.005460;28.08;1
0.005226;28.06;1
0.005004;28.06;1
0.004794;28.14;1
0.004594;28.20;1
0.004406;28.03;1
0.004228;28.16;1
0.004061;28.02;1
0.003902;28.13;1
0.003753;28.16;1
0.003612;27.93;1
0.003479;27.71;1
0.003354;27.64;1
0.003235;27.52;1
0.003124;27.96;1
0.003019;27.96;1
0.002920;28.03;1
0.002829;28.00;1
0.002743;27.92;1
0.002695;27.38;2
0.002670;27.64;2
0.002646;27.90;2
0.002622;27.94;2
0.002596;27.92;2
0.002570;27.95;2
0.002543;27.87;2
0.002516;27.86;2
0.002488;27.91;2
0.002460;27.73;2
0.002431;27.66;2
0.002403;27.47;2
0.002375;27.50;2
0.002348;27.59;2
0.002321;28.14;2
0.002295;27.90;2
0.002270;28.11;2
0.002246;27.92;2
0.002223;28.01;2
0.002202;28.29;2
0.002181;28.00;2
0.002163;28.18;2
0.002145;28.08;2
0.002129;28.04;2
0.002115;28.03;2
0.002101;28.10;2
0.002089;28.04;2
0.002078;27.91;2
0.002069;27.93;2
0.002060;28.01;2
0.002052;28.14;2
0.002045;27.99;2
0.002039;28.13;2
0.002034;27.71;2
0.002029;27.51;2
0.002025;27.44;2
0.002021;27.50;2
0.002018;27.64;2
0.002015;27.45;2
0.002013;27.50;2
0.002011;27.46;2
0.002009;27.55;2
0.002008;27.50;2
0.002006;27.45;2
0.002006;27.55;2
0.002005;27.48;2
0.002004;27.39;2
0.002004;27.53;2
0.002004;27.69;2
0.002004;28.05;2
0.002012;27.87;2
0.002012;28.02;2
0.002012;28.06;2
0.002012;28.35;2
0.002011;28.13;2
0.002011;28.21;2
0.002011;27.55;2
0.002011;28.00;2
0.002011;27.69;2
0.002011;28.06;2
0.002011;26.99;2
0.002011;28.11;2
0.002011;26.99;2
0.002011;27.53;2
0.002011;27.37;2
0.002011;27.27;2
0.002011;27.71;2
0.002011;27.02;2
0.002011;27.10;2
0.002011;27.05;2
0.002011;27.13;2
0.002011;27.16;2
0.002011;27.35;2
0.002011;27.20;2
0.002011;27.28;2
0.002011;27.36;2
0.002011;27.77;2
0.002011;27.65;2
0.002011;27.58;2
0.002011;27.71;2
0.002011;27.65;2
0.002011;27.66;2
0.002011;27.69;2
0.002011;27.67;2
0.002011;27.65;2
0.002011;27.71;2
0.002011;27.96;2
0.002011;28.01;2
0.002011;27.98;2
0.002011;28.00;2
0.002011;27.92;2
0.002011;28.14;2
0.002011;27.89;2
0.002011;28.05;2
0.002011;28.16;2
0.002011;28.00;2
0.002011;27.69;2
0.002011;27.62;2
0.002011;27.65;2
0.002011;27.46;2
0.002005;27.20;3
0.002004;27.11;3
0.002004;26.97;3
0.002004;27.06;3
0.002004;26.96;3
0.002004;27.76;3
0.002004;26.94;3
0.002004;27.77;3
0.002004;26.97;3
0.002004;27.73;3
0.002004;27.09;3
0.002004;27.80;3
0.002004;27.04;3
0.002004;27.18;3
0.002004;27.61;3
0.002004;27.22;3
0.002004;27.22;3
0.002004;27.10;3
0.002004;27.11;3
0.002004;27.16;3
0.002004;27.11;3
0.002004;27.13;3
0.002004;27.05;3
0.002004;27.24;3
0.002004;27.04;3
0.002004;27.05;3
0.002004;27.05;3
0.002004;26.95;3
0.002004;27.09;3
0.002004;27.21;3
0.002004;27.13;3
0.002004;27.24;3
0.002004;27.07;3
0.002004;27.12;3
0.002004;27.14;3
0.002004;27.20;3
0.002004;27.12;3
0.002004;27.19;3
0.002004;27.19;3
0.002004;27.16;3
0.002004;27.20;3
0.002004;27.15;3
0.002004;26.95;3
0.002004;26.91;3
0.002004;27.10;3
0.002004;27.08;3
0.002004;26.98;3
0.002004;27.01;3
0.002004;26.84;3
0.002004;27.88;3
0.002009;28.17;3
0.002009;28.10;3
0.002009;26.99;3
0.002009;27.10;3
0.002009;26.93;3
0.002009;27.07;3
0.002009;26.95;3
0.002009;27.05;3
0.002009;27.29;3
0.002009;27.10;3
0.002009;27.16;3
0.002009;27.17;3
0.002009;27.11;3
0.002009;27.08;3
0.002009;27.16;3
0.002009;27.15;3
0.002009;27.17;3
0.002009;27.78;3
0.002009;28.01;3
0.002009;27.98;3
0.002009;27.97;3
0.002009;28.22;3
0.002009;28.04;3
0.002009;27.89;3
0.002009;27.61;3
0.002009;27.97;3
0.002009;28.08;3
0.002009;28.02;3
0.002009;28.20;3
0.002009;28.13;3
0.002009;27.95;3
0.002009;28.12;3
0.002009;28.03;3
0.002009;28.42;3
0.002009;28.39;3
0.002009;28.25;3
0.002009;28.40;3
0.002009;28.18;3
0.002009;28.10;3
0.002009;27.49;3
0.002009;28.03;3
0.002009;27.59;3
0.002009;28.20;3
0.002009;27.51;3
0.002009;27.97;3
0.002009;28.03;3
0.002009;28.16;3
0.002009;28.22;3
0.002009;27.70;3
0.002009;27.35;3
0.002001;27.01;4
0.002001;27.30;4
0.002001;27.42;4
0.002001;27.27;4
0.002001;27.54;4
0.002001;27.34;4
0.002001;26.95;4
0.002001;27.36;4
0.002001;27.45;4
0.002001;27.33;4
0.002001;27.35;4
0.002001;27.25;4
0.002001;27.54;4
0.002001;27.59;4
0.002001;27.61;4
0.002001;26.95;4
0.002001;27.11;4
0.002001;27.54;4
0.002001;27.53;4
0.002001;27.40;4
0.002001;27.01;4
0.002001;27.09;4
0.002001;27.04;4
0.002001;27.34;4
0.002001;27.00;4
0.002001;27.03;4
0.002001;27.01;4
0.002001;27.02;4
0.002001;27.06;4
0.002001;26.90;4
0.002001;26.93;4
0.002001;27.09;4
0.002001;27.08;4
0.002001;27.21;4
0.002001;27.13;4
0.002001;27.22;4
0.002001;27.11;4
0.002001;26.98;4
0.002001;27.04;4
0.002001;27.06;4
0.002001;26.95;4
0.002001;27.15;4
0.002001;27.13;4
0.002001;27.12;4
0.002001;27.07;4
0.002001;27.03;4
0.002001;27.17;4
0.002001;27.07;4
0.002001;27.17;4
0.002001;26.94;4
0.002009;27.11;4
0.002009;28.69;4
0.002009;28.71;4
0.002009;28.38;4
0.002009;28.56;4
0.002009;29.92;4
0.002009;29.48;4
0.002009;29.53;4
0.002009;28.80;4
0.002009;29.62;4
0.002009;28.67;4
0.002009;29.97;4
0.002009;28.02;4
0.002009;28.60;4
0.002009;28.26;4
0.002009;28.40;4
0.002009;27.91;4
0.002009;27.93;4
0.002009;28.09;4
0.002009;28.18;4
0.002009;28.17;4
0.002009;28.16;4
0.002009;27.74;4
0.002009;27.58;4
0.002009;28.26;4
0.002009;27.87;4
0.002009;27.77;4
0.002009;27.59;4
0.002009;27.65;4
0.002009;27.63;4
0.002009;27.91;4
0.002009;27.68;4
0.002009;27.56;4
0.002009;27.75;4
0.002009;27.64;4
0.002009;27.88;4
0.002009;27.64;4
0.002009;27.45;4
0.002009;27.59;4
0.002009;27.75;4
0.002009;27.87;4
0.002009;27.51;4
0.002009;27.51;4
0.002009;27.59;4
0.002009;27.80;4
0.002009;27.53;4
0.002009;27.42;4
0.002009;28.18;4
0.002009;28.05;4
0.002009;28.36;4
0.001996;28.00;5
0.001996;28.40;5
0.001996;28.47;5
0.001996;28.44;5
0.001996;27.70;5
0.001996;27.84;5
0.001996;27.86;5
0.001996;27.55;5
0.001996;27.29;5
0.001996;27.29;5
0.001996;27.32;5
0.001996;27.28;5
0.001996;27.46;5
0.001996;28.03;5
0.001996;27.30;5
0.001996;27.90;5
0.001996;27.33;5
0.001996;27.59;5
0.001996;27.58;5
0.001996;27.31;5
0.001996;28.07;5
0.001996;27.25;5
0.001996;28.25;5
0.001996;27.35;5
0.001996;27.43;5
0.001996;27.36;5
0.001996;27.90;5
0.001996;27.70;5
0.001996;27.85;5
0.001996;27.39;5
0.001996;27.44;5
0.001996;29.02;5
0.001996;28.41;5
0.001996;27.59;5
0.001996;27.76;5
0.001996;27.86;5
0.001996;27.57;5
0.001996;28.04;5
0.001996;27.48;5
0.001996;28.25;5
0.001996;27.49;5
0.001996;28.46;5
0.001996;27.54;5
0.001996;28.23;5
0.001996;27.28;5
0.001996;27.48;5
0.001996;27.28;5
0.001996;27.22;5
0.001996;28.09;5
0.001996;28.13;5
0.002007;27.32;5
0.002007;27.13;5
0.002007;27.31;5
0.002007;27.52;5
0.002007;27.06;5
0.002007;26.93;5
0.002007;26.97;5
0.002007;26.81;5
0.002007;26.85;5
0.002007;27.13;5
0.002007;27.35;5
0.002007;27.07;5
0.002007;27.22;5
0.002007;27.39;5
0.002007;26.97;5
0.002007;27.41;5
0.002007;27.39;5
0.002007;27.34;5
0.002007;27.30;5
0.002007;27.37;5
0.002007;27.34;5
0.002007;27.19;5
0.002007;27.16;5
0.002007;27.24;5
0.002007;27.46;5
0.002007;27.29;5
0.002007;27.32;5
0.002007;27.59;5
0.002007;27.07;5
0.002007;26.96;5
0.002007;27.19;5
0.002007;27.74;5
0.002007;28.44;5
0.002007;27.40;5
0.002007;27.59;5
0.002007;27.31;5
0.002007;27.51;5
0.002007;27.33;5
0.002007;27.46;5
0.002007;27.59;5
0.002007;27.59;5
0.002007;28.49;5
0.002007;28.23;5
0.002007;27.79;5
0.002007;28.34;5
0.002007;28.56;5
0.002007;28.00;5
0.002007;27.24;5
0.002007;28.09;5
0.002007;32.89;5
0.002002;28.17;6
0.002002;27.95;6
0.002002;27.91;6
0.002002;29.16;6
0.002002;28.98;6
0.002002;28.06;6
0.002002;28.57;6
0.002002;28.26;6
0.002002;29.36;6
0.002002;28.87;6
0.002002;29.70;6
0.002002;29.18;6
0.002002;28.51;6
0.002002;27.47;6
0.002002;28.42;6
0.002002;27.96;6
0.002002;28.50;6
0.002002;27.71;6
0.002002;28.42;6
0.002002;27.37;6
0.002002;27.67;6
0.002002;27.91;6
0.002002;27.51;6
0.002002;27.29;6
0.002002;27.51;6
0.002002;27.43;6
0.002002;27.27;6
0.002002;27.01;6
0.002002;27.39;6
0.002002;27.49;6
0.002002;27.85;6
0.002002;27.37;6
0.002002;27.32;6
0.002002;27.60;6
0.002002;27.38;6
0.002002;27.57;6
0.002002;27.36;6
0.002002;27.40;6
0.002002;27.44;6
0.002002;27.29;6
0.002002;27.49;6
0.002002;27.77;6
0.002001;27.27;6
0.002001;27.94;6
0.002001;27.08;6
0.002001;28.03;6
0.002001;27.27;6
0.002001;28.71;6
0.002001;27.66;6
0.002001;28.12;6
0.002007;27.06;6
0.002007;27.54;6
0.002007;27.22;6
0.002007;27.18;6
0.002007;27.05;6
0.002007;27.20;6
0.002007;27.09;6
0.002007;27.15;6
0.002007;27.23;6
0.002007;27.12;6
0.002007;27.22;6
0.002007;27.12;6
0.002007;27.13;6
0.002007;27.07;6
0.002007;27.03;6
0.002007;27.35;6
0.002007;27.01;6
0.002007;27.05;6
0.002007;27.18;6
0.002007;27.15;6
0.002007;27.66;6
0.002007;27.16;6
0.002007;26.96;6
0.002007;27.05;6
0.002007;27.05;6
0.002007;27.03;6
0.002007;27.15;6
0.002007;27.06;6
0.002007;27.19;6
0.002007;27.04;6
0.002007;27.05;6
0.002007;27.18;6
0.002007;26.92;6
0.002007;27.02;6
0.002007;26.97;6
0.002007;27.11;6
0.002007;27.05;6
0.002007;26.89;6
0.002007;27.02;6
0.002007;27.04;6
0.002007;27.08;6
0.002007;27.05;6
0.002007;27.03;6
0.002007;26.95;6
0.002007;27.16;6
0.002007;27.40;6
0.002007;27.19;6
0.002007;27.04;6
0.002007;27.84;6
0.002007;27.83;6
0.002002;27.89;7
0.002002;28.33;7
0.002002;29.61;7
0.002002;27.64;7
0.002002;28.71;7
0.002002;27.68;7
0.002002;28.16;7
0.002002;27.85;7
0.002002;27.59;7
0.002002;28.38;7
0.002002;27.19;7
0.002002;28.09;7
0.002002;27.62;7
0.002002;27.27;7
0.002002;27.20;7
0.002002;27.48;7
0.002002;27.71;7
0.002002;27.46;7
0.002002;27.40;7
0.002002;27.43;7
0.002002;28.03;7
0.002002;27.95;7
0.002002;27.57;7
0.002002;27.38;7
0.002002;27.90;7
0.002002;27.68;7
0.002002;28.13;7
0.002002;27.61;7
0.002002;27.34;7
0.002002;27.24;7
0.002002;27.12;7
0.002002;27.14;7
0.002002;27.21;7
0.002002;27.26;7
0.002002;27.20;7
0.002002;27.26;7
0.002002;27.38;7
0.002002;27.66;7
0.002002;27.35;7
0.002002;27.42;7
0.002002;27.33;7
0.002002;27.86;7
0.002002;27.97;7
0.002002;29.64;7
0.002002;28.27;7
0.002002;27.81;7
0.002002;28.13;7
0.002002;27.77;7
0.002002;28.55;7
0.002002;28.40;7
0.002001;28.26;7
0.002001;28.43;7
0.002001;28.44;7
0.002001;28.34;7
0.002001;27.79;7
0.002001;28.25;7
0.002001;27.67;7
0.002001;27.46;7
0.002001;27.70;7
0.002001;27.58;7
0.002001;27.76;7
0.002001;28.05;7
0.002001;27.94;7
0.002001;27.83;7
0.002001;27.77;7
0.002001;27.34;7
0.002001;27.39;7
0.002001;27.55;7
0.002001;27.35;7
0.002001;27.52;7
0.002001;27.72;7
0.002001;28.06;7
0.002001;27.72;7
0.002001;27.79;7
0.002001;27.23;7
0.002001;28.23;7
0.002001;27.84;7
0.002001;27.50;7
0.002001;27.71;7
0.002001;27.21;7
0.002001;27.93;7
0.002001;27.16;7
0.002001;27.92;7
0.002001;27.44;7
0.002001;27.38;7
0.002001;27.51;7
0.002001;27.48;7
0.002001;27.40;7
0.002001;27.13;7
0.002001;27.27;7
0.002001;27.82;7
0.002001;27.46;7
0.002001;27.20;7
0.002001;27.27;7
0.002001;27.16;7
0.002001;27.47;7
0.002001;27.19;7
0.002001;27.49;7
0.002001;27.24;7
0.002001;27.21;7
0.001996;27.07;8
0.001996;27.19;8
0.001996;27.01;8
0.001996;27.06;8
0.001996;27.21;8
0.001996;27.28;8
0.001996;27.10;8
0.001996;27.07;8
0.001996;27.49;8
0.001996;29.99;8
0.001996;27.90;8
0.001996;27.81;8
0.001996;27.55;8
0.001996;27.09;8
0.001996;28.03;8
0.001996;27.26;8
0.001996;27.95;8
0.001996;27.12;8
0.001996;27.97;8
0.001996;27.19;8
0.001996;28.13;8
0.001996;27.30;8
0.001996;27.22;8
0.001996;27.10;8
0.001996;27.29;8
0.001996;27.98;8
0.001996;27.75;8
0.001996;28.31;8
0.001996;27.82;8
0.001996;27.16;8
0.001996;27.12;8
0.001996;27.16;8
0.001996;27.09;8
0.001996;27.16;8
0.001996;27.35;8
0.001996;27.22;8
0.001996;27.07;8
0.001996;27.19;8
0.001996;27.14;8
0.001996;27.28;8
0.001996;28.25;8
0.001996;29.71;8
0.001996;28.79;8
0.001996;28.76;8
0.001996;29.21;8
0.001996;29.17;8
0.001996;28.89;8
0.001996;29.68;8
0.001996;28.80;8
0.001996;29.36;8
0.002000;28.35;8
0.002000;28.43;8
0.002000;28.39;8
0.002000;28.20;8
0.002000;28.22;8
0.002000;28.22;8
0.002000;28.28;8
0.002000;28.19;8
0.002000;28.33;8
0.002000;28.31;8
0.002000;28.23;8
0.002000;28.22;8
0.002000;28.60;8
0.002000;28.40;8
0.002000;28.32;8
0.002000;28.17;8
0.002000;28.34;8
0.002000;28.18;8
0.002000;28.30;8
0.002000;28.30;8
0.002000;28.26;8
0.002000;28.43;8
0.002000;28.57;8
0.002000;28.55;8
0.002000;28.38;8
0.002000;28.42;8
0.002000;28.47;8
0.002000;28.41;8
0.002000;28.31;8
0.002000;28.38;8
0.002000;28.34;8
0.002000;28.49;8
0.002000;28.25;8
0.002000;27.72;8
0.002000;27.57;8
0.002000;27.48;8
0.002000;27.47;8
0.002000;27.56;8
0.002000;27.56;8
0.002000;27.63;8
0.002000;27.52;8
0.002000;27.48;8
0.002000;27.51;8
0.002000;27.54;8
0.002000;27.56;8
0.002000;27.52;8
0.002000;27.61;8
0.002000;27.42;8
0.002000;27.66;8
0.002000;27.46;8
0.002003;27.83;9
0.002003;27.82;9
0.002003;28.28;9
0.002003;27.94;9
0.002003;28.20;9
0.002003;28.15;9
0.002003;27.84;9
0.002003;28.08;9
0.002003;27.61;9
0.002003;28.20;9
0.002003;27.65;9
0.002003;28.45;9
0.002003;27.69;9
0.002003;27.53;9
0.002003;27.62;9
0.002003;27.77;9
0.002003;27.57;9
0.002003;27.49;9
0.002003;27.49;9
0.002003;27.50;9
0.002003;27.63;9
0.002003;27.54;9
0.002003;27.67;9
0.002003;27.66;9
0.002003;27.57;9
0.002003;27.56;9
0.002003;27.59;9
0.002003;27.45;9
0.002003;27.55;9
0.002003;27.49;9
0.002003;27.54;9
0.002003;27.49;9
0.002003;27.60;9
0.002003;27.45;9
0.002003;27.51;9
0.002003;27.42;9
0.002003;27.68;9
0.002003;27.48;9
0.002003;27.78;9
0.002003;27.64;9
0.002003;27.46;9
0.002003;27.57;9
0.002003;27.52;9
0.002003;27.57;9
0.002003;27.34;9
0.002003;27.52;9
0.002003;27.54;9
0.002003;27.53;9
0.002003;28.22;9
0.002003;28.07;9
0.001998;27.58;9
0.001998;27.48;9
0.001998;27.47;9
0.001998;27.44;9
0.001998;27.53;9
0.001998;27.62;9
0.001998;27.77;9
0.001998;27.50;9
0.001998;27.72;9
0.001998;27.68;9
0.001998;27.54;9
0.001998;27.36;9
0.001998;27.58;9
0.001998;27.60;9
0.001998;27.65;9
0.001998;27.56;9
0.001998;27.59;9
0.001998;27.55;9
0.001998;27.62;9
0.001998;27.38;9
0.001998;27.39;9
0.001998;27.35;9
0.001998;27.57;9
0.001998;27.46;9
0.001998;27.44;9
0.001998;27.43;9
0.001998;27.41;9
0.001998;27.62;9
0.001998;27.25;9
0.001998;27.48;9
0.001998;27.46;9
0.001998;27.38;9
0.001998;27.43;9
0.001998;27.48;9
0.001998;27.54;9
0.001998;27.61;9
0.001998;27.44;9
0.001998;27.41;9
0.001998;27.52;9
0.001998;27.38;9
0.001998;27.45;9
0.001998;27.52;9
0.001998;27.53;9
0.001998;27.54;9
0.001998;27.47;9
0.001998;27.56;9
0.001998;27.47;9
0.001998;27.40;9
0.001998;27.54;9
0.001998;27.44;9
0.002000;27.56;10
0.002000;27.52;10
0.002000;27.68;10
0.002000;27.45;10
0.002000;27.55;10
0.002000;27.53;10
0.002000;27.43;10
0.002000;27.51;10
0.002000;27.47;10
0.002000;27.52;10
0.002000;27.44;10
0.002000;27.48;10
0.002000;27.58;10
0.002000;27.37;10
0.002000;27.50;10
0.002000;27.47;10
0.002000;27.66;10
0.002000;27.54;10
0.002000;27.50;10
0.002000;27.44;10
0.002000;27.46;10
0.002000;27.72;10
0.002000;27.51;10
0.002000;27.57;10
0.002000;27.66;10
0.002000;27.58;10
0.002000;27.41;10
0.002000;27.53;10
0.002000;27.67;10
0.002000;27.52;10
0.002000;27.59;10
0.002000;27.57;10
0.002000;27.66;10
0.002000;27.68;10
0.002000;27.29;10
0.002000;28.03;10
0.002000;27.47;10
0.002000;28.69;10
0.002000;27.56;10
0.002000;28.17;10
0.002000;27.52;10
0.002000;28.07;10
0.002000;27.58;10
0.002000;27.43;10
0.002000;27.44;10
0.002000;27.46;10
0.002000;27.46;10
0.002000;27.50;10
0.002000;27.69;10
0.002000;27.56;10
0.002000;27.57;10
0.002000;27.47;10
0.002000;27.41;10
0.002000;27.51;10
0.002000;27.55;10
0.002000;27.62;10
0.002000;27.64;10
0.002000;27.50;10
0.002000;27.50;10
0.002000;27.51;10
0.002000;27.52;10
0.002000;27.43;10
0.002000;27.84;10
0.002000;27.53;10
0.002000;27.45;10
0.002000;27.57;10
0.002000;27.48;10
0.002000;27.57;10
0.002000;27.58;10
0.002000;27.71;10
0.002000;27.60;10
0.002000;27.51;10
0.002000;27.71;10
0.002000;27.72;10
0.002000;27.51;10
0.002000;27.49;10
0.002000;27.55;10
0.002000;27.52;10
0.002000;27.55;10
0.002000;27.55;10
0.002000;28.21;10
0.002000;27.49;10
0.002000;27.52;10
0.002000;27.41;10
0.002000;27.50;10
0.002000;27.61;10
0.002000;27.68;10
0.002000;27.55;10
0.002000;27.50;10
0.002000;27.83;10
0.002000;27.54;10
0.002000;27.62;10
0.002000;27.77;10
0.002000;27.79;10
0.002000;27.76;10
0.002000;27.92;10
0.002000;27.74;10
0.002000;27.73;10
0.002000;27.59;10
0.002000;27.85;10
0.001998;28.21;11
0.001998;27.97;11
0.001998;28.20;11
0.001998;28.38;11
0.001998;28.75;11
0.001998;28.51;11
0.001998;28.49;11
0.001998;28.38;11
0.001998;28.36;11
0.001998;28.36;11
0.001998;28.36;11
0.001998;28.42;11
0.001998;28.26;11
0.001998;28.41;11
0.001998;28.55;11
0.001998;28.40;11
0.001998;28.49;11
0.001998;28.41;11
0.001998;28.39;11
0.001998;28.35;11
0.001998;28.32;11
0.001998;28.46;11
0.001998;28.50;11
0.001998;28.35;11
0.001998;28.51;11
0.001998;28.59;11
0.001998;28.47;11
0.001998;28.35;11
0.001998;28.41;11
0.001998;28.34;11
0.001998;27.52;11
0.001998;27.64;11
0.001998;27.62;11
0.001998;27.52;11
0.001998;27.58;11
0.001998;27.70;11
0.001998;27.62;11
0.001998;27.59;11
0.001998;27.46;11
0.001998;27.54;11
0.001998;27.55;11
0.001998;27.52;11
0.001998;27.68;11
0.001998;27.86;11
0.001998;27.70;11
0.001998;27.65;11
0.001998;27.53;11
0.001998;27.56;11
0.001998;27.53;11
0.001998;27.55;11
0.002005;27.52;11
0.002005;27.51;11
0.002005;27.96;11
0.002005;27.59;11
0.002005;27.52;11
0.002005;28.12;11
0.002005;28.33;11
0.002005;28.17;11
0.002005;28.15;11
0.002005;27.98;11
0.002005;28.14;11
0.002005;28.03;11
0.002005;28.71;11
0.002005;27.82;11
0.002005;28.58;11
0.002005;27.99;11
0.002005;28.86;11
0.002005;28.22;11
0.002005;28.59;11
0.002005;28.13;11
0.002005;28.96;11
0.002005;28.36;11
0.002005;28.42;11
0.002005;28.14;11
0.002005;28.04;11
0.002005;28.00;11
0.002005;28.22;11
0.002005;28.02;11
0.002005;27.92;11
0.002005;28.00;11
0.002005;27.92;11
0.002005;28.31;11
0.002005;28.06;11
0.002005;28.33;11
0.002005;28.06;11
0.002005;28.02;11
0.002005;27.93;11
0.002005;27.99;11
0.002005;27.89;11
0.002005;27.97;11
0.002005;27.53;11
0.002005;27.74;11
0.002005;27.99;11
0.002005;28.00;11
0.002005;28.26;11
0.002005;28.73;11
0.002005;28.17;11
0.002005;28.28;11
0.002005;28.19;11
0.002005;28.00;11
0.002000;27.71;12
0.002000;27.47;12
0.002000;27.51;12
0.002000;27.48;12
0.002000;27.51;12
0.002000;27.48;12
0.002000;27.40;12
0.002000;27.66;12
0.002000;27.56;12
0.002000;27.64;12
0.002000;27.43;12
0.002000;27.44;12
0.002000;27.64;12
0.002000;27.76;12
0.002000;27.37;12
0.002000;27.56;12
0.002000;27.50;12
0.002000;27.52;12
0.002000;27.49;12
0.002000;27.62;12
0.002000;27.49;12
0.002000;27.64;12
0.002000;27.52;12
0.002000;27.31;12
0.002000;27.43;12
0.002000;27.69;12
0.002000;27.67;12
0.002000;27.65;12
0.002000;27.51;12
0.002000;27.51;12
0.002000;27.53;12
0.002000;27.52;12
0.002000;27.50;12
0.002000;27.55;12
0.002000;27.92;12
0.002000;27.77;12
0.002000;27.55;12
0.002000;27.46;12
0.002000;27.56;12
0.002000;27.56;12
0.002000;27.63;12
0.002000;27.53;12
0.002000;27.50;12
0.002000;27.27;12
0.002000;27.55;12
0.002000;27.43;12
0.002000;27.46;12
0.002000;27.57;12
0.002000;27.54;12
0.002000;27.48;12
0.001999;27.43;12
0.001999;27.28;12
0.001999;27.27;12
0.001999;27.41;12
0.001999;27.40;12
0.001999;27.35;12
0.001999;27.46;12
0.001999;27.52;12
0.001999;27.32;12
0.001999;27.56;12
0.001999;27.47;12
0.001999;27.63;12
0.001999;27.51;12
0.001999;27.55;12
0.001999;27.59;12
0.001999;27.61;12
0.001999;27.53;12
0.001999;27.61;12
0.001999;27.48;12
0.001999;27.44;12
0.001999;27.73;12
0.001999;27.67;12
0.001999;27.56;12
0.001999;27.63;12
0.001999;27.60;12
0.001999;27.65;12
0.001999;27.54;12
0.001999;27.56;12
0.001999;27.55;12
0.001999;27.70;12
0.001999;27.58;12
0.001999;27.81;12
0.001999;28.18;12
0.001999;27.66;12
0.001999;27.66;12
0.001999;27.89;12
0.001999;27.94;12
0.001999;27.99;12
0.001999;27.91;12
0.001999;27.66;12
0.001999;27.44;12
0.001999;28.31;12
0.001999;27.68;12
0.001999;28.08;12
0.001999;27.87;12
0.001999;27.62;12
0.001999;27.98;12
0.001999;27.69;12
0.001999;28.24;12
0.001999;27.69;12
0.002004;28.38;13
0.002004;27.87;13
0.002004;27.60;13
0.002004;27.42;13
0.002004;27.54;13
0.002004;27.67;13
0.002004;27.53;13
0.002004;27.42;13
0.002004;27.48;13
0.002004;28.22;13
0.002004;27.52;13
0.002004;28.21;13
0.002004;27.60;13
0.002004;28.25;13
0.002004;27.65;13
0.002004;28.29;13
0.002004;28.02;13
0.002004;28.80;13
0.002004;28.58;13
0.002004;28.30;13
0.002004;28.31;13
0.002004;28.41;13
0.002004;28.30;13
0.002004;28.24;13
0.002004;27.95;13
0.002004;28.03;13
0.002004;28.07;13
0.002004;28.11;13
0.002004;28.22;13
0.002004;28.21;13
0.002004;28.41;13
0.002004;28.51;13
0.002004;28.37;13
0.002004;28.35;13
0.002004;28.47;13
0.002004;28.34;13
0.002004;28.33;13
0.002004;28.32;13
0.002004;28.44;13
0.002004;28.34;13
0.002004;28.22;13
0.002004;28.42;13
0.002004;28.57;13
0.002004;28.40;13
0.002004;28.41;13
0.002004;28.34;13
0.002004;28.15;13
0.002004;28.20;13
0.002004;28.39;13
0.002004;28.41;13
0.002001;28.01;13
0.002001;27.95;13
0.002001;28.06;13
0.002001;28.30;13
0.002001;28.32;13
0.002001;27.78;13
0.002001;27.67;13
0.002001;27.56;13
0.002001;27.38;13
0.002001;27.57;13
0.002001;27.52;13
0.002001;27.66;13
0.002001;27.59;13
0.002001;27.57;13
0.002001;27.70;13
0.002001;27.66;13
0.002001;27.39;13
0.002001;27.46;13
0.002001;27.50;13
0.002001;27.67;13
0.002001;27.70;13
0.002001;27.38;13
0.002001;27.52;13
0.002001;27.60;13
0.002001;27.41;13
0.002001;27.60;13
0.002001;27.47;13
0.002001;27.63;13
0.002001;27.52;13
0.002001;27.44;13
0.002001;27.59;13
0.002001;27.57;13
0.002001;27.62;13
0.002001;27.62;13
0.002001;27.49;13
0.002001;27.59;13
0.002001;27.48;13
0.002001;27.52;13
0.002001;27.46;13
0.002001;27.75;13
0.002001;27.83;13
0.002001;27.77;13
0.002001;27.57;13
0.002001;27.54;13
0.002001;27.67;13
0.002001;27.68;13
0.002001;27.72;13
0.002001;27.58;13
0.002001;27.64;13
0.002001;27.59;13
0.001997;27.54;14
0.001997;27.32;14
0.001997;27.28;14
0.001997;27.39;14
0.001997;27.45;14
0.001997;27.41;14
0.001997;27.48;14
0.001997;27.48;14
0.001997;27.48;14
0.001997;27.50;14
0.001997;27.49;14
0.001997;27.65;14
0.001997;28.00;14
0.001997;27.85;14
0.001997;27.51;14
0.001997;27.55;14
0.001997;27.49;14
0.001997;27.62;14
0.001997;27.57;14
0.001997;27.51;14
0.001997;28.28;14
0.001997;27.67;14
0.001997;27.90;14
0.001997;28.08;14
0.001997;27.94;14
0.001997;28.16;14
0.001997;27.83;14
0.001997;28.26;14
0.001997;27.62;14
0.001997;28.32;14
0.001997;27.68;14
0.001997;27.79;14
0.001997;27.73;14
0.001997;27.67;14
0.001997;27.68;14
0.001997;27.43;14
0.001997;27.50;14
0.001997;27.50;14
0.001997;27.47;14
0.001997;27.66;14
0.001997;28.70;14
0.001997;28.93;14
0.001997;28.51;14
0.001997;28.70;14
0.001997;28.80;14
0.001997;28.59;14
0.001997;29.08;14
0.001997;28.09;14
0.001997;29.71;14
0.001997;27.94;14
0.002004;28.40;14
0.002004;27.69;14
0.002004;27.56;14
0.002004;28.63;14
0.002004;28.62;14
0.002004;27.74;14
0.002004;27.58;14
0.002004;27.66;14
0.002004;27.62;14
0.002004;27.78;14
0.002004;27.50;14
0.002004;27.65;14
0.002004;27.46;14
0.002004;27.58;14
0.002004;27.73;14
0.002004;27.61;14
0.002004;27.58;14
0.002004;27.64;14
0.002004;27.65;14
0.002004;27.71;14
0.002004;27.72;14
0.002004;28.26;14
0.002004;30.42;14
0.002004;29.56;14
0.002004;28.32;14
0.002004;28.09;14
0.002004;28.19;14
0.002004;28.20;14
0.002004;28.59;14
0.002004;28.21;14
0.002004;28.24;14
0.002004;29.46;14
0.002004;28.87;14
0.002004;28.86;14
0.002004;29.52;14
0.002004;29.21;14
0.002004;28.81;14
0.002004;28.96;14
0.002004;29.80;14
0.002004;28.44;14
0.002004;28.25;14
0.002004;28.24;14
0.002004;28.80;14
0.002004;30.07;14
0.002004;28.70;14
0.002004;28.21;14
0.002004;28.01;14
0.002004;28.28;14
0.002004;28.23;14
0.002004;28.16;14
0.001993;27.68;15
0.001993;27.59;15
0.001993;27.59;15
0.001993;28.29;15
0.001993;28.35;15
0.001993;28.44;15
0.001993;28.52;15
0.001993;29.21;15
0.001993;28.57;15
0.001993;27.89;15
0.001993;27.58;15
0.001993;27.35;15
0.001993;27.90;15
0.001993;27.19;15
0.001993;27.81;15
0.001993;27.98;15
0.001993;27.66;15
0.001993;27.66;15
0.001993;27.46;15
0.001993;27.47;15
0.001993;27.81;15
0.001993;27.61;15
0.001993;27.38;15
0.001993;27.62;15
0.001993;27.80;15
0.001993;28.06;15
0.001993;28.21;15
0.001993;27.98;15
0.001993;27.61;15
0.001993;27.64;15
0.001993;27.84;15
0.001993;27.28;15
0.001993;27.24;15
0.001993;27.30;15
0.001993;27.30;15
0.001993;27.42;15
0.001993;27.55;15
0.001993;27.39;15
0.001993;27.57;15
0.001993;27.50;15
0.001993;27.37;15
0.001993;27.50;15
0.001993;27.42;15
0.001993;27.59;15
0.001993;27.63;15
0.001993;27.71;15
0.001993;27.36;15
0.001993;27.90;15
0.001993;27.91;15
0.001993;27.81;15
0.002000;27.57;15
0.002000;27.74;15
0.002000;27.17;15
0.002000;27.95;15
0.002000;27.24;15
0.002000;27.88;15
0.002000;27.27;15
0.002000;27.87;15
0.002000;27.26;15
0.002000;27.35;15
0.002000;27.31;15
0.002000;27.30;15
0.002000;27.31;15
0.002000;27.33;15
0.002000;27.40;15
0.002000;27.35;15
0.002000;27.83;15
0.002000;27.88;15
0.002000;27.71;15
0.002000;27.72;15
0.002000;27.84;15
0.002000;27.88;15
0.002000;27.80;15
0.002000;27.87;15
0.002000;28.05;15
0.002000;28.68;15
0.002000;28.11;15
0.002000;27.66;15
0.002000;27.80;15
0.002000;27.75;15
0.002000;28.15;15
0.002000;27.99;15
0.002000;27.75;15
0.002000;27.94;15
0.002000;27.85;15
0.002000;27.77;15
0.002000;27.72;15
0.002000;27.81;15
0.002000;27.72;15
0.002000;27.77;15
0.002000;27.96;15
0.002000;27.84;15
0.002000;27.96;15
0.002000;28.03;15
0.002000;27.88;15
0.002000;27.69;15
0.002000;27.68;15
0.002000;27.82;15
0.002000;27.98;15
0.002000;27.88;15
0.002006;27.18;16
0.002006;27.17;16
0.002006;27.20;16
0.002006;27.13;16
0.002006;27.19;16
0.002006;27.13;16
0.002006;27.02;16
0.002006;27.07;16
0.002006;27.08;16
0.002006;27.02;16
0.002006;27.16;16
0.002006;27.41;16
0.002006;27.20;16
0.002006;27.07;16
0.002006;27.06;16
0.002006;27.24;16
0.002006;27.04;16
0.002006;26.96;16
0.002006;27.08;16
0.002006;27.05;16
0.002006;27.08;16
0.002006;26.98;16
0.002006;27.10;16
0.002006;27.04;16
0.002006;27.16;16
0.002006;26.91;16
0.002006;27.18;16
0.002006;27.08;16
0.002006;27.12;16
0.002006;27.08;16
0.002006;27.05;16
0.002006;27.20;16
0.002006;27.12;16
0.002006;27.08;16
0.002006;27.20;16
0.002006;27.10;16
0.002006;27.31;16
0.002006;27.11;16
0.002006;27.12;16
0.002006;27.01;16
0.002006;27.06;16
0.002006;27.03;16
0.002006;27.06;16
0.002006;27.06;16
0.002006;27.09;16
0.002006;26.97;16
0.002006;27.15;16
0.002006;27.15;16
0.002006;27.29;16
0.002006;27.39;16
0.002003;27.35;16
0.002003;27.31;16
0.002003;27.41;16
0.002003;27.28;16
0.002003;27.26;16
0.002003;27.30;16
0.002003;27.58;16
0.002003;27.33;16
0.002003;27.32;16
0.002003;27.42;16
0.002003;27.06;16
0.002003;27.31;16
0.002003;27.31;16
0.002003;27.21;16
0.002003;27.25;16
0.002003;27.26;16
0.002003;27.16;16
0.002003;27.06;16
0.002003;27.66;16
0.002003;27.64;16
0.002003;27.50;16
0.002003;27.15;16
0.002003;27.15;16
0.002003;27.26;16
0.002003;27.16;16
0.002003;27.02;16
0.002003;27.03;16
0.002003;27.13;16
0.002003;27.28;16
0.002003;27.56;16
0.002003;27.55;16
0.002003;27.25;16
0.002003;27.87;16
0.002003;27.18;16
0.002003;27.95;16
0.002003;27.19;16
0.002003;27.80;16
0.002003;27.08;16
0.002003;27.71;16
0.002003;27.12;16
0.002003;26.97;16
0.002003;27.08;16
0.002003;27.06;16
0.002003;27.14;16
0.002003;27.95;16
0.002003;28.17;16
0.002003;27.22;16
0.002003;27.25;16
0.002003;27.10;16
0.002003;27.05;16
0.002003;27.28;17
0.002003;27.27;17
0.002003;27.18;17
0.002003;27.23;17
0.002003;27.11;17
0.002003;27.15;17
0.002003;27.42;17
0.002003;27.20;17
0.002003;27.21;17
0.002003;27.21;17
0.002003;27.24;17
0.002003;27.12;17
0.002003;27.11;17
0.002003;27.17;17
0.002003;27.15;17
0.002003;27.22;17
0.002003;27.22;17
0.002003;27.09;17
0.002003;27.35;17
0.002003;27.27;17
0.002003;27.08;17
0.002003;27.14;17
0.002003;27.12;17
0.002003;27.25;17
0.002003;27.36;17
0.002003;27.06;17
0.002003;27.13;17
0.002003;27.10;17
0.002003;27.14;17
0.002003;27.16;17
0.002003;27.06;17
0.002003;27.12;17
0.002003;27.22;17
0.002003;27.21;17
0.002003;27.18;17
0.002003;27.04;17
0.002003;27.20;17
0.002003;27.31;17
0.002003;27.15;17
0.002003;27.30;17
0.002003;27.30;17
0.002003;27.23;17
0.002003;27.25;17
0.002003;27.27;17
0.002003;27.26;17
0.002003;27.18;17
0.002003;27.17;17
0.002003;27.28;17
0.002003;27.32;17
0.002003;27.23;17
0.001997;26.98;17
0.001997;27.05;17
0.001997;27.05;17
0.001997;26.96;17
0.001997;27.00;17
0.001997;27.06;17
0.001997;27.16;17
0.001997;27.11;17
0.001997;27.07;17
0.001997;27.04;17
0.001997;26.96;17
0.001997;27.03;17
0.001997;26.91;17
0.001997;27.03;17
0.001997;26.95;17
0.001997;26.95;17
0.001997;26.96;17
0.001997;26.98;17
0.001997;27.10;17
0.001997;26.95;17
0.001997;27.00;17
0.001997;27.08;17
0.001997;27.07;17
0.001997;27.02;17
0.001997;27.20;17
0.001997;27.17;17
0.001997;27.11;17
0.001997;27.09;17
0.001997;26.93;17
0.001997;26.96;17
0.001997;26.95;17
0.001997;27.07;17
0.001997;27.37;17
0.001997;27.14;17
0.001997;27.18;17
0.001997;27.28;17
0.001997;27.11;17
0.001997;27.11;17
0.001997;27.18;17
0.001997;27.27;17
0.001997;28.11;17
0.001997;28.13;17
0.001997;28.19;17
0.001997;28.27;17
0.001997;27.97;17
0.001997;27.65;17
0.001997;27.76;17
0.001997;27.79;17
0.001997;27.91;17
0.001997;27.75;17
0.001998;27.74;18
0.001998;27.80;18
0.001998;28.24;18
0.001998;27.73;18
0.001998;28.30;18
0.001998;27.62;18
0.001998;28.43;18
0.001998;28.14;18
0.001998;28.64;18
0.001998;28.10;18
0.001998;28.83;18
0.001998;28.37;18
0.001998;28.21;18
0.001998;28.48;18
0.001998;28.18;18
0.001998;28.46;18
0.001998;28.16;18
0.001998;28.61;18
0.001998;28.28;18
0.001998;28.92;18
0.001998;28.25;18
0.001998;28.15;18
0.001998;28.17;18
0.001998;28.21;18
0.001998;28.14;18
0.001998;27.61;18
0.001998;27.71;18
0.001998;27.63;18
0.001998;28.30;18
0.001998;28.33;18
0.001998;27.60;18
0.001998;27.00;18
0.001998;27.02;18
0.001998;27.05;18
0.001998;27.07;18
0.001998;27.08;18
0.001998;27.10;18
0.001998;27.04;18
0.001998;26.95;18
0.001998;27.05;18
0.001998;26.92;18
0.001998;26.94;18
0.001998;27.10;18
0.001998;27.00;18
0.001998;27.02;18
0.001998;27.13;18
0.001998;27.09;18
0.001998;27.16;18
0.001998;27.15;18
0.001998;27.04;18
0.002003;27.08;18
0.002003;27.04;18
0.002003;26.88;18
0.002003;26.87;18
0.002003;26.94;18
0.002003;27.13;18
0.002003;27.15;18
0.002003;27.04;18
0.002003;26.94;18
0.002003;26.98;18
0.002003;27.18;18
0.002003;27.15;18
0.002003;27.90;18
0.002003;27.20;18
0.002003;27.18;18
0.002003;27.00;18
0.002003;27.10;18
0.002003;27.11;18
0.002003;27.08;18
0.002003;27.11;18
0.002003;27.01;18
0.002003;27.05;18
0.002003;27.00;18
0.002003;27.01;18
0.002003;27.05;18
0.002003;26.94;18
0.002003;26.93;18
0.002003;26.99;18
0.002003;27.14;18
0.002003;27.11;18
0.002003;27.02;18
0.002003;27.05;18
0.002003;27.00;18
0.002003;26.96;18
0.002003;28.01;18
0.002003;27.84;18
0.002003;27.24;18
0.002003;27.22;18
0.002003;27.21;18
0.002003;27.10;18
0.002003;27.27;18
0.002003;27.17;18
0.002003;27.31;18
0.002003;27.60;18
0.002003;27.57;18
0.002003;27.67;18
0.002003;28.28;18
0.002003;28.25;18
0.002003;28.25;18
0.002003;28.20;18
0.001995;28.21;19
0.001995;28.54;19
0.001995;28.41;19
0.001995;28.15;19
0.001995;27.81;19
0.001995;27.60;19
0.001995;27.52;19
0.001995;27.59;19
0.001995;27.69;19
0.001995;28.02;19
0.001995;27.70;19
0.001995;27.95;19
0.001995;28.09;19
0.001995;28.49;19
0.001995;28.40;19
0.001995;28.10;19
0.001995;28.11;19
0.001995;28.07;19
0.001995;28.08;19
0.001995;28.08;19
0.001995;27.69;19
0.001995;27.63;19
0.001995;27.77;19
0.001995;27.79;19
0.001995;27.75;19
0.001995;27.75;19
0.001995;27.66;19
0.001995;28.03;19
0.001995;27.72;19
0.001995;28.12;19
0.001995;28.08;19
0.001995;28.02;19
0.001995;28.32;19
0.001995;28.22;19
0.001995;28.14;19
0.001995;28.21;19
0.001995;27.88;19
0.001995;27.75;19
0.001995;27.91;19
0.001995;28.23;19
0.001995;28.36;19
0.001995;28.92;19
0.001995;28.23;19
0.001995;28.80;19
0.001995;28.32;19
0.001995;27.95;19
0.001995;27.43;19
0.001995;27.48;19
0.001995;27.80;19
0.001995;27.40;19
0.001998;28.17;19
0.001998;27.21;19
0.001998;27.07;19
0.001998;27.10;19
0.001998;26.99;19
0.001998;27.13;19
0.001998;27.07;19
0.001998;27.04;19
0.001998;27.00;19
0.001998;27.06;19
0.001998;27.02;19
0.001998;27.13;19
0.001998;27.13;19
0.001998;27.17;19
0.001998;27.12;19
0.001998;27.19;19
0.001998;27.09;19
0.001998;27.12;19
0.001998;26.93;19
0.001998;27.17;19
0.001998;27.18;19
0.001998;27.11;19
0.001998;27.03;19
0.001998;27.14;19
0.001998;27.12;19
0.001998;27.24;19
0.001998;27.22;19
0.001998;27.17;19
0.001998;27.23;19
0.001998;27.22;19
0.001998;27.15;19
0.001998;27.09;19
0.001998;27.09;19
0.001998;27.12;19
0.001998;27.23;19
0.001998;27.15;19
0.001998;27.14;19
0.001998;27.12;19
0.001998;27.02;19
0.001998;26.90;19
0.001998;26.98;19
0.001998;26.95;19
0.001998;26.94;19
0.001998;27.21;19
0.001998;27.18;19
0.001998;27.07;19
0.001998;27.09;19
0.001998;27.04;19
0.001998;27.19;19
0.001998;27.07;19
