loss;elapsed_time;iteration
0.002001;33.16;0
0.002001;32.51;0
0.002001;32.35;0
0.002001;32.27;0
0.002001;32.40;0
0.002001;32.47;0
0.002001;32.53;0
0.002001;32.38;0
0.002001;32.63;0
0.002001;33.17;0
0.002001;32.62;0
0.002001;32.96;0
0.002001;32.97;0
0.002001;32.51;0
0.002001;32.66;0
0.002001;32.56;0
0.002001;32.99;0
0.002001;32.27;0
0.002001;32.46;0
0.002001;32.23;0
0.002001;32.52;0
0.002001;32.41;0
0.002001;32.45;0
0.002001;32.42;0
0.002001;32.39;0
0.002001;32.39;0
0.002001;32.41;0
0.002001;32.53;0
0.002001;32.55;0
0.002001;32.61;0
0.002001;32.55;0
0.002001;32.69;0
0.002001;32.50;0
0.002001;32.72;0
0.002001;32.75;0
0.002001;32.73;0
0.002001;32.69;0
0.002001;32.47;0
0.002001;32.57;0
0.002001;32.50;0
0.002001;32.11;0
0.002001;31.55;0
0.002001;31.86;0
0.002001;31.83;0
0.002001;31.68;0
0.002001;31.62;0
0.002001;31.52;0
0.002001;31.46;0
0.002001;31.41;0
0.002001;31.18;0
0.002001;31.31;0
0.002001;31.38;0
0.002001;31.31;0
0.002001;31.19;0
0.002001;31.19;0
0.002001;31.33;0
0.002001;31.34;0
0.002001;31.47;0
0.002001;31.34;0
0.002001;31.24;0
0.002001;31.40;0
0.002001;31.35;0
0.002001;31.38;0
0.002001;31.30;0
0.002001;31.35;0
0.002001;31.57;0
0.002001;31.46;0
0.002001;31.46;0
0.002001;31.56;0
0.002001;31.57;0
0.002001;31.48;0
0.002001;31.52;0
0.002001;31.72;0
0.002001;31.33;0
0.002001;31.30;0
0.002001;31.14;0
0.002001;31.40;0
0.002001;31.38;0
0.002001;31.33;0
0.002001;31.04;0
0.002001;31.17;0
0.002001;31.10;0
0.002001;31.06;0
0.002001;31.12;0
0.002001;31.30;0
0.002001;31.21;0
0.002001;31.08;0
0.002001;31.19;0
0.002001;31.20;0
0.002001;31.10;0
0.002001;31.33;0
0.002001;31.20;0
0.002001;31.22;0
0.002001;31.30;0
0.002001;31.28;0
0.002001;31.14;0
0.002001;31.15;0
0.002001;31.15;0
0.002001;31.29;0
0.002001;31.18;0
0.002000;31.13;1
0.002000;31.18;1
0.002000;31.13;1
0.002000;31.02;1
0.002000;31.13;1
0.002000;31.10;1
0.002000;31.32;1
0.002000;31.54;1
0.002000;31.42;1
0.002000;31.55;1
0.002000;31.32;1
0.002000;31.03;1
0.002000;31.12;1
0.002000;31.09;1
0.002000;30.97;1
0.002000;31.15;1
0.002000;31.01;1
0.002000;30.93;1
0.002000;30.92;1
0.002000;31.33;1
0.002000;31.03;1
0.002000;30.94;1
0.002000;31.61;1
0.002000;31.20;1
0.002000;31.58;1
0.002000;30.92;1
0.002000;31.45;1
0.002000;30.95;1
0.002000;31.62;1
0.002000;31.06;1
0.002000;31.43;1
0.002000;31.13;1
0.002000;30.84;1
0.002000;31.09;1
0.002000;31.14;1
0.002000;31.03;1
0.002000;31.03;1
0.002000;31.07;1
0.002000;30.94;1
0.002000;31.15;1
0.002000;31.05;1
0.002000;30.85;1
0.002000;30.96;1
0.002000;31.09;1
0.002000;31.18;1
0.002000;30.95;1
0.002000;30.80;1
0.002000;31.13;1
0.002000;30.86;1
0.002000;30.82;1
0.002012;30.90;1
0.002012;30.99;1
0.002012;30.92;1
0.002012;31.06;1
0.002012;30.99;1
0.002012;32.08;1
0.002012;31.94;1
0.002012;32.64;1
0.002012;31.42;1
0.002012;31.45;1
0.002012;31.31;1
0.002012;31.38;1
0.002012;31.30;1
0.002012;31.32;1
0.002012;31.11;1
0.002012;31.25;1
0.002012;31.52;1
0.002012;31.17;1
0.002012;31.60;1
0.002012;33.05;1
0.002012;32.09;1
0.002012;31.74;1
0.002012;31.52;1
0.002012;32.15;1
0.002012;32.93;1
0.002012;32.07;1
0.002012;31.81;1
0.002012;31.21;1
0.002012;31.30;1
0.002012;31.28;1
0.002012;33.13;1
0.002012;32.98;1
0.002012;31.57;1
0.002012;31.76;1
0.002012;32.43;1
0.002012;32.10;1
0.002012;32.42;1
0.002012;32.62;1
0.002012;31.76;1
0.002012;31.28;1
0.002012;31.37;1
0.002012;31.19;1
0.002012;31.26;1
0.002012;33.16;1
0.002012;33.11;1
0.002012;32.10;1
0.002012;32.06;1
0.002012;32.07;1
0.002012;31.52;1
0.002012;31.31;1
0.002010;31.75;2
0.002010;31.75;2
0.002010;31.39;2
0.002010;31.55;2
0.002010;31.75;2
0.002010;32.02;2
0.002010;31.91;2
0.002010;32.32;2
0.002010;31.54;2
0.002010;31.71;2
0.002010;31.70;2
0.002010;31.57;2
0.002010;31.55;2
0.002010;31.32;2
0.002010;31.56;2
0.002010;31.44;2
0.002010;31.44;2
0.002010;31.62;2
0.002010;31.43;2
0.002010;31.32;2
0.002010;31.22;2
0.002010;31.49;2
0.002010;31.33;2
0.002010;31.32;2
0.002010;31.74;2
0.002010;31.51;2
0.002010;31.53;2
0.002010;31.55;2
0.002010;31.56;2
0.002010;31.72;2
0.002010;31.32;2
0.002010;31.58;2
0.002010;31.51;2
0.002010;31.45;2
0.002010;31.61;2
0.002010;31.57;2
0.002010;32.00;2
0.002010;31.41;2
0.002010;31.87;2
0.002010;31.33;2
0.002010;32.06;2
0.002010;31.38;2
0.002010;31.92;2
0.002010;31.43;2
0.002010;31.83;2
0.002010;31.08;2
0.002010;31.11;2
0.002010;31.08;2
0.002010;31.13;2
0.002010;31.05;2
0.001979;31.08;2
0.001979;31.15;2
0.001979;31.13;2
0.001979;31.12;2
0.001979;31.10;2
0.001979;30.97;2
0.001979;31.25;2
0.001979;31.11;2
0.001979;31.01;2
0.001979;31.14;2
0.001979;31.12;2
0.001979;31.13;2
0.001979;31.06;2
0.001979;31.37;2
0.001979;30.98;2
0.001979;31.08;2
0.001979;31.04;2
0.001979;31.15;2
0.001979;31.09;2
0.001979;31.08;2
0.001979;30.95;2
0.001979;30.92;2
0.001979;30.91;2
0.001979;31.10;2
0.001979;31.07;2
0.001979;31.02;2
0.001979;31.04;2
0.001979;31.12;2
0.001979;31.12;2
0.001979;31.06;2
0.001979;31.12;2
0.001979;31.07;2
0.001979;31.22;2
0.001979;31.08;2
0.001979;31.11;2
0.001979;31.79;2
0.001979;32.45;2
0.001979;31.65;2
0.001979;31.40;2
0.001979;31.19;2
0.001979;31.36;2
0.001979;31.27;2
0.001979;31.34;2
0.001979;32.24;2
0.001979;32.42;2
0.001979;32.30;2
0.001979;31.79;2
0.001979;31.38;2
0.001979;31.40;2
0.001979;31.21;2
0.001993;31.38;3
0.001993;32.06;3
0.001993;32.20;3
0.001993;32.38;3
0.001993;32.45;3
0.001993;32.37;3
0.001993;31.98;3
0.001993;32.20;3
0.001993;32.10;3
0.001993;32.36;3
0.001993;31.84;3
0.001993;31.18;3
0.001993;31.28;3
0.001993;32.16;3
0.001993;32.17;3
0.001993;33.10;3
0.001993;34.30;3
0.001993;32.45;3
0.001993;32.42;3
0.001993;32.25;3
0.001993;32.28;3
0.001993;32.25;3
0.001993;32.29;3
0.001993;32.40;3
0.001993;32.23;3
0.001993;32.40;3
0.001993;32.15;3
0.001993;31.28;3
0.001993;31.20;3
0.001993;31.35;3
0.001993;31.40;3
0.001993;31.21;3
0.001993;31.20;3
0.001993;31.34;3
0.001993;31.27;3
0.001993;31.28;3
0.001993;31.64;3
0.001993;31.25;3
0.001993;31.38;3
0.001993;31.29;3
0.001993;31.41;3
0.001993;31.43;3
0.001993;31.35;3
0.001993;31.24;3
0.001993;31.23;3
0.001993;31.21;3
0.001993;31.22;3
0.001993;31.23;3
0.001993;31.45;3
0.001993;31.21;3
0.002039;32.73;3
0.002039;32.48;3
0.002039;32.98;3
0.002039;32.41;3
0.002039;32.90;3
0.002039;32.93;3
0.002039;32.46;3
0.002039;32.68;3
0.002039;32.45;3
0.002039;32.47;3
0.002039;32.27;3
0.002039;32.52;3
0.002039;32.23;3
0.002039;32.28;3
0.002039;32.42;3
0.002039;31.56;3
0.002039;31.02;3
0.002039;31.12;3
0.002039;31.15;3
0.002039;31.21;3
0.002039;31.17;3
0.002039;31.12;3
0.002039;31.20;3
0.002039;31.17;3
0.002039;31.18;3
0.002039;31.10;3
0.002039;30.97;3
0.002039;31.02;3
0.002039;31.05;3
0.002039;30.93;3
0.002039;30.90;3
0.002039;31.08;3
0.002039;30.99;3
0.002039;31.03;3
0.002039;31.14;3
0.002039;31.05;3
0.002039;31.09;3
0.002039;31.16;3
0.002039;31.14;3
0.002039;31.00;3
0.002039;31.03;3
0.002039;31.08;3
0.002039;31.08;3
0.002039;31.08;3
0.002039;31.24;3
0.002039;31.07;3
0.002039;30.99;3
0.002039;31.17;3
0.002039;31.03;3
0.002039;31.10;3
0.001984;30.85;4
0.001984;31.01;4
0.001984;31.04;4
0.001984;31.08;4
0.001984;31.17;4
0.001984;31.00;4
0.001984;31.01;4
0.001984;31.01;4
0.001984;31.12;4
0.001984;30.90;4
0.001984;30.90;4
0.001984;31.36;4
0.001984;30.93;4
0.001984;31.05;4
0.001984;31.01;4
0.001984;30.95;4
0.001984;30.93;4
0.001984;32.06;4
0.001984;32.57;4
0.001984;32.80;4
0.001984;32.91;4
0.001984;32.51;4
0.001984;32.65;4
0.001984;32.46;4
0.001984;32.59;4
0.001984;32.61;4
0.001984;32.64;4
0.001984;32.45;4
0.001984;32.76;4
0.001984;32.87;4
0.001984;32.86;4
0.001984;32.97;4
0.001984;32.99;4
0.001984;32.67;4
0.001984;32.21;4
0.001984;31.06;4
0.001984;32.03;4
0.001984;32.90;4
0.001984;33.30;4
0.001984;32.92;4
0.001984;31.34;4
0.001984;31.56;4
0.001984;31.19;4
0.001984;31.69;4
0.001984;31.17;4
0.001984;31.67;4
0.001984;31.14;4
0.001984;31.12;4
0.001984;30.83;4
0.001984;30.93;4
0.002009;30.99;4
0.002009;31.07;4
0.002009;32.12;4
0.002009;32.91;4
0.002009;32.78;4
0.002009;32.91;4
0.002009;32.83;4
0.002009;32.62;4
0.002009;32.39;4
0.002009;31.16;4
0.002009;31.19;4
0.002009;31.33;4
0.002009;31.37;4
0.002009;31.76;4
0.002009;30.92;4
0.002009;31.63;4
0.002009;31.05;4
0.002009;31.66;4
0.002009;30.99;4
0.002009;31.90;4
0.002009;31.19;4
0.002009;31.74;4
0.002009;31.19;4
0.002009;31.18;4
0.002009;31.17;4
0.002009;31.18;4
0.002009;31.10;4
0.002009;31.00;4
0.002009;31.21;4
0.002009;32.07;4
0.002009;31.46;4
0.002009;31.36;4
0.002009;32.98;4
0.002009;32.08;4
0.002009;31.04;4
0.002009;31.01;4
0.002009;31.09;4
0.002009;31.27;4
0.002009;31.20;4
0.002009;32.11;4
0.002009;32.31;4
0.002009;32.47;4
0.002009;32.57;4
0.002009;32.50;4
0.002009;31.35;4
0.002009;31.50;4
0.002009;32.87;4
0.002009;33.04;4
0.002009;33.01;4
0.002009;32.89;4
0.002022;33.08;5
0.002022;33.18;5
0.002022;33.05;5
0.002022;33.03;5
0.002022;32.86;5
0.002022;33.01;5
0.002022;33.23;5
0.002022;33.12;5
0.002022;33.22;5
0.002022;33.10;5
0.002022;32.84;5
0.002022;33.00;5
0.002022;33.07;5
0.002022;33.00;5
0.002022;32.88;5
0.002022;32.30;5
0.002022;32.42;5
0.002022;32.54;5
0.002022;32.35;5
0.002022;31.74;5
0.002022;31.08;5
0.002022;31.21;5
0.002022;31.14;5
0.002022;31.39;5
0.002022;30.88;5
0.002022;31.07;5
0.002022;30.88;5
0.002022;30.87;5
0.002022;30.90;5
0.002022;31.11;5
0.002022;31.04;5
0.002022;31.08;5
0.002022;30.97;5
0.002022;31.00;5
0.002022;30.98;5
0.002022;31.18;5
0.002022;30.97;5
0.002022;31.02;5
0.002022;30.98;5
0.002022;30.86;5
0.002022;30.89;5
0.002022;31.08;5
0.002022;30.89;5
0.002022;31.07;5
0.002022;30.95;5
0.002022;31.19;5
0.002022;31.01;5
0.002022;30.95;5
0.002022;30.96;5
0.002022;31.01;5
0.001994;31.40;5
0.001994;31.97;5
0.001994;31.68;5
0.001994;31.95;5
0.001994;31.62;5
0.001994;31.89;5
0.001994;31.85;5
0.001994;31.72;5
0.001994;31.93;5
0.001994;31.39;5
0.001994;31.40;5
0.001994;31.35;5
0.001994;31.70;5
0.001994;31.35;5
0.001994;30.98;5
0.001994;31.00;5
0.001994;31.08;5
0.001994;30.95;5
0.001994;31.02;5
0.001994;31.16;5
0.001994;31.04;5
0.001994;31.16;5
0.001994;31.12;5
0.001994;31.04;5
0.001994;31.16;5
0.001994;31.04;5
0.001994;31.22;5
0.001994;31.58;5
0.001994;31.37;5
0.001994;31.37;5
0.001994;31.64;5
0.001994;31.16;5
0.001994;31.53;5
0.001994;30.96;5
0.001994;31.62;5
0.001994;31.07;5
0.001994;31.07;5
0.001994;31.03;5
0.001994;31.01;5
0.001994;31.09;5
0.001994;31.06;5
0.001994;31.13;5
0.001994;31.04;5
0.001994;31.27;5
0.001994;31.15;5
0.001994;31.26;5
0.001994;31.23;5
0.001994;31.21;5
0.001994;31.10;5
0.001994;31.19;5
0.002021;31.05;6
0.002021;31.17;6
0.002021;31.75;6
0.002021;31.57;6
0.002021;31.48;6
0.002021;31.65;6
0.002021;31.52;6
0.002021;31.44;6
0.002021;31.46;6
0.002021;31.41;6
0.002021;31.50;6
0.002021;31.58;6
0.002021;31.55;6
0.002021;31.63;6
0.002021;31.54;6
0.002021;31.67;6
0.002021;30.98;6
0.002021;31.40;6
0.002021;31.34;6
0.002021;31.02;6
0.002021;31.11;6
0.002021;31.12;6
0.002021;31.01;6
0.002021;31.07;6
0.002021;31.01;6
0.002021;30.99;6
0.002021;31.26;6
0.002021;31.21;6
0.002021;31.08;6
0.002021;31.21;6
0.002021;31.22;6
0.002021;31.23;6
0.002021;31.28;6
0.002021;31.05;6
0.002021;31.10;6
0.002021;31.15;6
0.002021;31.08;6
0.002021;30.98;6
0.002021;31.18;6
0.002021;30.96;6
0.002021;31.03;6
0.002021;30.99;6
0.002021;31.04;6
0.002021;30.90;6
0.002021;31.05;6
0.002021;31.03;6
0.002021;31.07;6
0.002021;30.86;6
0.002021;30.93;6
0.002021;30.95;6
0.001981;31.01;6
0.001981;31.10;6
0.001981;31.02;6
0.001981;31.19;6
0.001981;30.92;6
0.001981;30.85;6
0.001981;30.88;6
0.001981;31.10;6
0.001981;30.95;6
0.001981;31.10;6
0.001981;31.26;6
0.001981;31.04;6
0.001981;31.04;6
0.001981;31.12;6
0.001981;30.91;6
0.001981;31.13;6
0.001981;31.11;6
0.001981;31.17;6
0.001981;31.20;6
0.001981;31.27;6
0.001981;31.20;6
0.001981;31.03;6
0.001981;30.87;6
0.001981;30.79;6
0.001981;30.74;6
0.001981;31.08;6
0.001981;31.02;6
0.001981;31.14;6
0.001981;31.10;6
0.001981;31.18;6
0.001981;31.03;6
0.001981;31.08;6
0.001981;31.03;6
0.001981;31.07;6
0.001981;31.17;6
0.001981;31.01;6
0.001981;30.90;6
0.001981;31.03;6
0.001981;32.00;6
0.001981;31.38;6
0.001981;31.68;6
0.001981;31.54;6
0.001981;32.18;6
0.001981;31.41;6
0.001981;32.94;6
0.001981;33.75;6
0.001981;33.48;6
0.001981;34.04;6
0.001981;33.49;6
0.001981;33.01;6
0.001991;31.74;7
0.001991;33.88;7
0.001991;33.87;7
0.001991;32.14;7
0.001991;33.99;7
0.001991;32.72;7
0.001991;33.45;7
0.001991;33.49;7
0.001991;33.12;7
0.001991;32.56;7
0.001991;31.10;7
0.001991;31.02;7
0.001991;31.04;7
0.001991;31.11;7
0.001991;31.00;7
0.001991;31.00;7
0.001991;31.01;7
0.001991;30.91;7
0.001991;30.94;7
0.001991;30.83;7
0.001991;30.97;7
0.001991;30.98;7
0.001991;31.04;7
0.001991;30.98;7
0.001991;30.89;7
0.001991;30.96;7
0.001991;31.00;7
0.001991;30.91;7
0.001991;30.99;7
0.001991;31.09;7
0.001991;31.18;7
0.001991;31.03;7
0.001991;30.97;7
0.001991;31.07;7
0.001991;30.93;7
0.001991;31.04;7
0.001991;30.98;7
0.001991;31.09;7
0.001991;31.11;7
0.001991;31.05;7
0.001991;31.07;7
0.001991;31.15;7
0.001991;30.96;7
0.001991;31.03;7
0.001991;30.90;7
0.001991;30.97;7
0.001991;31.03;7
0.001991;30.91;7
0.001991;31.02;7
0.001991;30.91;7
0.001976;30.94;7
0.001976;31.03;7
0.001976;30.97;7
0.001976;31.07;7
0.001976;31.00;7
0.001976;31.08;7
0.001976;31.11;7
0.001976;31.16;7
0.001976;31.23;7
0.001976;31.03;7
0.001976;31.33;7
0.001976;31.12;7
0.001976;31.09;7
0.001976;31.10;7
0.001976;31.22;7
0.001976;31.18;7
0.001976;31.17;7
0.001976;31.12;7
0.001976;31.10;7
0.001976;31.57;7
0.001976;31.21;7
0.001976;31.26;7
0.001976;31.21;7
0.001976;31.31;7
0.001976;31.35;7
0.001976;31.65;7
0.001976;31.26;7
0.001976;31.25;7
0.001976;31.28;7
0.001976;31.22;7
0.001976;31.24;7
0.001976;31.22;7
0.001976;31.22;7
0.001976;31.22;7
0.001976;31.29;7
0.001976;31.13;7
0.001976;31.27;7
0.001976;31.27;7
0.001976;31.24;7
0.001976;31.26;7
0.001976;31.19;7
0.001976;31.25;7
0.001976;31.22;7
0.001976;31.27;7
0.001976;31.23;7
0.001976;31.37;7
0.001976;31.24;7
0.001976;31.14;7
0.001976;31.23;7
0.001976;31.30;7
0.002037;31.21;8
0.002037;31.40;8
0.002037;31.38;8
0.002037;31.19;8
0.002037;31.27;8
0.002037;31.13;8
0.002037;31.88;8
0.002037;31.31;8
0.002037;31.95;8
0.002037;31.24;8
0.002037;31.85;8
0.002037;31.36;8
0.002037;31.72;8
0.002037;31.63;8
0.002037;31.60;8
0.002037;31.30;8
0.002037;31.18;8
0.002037;31.38;8
0.002037;31.27;8
0.002037;31.26;8
0.002037;31.17;8
0.002037;31.17;8
0.002037;31.16;8
0.002037;31.18;8
0.002037;31.11;8
0.002037;31.30;8
0.002037;31.18;8
0.002037;31.24;8
0.002037;31.13;8
0.002037;31.22;8
0.002037;32.49;8
0.002037;31.35;8
0.002037;31.12;8
0.002037;31.21;8
0.002037;31.17;8
0.002037;31.12;8
0.002037;30.98;8
0.002037;31.18;8
0.002037;31.24;8
0.002037;31.25;8
0.002037;31.24;8
0.002037;31.04;8
0.002037;31.22;8
0.002037;31.14;8
0.002037;31.34;8
0.002037;30.99;8
0.002037;31.25;8
0.002037;30.98;8
0.002037;31.06;8
0.002037;31.04;8
0.002035;30.98;8
0.002035;31.11;8
0.002035;31.34;8
0.002035;31.07;8
0.002035;31.11;8
0.002035;31.16;8
0.002035;31.22;8
0.002035;31.17;8
0.002035;31.12;8
0.002035;31.10;8
0.002035;31.11;8
0.002035;31.19;8
0.002035;31.04;8
0.002035;31.33;8
0.002035;31.19;8
0.002035;32.39;8
0.002035;31.57;8
0.002035;31.61;8
0.002035;31.60;8
0.002035;31.62;8
0.002035;31.75;8
0.002035;31.57;8
0.002035;31.67;8
0.002035;31.51;8
0.002035;31.67;8
0.002035;32.05;8
0.002035;32.05;8
0.002035;31.52;8
0.002035;31.56;8
0.002035;31.65;8
0.002035;31.50;8
0.002035;31.55;8
0.002035;31.69;8
0.002035;31.54;8
0.002035;31.65;8
0.002035;31.62;8
0.002035;31.52;8
0.002035;31.36;8
0.002035;31.42;8
0.002035;31.35;8
0.002035;31.55;8
0.002035;31.75;8
0.002035;31.87;8
0.002035;31.53;8
0.002035;31.69;8
0.002035;31.66;8
0.002035;31.63;8
0.002035;31.55;8
0.002035;31.61;8
0.002035;31.49;8
0.001997;31.41;9
0.001997;31.51;9
0.001997;31.56;9
0.001997;31.50;9
0.001997;31.68;9
0.001997;31.63;9
0.001997;31.65;9
0.001997;31.51;9
0.001997;31.50;9
0.001997;31.69;9
0.001997;31.68;9
0.001997;31.64;9
0.001997;31.45;9
0.001997;31.18;9
0.001997;31.25;9
0.001997;31.18;9
0.001997;31.22;9
0.001997;31.26;9
0.001997;31.11;9
0.001997;31.22;9
0.001997;31.87;9
0.001997;31.28;9
0.001997;31.84;9
0.001997;31.26;9
0.001997;32.00;9
0.001997;31.16;9
0.001997;31.90;9
0.001997;31.13;9
0.001997;31.66;9
0.001997;31.09;9
0.001997;31.15;9
0.001997;31.09;9
0.001997;31.30;9
0.001997;31.09;9
0.001997;31.03;9
0.001997;31.17;9
0.001997;31.36;9
0.001997;32.01;9
0.001997;31.24;9
0.001997;31.79;9
0.001997;32.82;9
0.001997;32.63;9
0.001997;31.03;9
0.001997;31.06;9
0.001997;30.89;9
0.001997;31.05;9
0.001997;30.96;9
0.001997;31.02;9
0.001997;31.02;9
0.001997;31.04;9
0.001968;30.88;9
0.001968;30.85;9
0.001968;30.99;9
0.001968;31.85;9
0.001968;31.16;9
0.001968;30.97;9
0.001968;31.14;9
0.001968;30.99;9
0.001968;31.22;9
0.001968;31.20;9
0.001968;32.50;9
0.001968;31.54;9
0.001968;31.41;9
0.001968;31.47;9
0.001968;31.46;9
0.001968;31.50;9
0.001968;31.61;9
0.001968;31.48;9
0.001968;31.04;9
0.001968;31.06;9
0.001968;31.14;9
0.001968;31.50;9
0.001968;31.63;9
0.001968;31.61;9
0.001968;31.47;9
0.001968;31.48;9
0.001968;31.63;9
0.001968;31.52;9
0.001968;31.62;9
0.001968;31.52;9
0.001968;31.43;9
0.001968;31.56;9
0.001968;31.59;9
0.001968;31.52;9
0.001968;31.46;9
0.001968;31.47;9
0.001968;31.64;9
0.001968;31.36;9
0.001968;31.37;9
0.001968;31.53;9
0.001968;31.46;9
0.001968;31.46;9
0.001968;31.56;9
0.001968;31.41;9
0.001968;31.35;9
0.001968;31.52;9
0.001968;31.44;9
0.001968;31.39;9
0.001968;31.50;9
0.001968;31.45;9
0.001988;31.55;10
0.001988;31.49;10
0.001988;31.52;10
0.001988;31.62;10
0.001988;31.75;10
0.001988;31.78;10
0.001988;31.72;10
0.001988;31.57;10
0.001988;31.57;10
0.001988;31.52;10
0.001988;31.55;10
0.001988;31.47;10
0.001988;31.37;10
0.001988;31.66;10
0.001988;31.64;10
0.001988;31.65;10
0.001988;31.78;10
0.001988;31.55;10
0.001988;31.61;10
0.001988;31.52;10
0.001988;31.12;10
0.001988;31.12;10
0.001988;31.19;10
0.001988;31.19;10
0.001988;31.16;10
0.001988;31.21;10
0.001988;32.05;10
0.001988;31.81;10
0.001988;31.36;10
0.001988;31.38;10
0.001988;31.40;10
0.001988;31.42;10
0.001988;32.12;10
0.001988;31.68;10
0.001988;31.98;10
0.001988;31.54;10
0.001988;32.06;10
0.001988;31.41;10
0.001988;31.96;10
0.001988;31.53;10
0.001988;31.87;10
0.001988;31.47;10
0.001988;32.01;10
0.001988;32.30;10
0.001988;31.32;10
0.001988;31.28;10
0.001988;31.41;10
0.001988;31.47;10
0.001988;31.10;10
0.001988;30.96;10
0.001986;31.08;10
0.001986;31.09;10
0.001986;31.18;10
0.001986;31.05;10
0.001986;31.09;10
0.001986;31.07;10
0.001986;31.17;10
0.001986;31.07;10
0.001986;31.03;10
0.001986;31.24;10
0.001986;31.47;10
0.001986;31.43;10
0.001986;31.33;10
0.001986;31.16;10
0.001986;31.02;10
0.001986;31.14;10
0.001986;31.18;10
0.001986;31.08;10
0.001986;31.08;10
0.001986;31.62;10
0.001986;31.38;10
0.001986;31.34;10
0.001986;31.35;10
0.001986;31.51;10
0.001986;31.38;10
0.001986;31.18;10
0.001986;31.31;10
0.001986;31.31;10
0.001986;31.40;10
0.001986;31.05;10
0.001986;30.99;10
0.001986;31.17;10
0.001986;31.04;10
0.001986;30.99;10
0.001986;31.34;10
0.001986;31.19;10
0.001986;31.30;10
0.001986;31.18;10
0.001986;31.29;10
0.001986;31.15;10
0.001986;31.20;10
0.001986;31.14;10
0.001986;31.22;10
0.001986;31.18;10
0.001986;31.25;10
0.001986;31.43;10
0.001986;31.27;10
0.001986;31.27;10
0.001986;31.36;10
0.001986;31.31;10
0.001976;31.29;11
0.001976;31.22;11
0.001976;31.53;11
0.001976;31.36;11
0.001976;31.48;11
0.001976;31.41;11
0.001976;31.42;11
0.001976;31.29;11
0.001976;31.54;11
0.001976;31.37;11
0.001976;31.32;11
0.001976;31.36;11
0.001976;31.17;11
0.001976;31.15;11
0.001976;31.28;11
0.001976;31.29;11
0.001976;31.50;11
0.001976;31.44;11
0.001976;31.51;11
0.001976;31.31;11
0.001976;31.81;11
0.001976;32.40;11
0.001976;31.39;11
0.001976;31.26;11
0.001976;31.42;11
0.001976;31.28;11
0.001976;31.34;11
0.001976;31.32;11
0.001976;31.31;11
0.001976;31.35;11
0.001976;31.28;11
0.001976;31.41;11
0.001976;31.69;11
0.001976;31.44;11
0.001976;31.68;11
0.001976;31.94;11
0.001976;31.32;11
0.001976;31.89;11
0.001976;30.96;11
0.001976;32.07;11
0.001976;31.34;11
0.001976;31.51;11
0.001976;31.41;11
0.001976;32.20;11
0.001976;32.44;11
0.001976;31.62;11
0.001976;32.53;11
0.001976;32.64;11
0.001976;31.62;11
0.001976;31.89;11
0.001999;31.30;11
0.001999;32.22;11
0.001999;32.94;11
0.001999;31.85;11
0.001999;32.06;11
0.001999;31.46;11
0.001999;31.86;11
0.001999;31.42;11
0.001999;31.53;11
0.001999;31.50;11
0.001999;31.49;11
0.001999;31.47;11
0.001999;31.55;11
0.001999;31.52;11
0.001999;31.37;11
0.001999;31.52;11
0.001999;31.44;11
0.001999;31.54;11
0.001999;31.10;11
0.001999;31.08;11
0.001999;30.97;11
0.001999;30.86;11
0.001999;31.05;11
0.001999;31.00;11
0.001999;30.91;11
0.001999;30.96;11
0.001999;31.12;11
0.001999;31.05;11
0.001999;30.96;11
0.001999;30.93;11
0.001999;30.97;11
0.001999;31.12;11
0.001999;30.86;11
0.001999;30.97;11
0.001999;31.21;11
0.001999;31.06;11
0.001999;30.90;11
0.001999;31.02;11
0.001999;31.19;11
0.001999;30.96;11
0.001999;30.91;11
0.001999;31.10;11
0.001999;30.87;11
0.001999;31.04;11
0.001999;31.09;11
0.001999;30.96;11
0.001999;30.98;11
0.001999;31.13;11
0.001999;31.19;11
0.001999;31.18;11
0.001970;31.28;12
0.001970;31.39;12
0.001970;31.17;12
0.001970;31.21;12
0.001970;32.78;12
0.001970;32.35;12
0.001970;32.51;12
0.001970;32.80;12
0.001970;32.79;12
0.001970;33.02;12
0.001970;32.43;12
0.001970;31.57;12
0.001970;31.86;12
0.001970;31.49;12
0.001970;31.22;12
0.001970;31.11;12
0.001970;31.25;12
0.001970;31.29;12
0.001970;31.32;12
0.001970;31.32;12
0.001970;31.30;12
0.001970;31.23;12
0.001970;31.24;12
0.001970;31.16;12
0.001970;31.30;12
0.001970;31.21;12
0.001970;31.36;12
0.001970;31.27;12
0.001970;31.08;12
0.001970;31.31;12
0.001970;31.21;12
0.001970;31.25;12
0.001970;31.13;12
0.001970;31.20;12
0.001970;31.32;12
0.001970;31.25;12
0.001970;31.09;12
0.001970;31.32;12
0.001970;31.41;12
0.001970;31.57;12
0.001970;31.51;12
0.001970;31.50;12
0.001970;31.57;12
0.001970;31.58;12
0.001970;31.62;12
0.001970;31.59;12
0.001970;31.26;12
0.001970;31.68;12
0.001970;31.26;12
0.001970;31.59;12
0.002007;31.34;12
0.002007;31.54;12
0.002007;31.50;12
0.002007;31.30;12
0.002007;31.81;12
0.002007;31.31;12
0.002007;31.20;12
0.002007;31.19;12
0.002007;31.22;12
0.002007;31.67;12
0.002007;31.54;12
0.002007;31.70;12
0.002007;31.51;12
0.002007;32.00;12
0.002007;31.58;12
0.002007;31.76;12
0.002007;31.23;12
0.002007;31.73;12
0.002007;31.49;12
0.002007;32.17;12
0.002007;31.56;12
0.002007;32.22;12
0.002007;31.51;12
0.002007;31.67;12
0.002007;31.66;12
0.002007;31.64;12
0.002007;31.63;12
0.002007;31.24;12
0.002007;31.69;12
0.002007;31.57;12
0.002007;31.69;12
0.002007;31.57;12
0.002007;31.62;12
0.002007;31.56;12
0.002007;31.65;12
0.002007;32.69;12
0.002007;31.60;12
0.002007;31.01;12
0.002007;31.14;12
0.002007;31.07;12
0.002007;31.14;12
0.002007;31.12;12
0.002007;31.04;12
0.002007;31.32;12
0.002007;31.06;12
0.002007;31.05;12
0.002007;31.58;12
0.002007;32.15;12
0.002007;31.59;12
0.002007;31.40;12
0.002011;31.58;13
0.002011;31.72;13
0.002011;31.79;13
0.002011;31.11;13
0.002011;32.36;13
0.002011;32.78;13
0.002011;32.20;13
0.002011;31.35;13
0.002011;31.16;13
0.002011;31.10;13
0.002011;31.13;13
0.002011;31.25;13
0.002011;31.30;13
0.002011;31.22;13
0.002011;31.24;13
0.002011;31.09;13
0.002011;31.30;13
0.002011;31.30;13
0.002011;32.77;13
0.002011;31.21;13
0.002011;31.17;13
0.002011;31.09;13
0.002011;32.09;13
0.002011;32.93;13
0.002011;32.99;13
0.002011;33.15;13
0.002011;32.79;13
0.002011;31.69;13
0.002011;31.18;13
0.002011;31.20;13
0.002011;31.18;13
0.002011;31.14;13
0.002011;31.14;13
0.002011;31.03;13
0.002011;31.09;13
0.002011;31.18;13
0.002011;31.22;13
0.002011;31.17;13
0.002011;31.04;13
0.002011;31.00;13
0.002011;31.31;13
0.002011;31.06;13
0.002011;31.11;13
0.002011;31.13;13
0.002011;31.16;13
0.002011;31.09;13
0.002011;31.23;13
0.002011;31.10;13
0.002011;31.34;13
0.002011;31.22;13
0.001980;31.11;13
0.001980;31.12;13
0.001980;31.05;13
0.001980;31.11;13
0.001980;31.20;13
0.001980;31.11;13
0.001980;31.08;13
0.001980;31.06;13
0.001980;30.99;13
0.001980;30.94;13
0.001980;31.09;13
0.001980;31.03;13
0.001980;31.01;13
0.001980;30.98;13
0.001980;31.21;13
0.001980;30.92;13
0.001980;31.00;13
0.001980;30.94;13
0.001980;30.88;13
0.001980;31.18;13
0.001980;31.09;13
0.001980;31.10;13
0.001980;30.98;13
0.001980;30.99;13
0.001980;31.15;13
0.001980;31.05;13
0.001980;31.14;13
0.001980;31.46;13
0.001980;31.26;13
0.001980;31.59;13
0.001980;31.13;13
0.001980;31.52;13
0.001980;30.93;13
0.001980;31.49;13
0.001980;31.02;13
0.001980;31.49;13
0.001980;31.03;13
0.001980;31.01;13
0.001980;30.99;13
0.001980;30.75;13
0.001980;30.52;13
0.001980;30.47;13
0.001980;30.46;13
0.001980;30.55;13
0.001980;30.45;13
0.001980;30.63;13
0.001980;30.57;13
0.001980;30.65;13
0.001980;30.61;13
0.001980;30.49;13
0.002013;30.97;14
0.002013;31.00;14
0.002013;31.16;14
0.002013;31.08;14
0.002013;31.16;14
0.002013;31.30;14
0.002013;31.19;14
0.002013;31.18;14
0.002013;31.32;14
0.002013;31.04;14
0.002013;31.18;14
0.002013;31.84;14
0.002013;32.63;14
0.002013;31.46;14
0.002013;30.99;14
0.002013;31.03;14
0.002013;31.18;14
0.002013;31.06;14
0.002013;31.06;14
0.002013;31.23;14
0.002013;31.01;14
0.002013;31.01;14
0.002013;31.34;14
0.002013;32.28;14
0.002013;32.33;14
0.002013;32.53;14
0.002013;31.86;14
0.002013;30.77;14
0.002013;30.85;14
0.002013;31.01;14
0.002013;30.86;14
0.002013;30.95;14
0.002013;30.92;14
0.002013;30.78;14
0.002013;30.83;14
0.002013;30.85;14
0.002013;31.00;14
0.002013;30.83;14
0.002013;30.93;14
0.002013;30.93;14
0.002013;30.91;14
0.002013;30.87;14
0.002013;31.01;14
0.002013;30.92;14
0.002013;30.95;14
0.002013;31.08;14
0.002013;30.84;14
0.002013;30.98;14
0.002013;30.92;14
0.002013;30.81;14
0.002014;31.00;14
0.002014;30.97;14
0.002014;31.09;14
0.002014;30.87;14
0.002014;31.08;14
0.002014;31.00;14
0.002014;31.19;14
0.002014;30.85;14
0.002014;30.96;14
0.002014;30.83;14
0.002014;31.06;14
0.002014;30.85;14
0.002014;30.98;14
0.002014;30.91;14
0.002014;31.10;14
0.002014;30.95;14
0.002014;30.93;14
0.002014;30.89;14
0.002014;30.85;14
0.002014;30.90;14
0.002014;30.98;14
0.002014;30.92;14
0.002014;31.00;14
0.002014;30.89;14
0.002014;30.99;14
0.002014;30.89;14
0.002014;30.90;14
0.002014;30.96;14
0.002014;30.92;14
0.002014;31.02;14
0.002014;30.97;14
0.002014;30.88;14
0.002014;30.86;14
0.002014;30.96;14
0.002014;30.85;14
0.002014;30.97;14
0.002014;30.95;14
0.002014;30.85;14
0.002014;30.98;14
0.002014;30.97;14
0.002014;31.07;14
0.002014;30.91;14
0.002014;31.48;14
0.002014;30.90;14
0.002014;31.50;14
0.002014;30.98;14
0.002014;31.41;14
0.002014;30.93;14
0.002014;31.36;14
0.002014;30.90;14
0.002040;31.43;15
0.002040;30.98;15
0.002040;31.05;15
0.002040;31.02;15
0.002040;31.04;15
0.002040;31.06;15
0.002040;31.01;15
0.002040;31.01;15
0.002040;31.02;15
0.002040;31.02;15
0.002040;30.98;15
0.002040;30.85;15
0.002040;31.07;15
0.002040;30.95;15
0.002040;30.99;15
0.002040;30.87;15
0.002040;31.10;15
0.002040;31.07;15
0.002040;31.03;15
0.002040;30.99;15
0.002040;31.11;15
0.002040;31.06;15
0.002040;30.98;15
0.002040;30.96;15
0.002040;30.86;15
0.002040;30.97;15
0.002040;30.97;15
0.002040;30.96;15
0.002040;30.93;15
0.002040;30.83;15
0.002040;30.89;15
0.002040;30.97;15
0.002040;31.16;15
0.002040;31.05;15
0.002040;31.09;15
0.002040;30.94;15
0.002040;30.95;15
0.002040;31.08;15
0.002040;30.88;15
0.002040;30.99;15
0.002040;30.89;15
0.002040;31.08;15
0.002040;31.09;15
0.002040;30.93;15
0.002040;31.02;15
0.002040;30.90;15
0.002040;31.04;15
0.002040;30.98;15
0.002040;31.34;15
0.002040;31.62;15
0.001993;32.63;15
0.001993;32.79;15
0.001993;32.84;15
0.001993;32.11;15
0.001993;31.63;15
0.001993;31.47;15
0.001993;31.71;15
0.001993;31.48;15
0.001993;31.83;15
0.001993;32.63;15
0.001993;31.45;15
0.001993;31.51;15
0.001993;32.62;15
0.001993;32.25;15
0.001993;31.54;15
0.001993;31.62;15
0.001993;31.65;15
0.001993;31.51;15
0.001993;31.55;15
0.001993;31.28;15
0.001993;31.40;15
0.001993;31.53;15
0.001993;31.37;15
0.001993;31.49;15
0.001993;31.42;15
0.001993;31.41;15
0.001993;31.51;15
0.001993;31.49;15
0.001993;31.54;15
0.001993;31.45;15
0.001993;31.25;15
0.001993;31.19;15
0.001993;31.31;15
0.001993;31.07;15
0.001993;31.32;15
0.001993;31.33;15
0.001993;31.23;15
0.001993;31.22;15
0.001993;31.32;15
0.001993;31.26;15
0.001993;31.07;15
0.001993;31.10;15
0.001993;31.23;15
0.001993;31.24;15
0.001993;31.16;15
0.001993;31.29;15
0.001993;31.06;15
0.001993;31.15;15
0.001993;31.18;15
0.001993;31.20;15
0.002040;31.37;16
0.002040;31.37;16
0.002040;31.44;16
0.002040;31.36;16
0.002040;31.74;16
0.002040;31.50;16
0.002040;31.49;16
0.002040;31.64;16
0.002040;32.11;16
0.002040;31.57;16
0.002040;32.07;16
0.002040;31.61;16
0.002040;31.82;16
0.002040;31.88;16
0.002040;31.64;16
0.002040;32.04;16
0.002040;31.49;16
0.002040;31.92;16
0.002040;31.39;16
0.002040;31.32;16
0.002040;31.40;16
0.002040;31.39;16
0.002040;31.90;16
0.002040;31.82;16
0.002040;31.80;16
0.002040;31.34;16
0.002040;31.96;16
0.002040;31.40;16
0.002040;31.88;16
0.002040;31.48;16
0.002040;31.86;16
0.002040;31.34;16
0.002040;31.30;16
0.002040;31.12;16
0.002040;31.28;16
0.002040;31.16;16
0.002040;30.94;16
0.002040;31.32;16
0.002040;31.31;16
0.002040;31.20;16
0.002040;31.35;16
0.002040;31.19;16
0.002040;31.15;16
0.002040;31.42;16
0.002040;31.05;16
0.002040;31.35;16
0.002040;31.26;16
0.002040;31.43;16
0.002040;31.20;16
0.002040;31.34;16
0.002005;31.35;16
0.002005;31.29;16
0.002005;32.25;16
0.002005;31.57;16
0.002005;31.45;16
0.002005;31.63;16
0.002005;31.60;16
0.002005;31.57;16
0.002005;31.54;16
0.002005;31.51;16
0.002005;31.64;16
0.002005;31.57;16
0.002005;31.58;16
0.002005;31.45;16
0.002005;31.55;16
0.002005;31.42;16
0.002005;31.44;16
0.002005;31.50;16
0.002005;31.64;16
0.002005;31.58;16
0.002005;31.51;16
0.002005;31.55;16
0.002005;31.63;16
0.002005;31.83;16
0.002005;31.61;16
0.002005;31.53;16
0.002005;31.60;16
0.002005;31.47;16
0.002005;31.45;16
0.002005;31.58;16
0.002005;31.42;16
0.002005;31.62;16
0.002005;31.54;16
0.002005;31.49;16
0.002005;31.45;16
0.002005;31.57;16
0.002005;31.53;16
0.002005;31.56;16
0.002005;31.49;16
0.002005;31.46;16
0.002005;31.64;16
0.002005;31.53;16
0.002005;31.59;16
0.002005;31.47;16
0.002005;31.66;16
0.002005;31.49;16
0.002005;31.99;16
0.002005;32.77;16
0.002005;32.89;16
0.002005;32.93;16
0.001998;32.61;17
0.001998;32.78;17
0.001998;32.61;17
0.001998;32.52;17
0.001998;32.65;17
0.001998;31.60;17
0.001998;31.19;17
0.001998;31.07;17
0.001998;31.31;17
0.001998;31.30;17
0.001998;31.11;17
0.001998;31.11;17
0.001998;31.10;17
0.001998;32.05;17
0.001998;31.91;17
0.001998;31.47;17
0.001998;31.32;17
0.001998;31.26;17
0.001998;31.32;17
0.001998;31.36;17
0.001998;31.48;17
0.001998;31.84;17
0.001998;31.58;17
0.001998;31.90;17
0.001998;31.45;17
0.001998;31.82;17
0.001998;31.40;17
0.001998;32.55;17
0.001998;32.64;17
0.001998;33.10;17
0.001998;32.73;17
0.001998;32.72;17
0.001998;32.14;17
0.001998;32.32;17
0.001998;32.36;17
0.001998;32.15;17
0.001998;31.24;17
0.001998;30.74;17
0.001998;30.95;17
0.001998;31.03;17
0.001998;31.43;17
0.001998;31.21;17
0.001998;31.32;17
0.001998;31.37;17
0.001998;31.25;17
0.001998;31.71;17
0.001998;31.77;17
0.001998;31.82;17
0.001998;31.95;17
0.001998;31.73;17
0.002029;31.74;17
0.002029;32.73;17
0.002029;31.52;17
0.002029;31.02;17
0.002029;31.09;17
0.002029;30.98;17
0.002029;31.10;17
0.002029;31.08;17
0.002029;31.20;17
0.002029;30.97;17
0.002029;31.08;17
0.002029;31.12;17
0.002029;31.21;17
0.002029;31.10;17
0.002029;31.08;17
0.002029;31.05;17
0.002029;32.75;17
0.002029;32.08;17
0.002029;31.21;17
0.002029;31.24;17
0.002029;31.15;17
0.002029;30.94;17
0.002029;31.01;17
0.002029;31.16;17
0.002029;30.98;17
0.002029;31.03;17
0.002029;31.09;17
0.002029;31.10;17
0.002029;31.12;17
0.002029;31.07;17
0.002029;31.09;17
0.002029;31.12;17
0.002029;31.19;17
0.002029;31.05;17
0.002029;30.98;17
0.002029;31.12;17
0.002029;31.11;17
0.002029;31.19;17
0.002029;31.18;17
0.002029;31.00;17
0.002029;31.14;17
0.002029;31.02;17
0.002029;31.17;17
0.002029;30.99;17
0.002029;31.15;17
0.002029;32.01;17
0.002029;32.20;17
0.002029;32.36;17
0.002029;32.31;17
0.002029;32.06;17
0.001997;32.24;18
0.001997;32.25;18
0.001997;31.92;18
0.001997;32.41;18
0.001997;32.45;18
0.001997;32.46;18
0.001997;32.41;18
0.001997;32.26;18
0.001997;32.41;18
0.001997;32.48;18
0.001997;32.48;18
0.001997;32.47;18
0.001997;32.01;18
0.001997;31.63;18
0.001997;31.48;18
0.001997;31.74;18
0.001997;31.51;18
0.001997;31.42;18
0.001997;31.34;18
0.001997;31.66;18
0.001997;32.15;18
0.001997;31.03;18
0.001997;30.98;18
0.001997;31.13;18
0.001997;31.11;18
0.001997;30.94;18
0.001997;31.02;18
0.001997;31.17;18
0.001997;31.13;18
0.001997;31.08;18
0.001997;31.06;18
0.001997;31.12;18
0.001997;31.09;18
0.001997;31.11;18
0.001997;31.13;18
0.001997;31.61;18
0.001997;31.16;18
0.001997;31.54;18
0.001997;31.03;18
0.001997;31.74;18
0.001997;31.12;18
0.001997;31.81;18
0.001997;31.19;18
0.001997;31.59;18
0.001997;31.29;18
0.001997;31.20;18
0.001997;31.28;18
0.001997;31.31;18
0.001997;31.19;18
0.001997;31.10;18
0.002037;31.09;18
0.002037;31.18;18
0.002037;31.28;18
0.002037;31.08;18
0.002037;31.14;18
0.002037;31.42;18
0.002037;31.11;18
0.002037;31.19;18
0.002037;31.07;18
0.002037;31.13;18
0.002037;31.21;18
0.002037;31.11;18
0.002037;31.02;18
0.002037;31.11;18
0.002037;31.02;18
0.002037;30.98;18
0.002037;30.96;18
0.002037;31.06;18
0.002037;31.13;18
0.002037;31.22;18
0.002037;31.06;18
0.002037;31.13;18
0.002037;31.01;18
0.002037;31.15;18
0.002037;30.97;18
0.002037;30.95;18
0.002037;31.14;18
0.002037;31.00;18
0.002037;30.90;18
0.002037;31.19;18
0.002037;31.00;18
0.002037;30.98;18
0.002037;31.01;18
0.002037;30.93;18
0.002037;30.94;18
0.002037;30.88;18
0.002037;31.32;18
0.002037;31.51;18
0.002037;31.55;18
0.002037;31.32;18
0.002037;31.68;18
0.002037;31.43;18
0.002037;31.54;18
0.002037;31.48;18
0.002037;31.42;18
0.002037;31.50;18
0.002037;31.36;18
0.002037;31.45;18
0.002037;31.45;18
0.002037;31.56;18
0.002028;31.41;19
0.002028;31.80;19
0.002028;31.55;19
0.002028;31.54;19
0.002028;31.72;19
0.002028;31.65;19
0.002028;31.68;19
0.002028;31.66;19
0.002028;31.54;19
0.002028;31.70;19
0.002028;31.54;19
0.002028;31.66;19
0.002028;31.54;19
0.002028;31.70;19
0.002028;31.61;19
0.002028;31.55;19
0.002028;31.53;19
0.002028;31.32;19
0.002028;31.54;19
0.002028;31.45;19
0.002028;31.31;19
0.002028;31.35;19
0.002028;31.10;19
0.002028;31.02;19
0.002028;31.02;19
0.002028;31.02;19
0.002028;31.04;19
0.002028;31.42;19
0.002028;31.34;19
0.002028;31.51;19
0.002028;31.58;19
0.002028;31.35;19
0.002028;31.43;19
0.002028;31.41;19
0.002028;31.41;19
0.002028;31.32;19
0.002028;31.43;19
0.002028;31.40;19
0.002028;31.37;19
0.002028;31.48;19
0.002028;31.49;19
0.002028;31.37;19
0.002028;31.41;19
0.002028;31.34;19
0.002028;31.48;19
0.002028;31.29;19
0.002028;31.38;19
0.002028;31.52;19
0.002028;31.35;19
0.002028;31.38;19
0.001982;31.92;19
0.001982;31.47;19
0.001982;31.93;19
0.001982;31.40;19
0.001982;31.87;19
0.001982;31.10;19
0.001982;31.86;19
0.001982;31.69;19
0.001982;31.79;19
0.001982;31.42;19
0.001982;31.47;19
0.001982;31.40;19
0.001982;31.40;19
0.001982;31.48;19
0.001982;31.45;19
0.001982;31.47;19
0.001982;31.48;19
0.001982;31.32;19
0.001982;31.45;19
0.001982;31.44;19
0.001982;31.36;19
0.001982;31.45;19
0.001982;31.39;19
0.001982;31.47;19
0.001982;31.49;19
0.001982;31.20;19
0.001982;31.23;19
0.001982;31.25;19
0.001982;31.05;19
0.001982;30.95;19
0.001982;31.08;19
0.001982;31.74;19
0.001982;32.60;19
0.001982;32.81;19
0.001982;32.57;19
0.001982;32.66;19
0.001982;32.56;19
0.001982;32.82;19
0.001982;32.86;19
0.001982;32.56;19
0.001982;32.13;19
0.001982;32.42;19
0.001982;32.25;19
0.001982;32.53;19
0.001982;32.31;19
0.001982;32.11;19
0.001982;32.18;19
0.001982;31.98;19
0.001982;32.36;19
0.001982;32.28;19
