loss;elapsed_time;iteration
0.002050;31.29;0
0.002047;30.32;0
0.002045;30.30;0
0.002043;30.29;0
0.002042;30.18;0
0.002040;30.26;0
0.002039;30.18;0
0.002038;30.25;0
0.002037;30.11;0
0.002036;30.41;0
0.002035;30.37;0
0.002034;30.39;0
0.002034;30.37;0
0.002033;30.22;0
0.002032;30.44;0
0.002032;30.87;0
0.002031;30.81;0
0.002031;30.83;0
0.002031;30.71;0
0.002030;30.78;0
0.002030;30.66;0
0.002029;30.62;0
0.002029;30.68;0
0.002029;30.48;0
0.002029;30.61;0
0.002028;30.55;0
0.002028;30.40;0
0.002028;29.88;0
0.002028;29.68;0
0.002028;29.68;0
0.002027;30.93;0
0.002027;30.11;0
0.002027;30.62;0
0.002027;30.53;0
0.002027;30.56;0
0.002027;30.32;0
0.002027;29.96;0
0.002027;29.85;0
0.002026;29.88;0
0.002026;29.76;0
0.002026;30.00;0
0.002026;29.93;0
0.002026;29.84;0
0.002026;29.78;0
0.002026;29.80;0
0.002026;29.76;0
0.002026;29.71;0
0.002026;29.86;0
0.002026;29.72;0
0.002026;29.75;0
0.002026;29.71;0
0.002026;29.71;0
0.002025;29.93;0
0.002025;29.90;0
0.002025;29.93;0
0.002025;29.91;0
0.002025;29.57;0
0.002025;29.55;0
0.002025;30.83;0
0.002025;30.16;0
0.002025;30.15;0
0.002025;30.51;0
0.002025;29.89;0
0.002025;30.35;0
0.002025;29.76;0
0.002025;30.25;0
0.002025;29.78;0
0.002025;30.18;0
0.002025;29.63;0
0.002025;29.56;0
0.002025;29.53;0
0.002025;29.36;0
0.002025;29.59;0
0.002024;29.50;0
0.002024;29.48;0
0.002024;29.62;0
0.002024;29.50;0
0.002024;29.53;0
0.002024;29.51;0
0.002024;29.60;0
0.002024;29.50;0
0.002024;29.55;0
0.002024;29.72;0
0.002024;29.62;0
0.002024;30.68;0
0.002024;29.68;0
0.002024;29.52;0
0.002024;29.55;0
0.002024;29.48;0
0.002024;29.46;0
0.002024;29.63;0
0.002024;29.60;0
0.002024;29.57;0
0.002024;29.63;0
0.002024;29.44;0
0.002024;29.37;0
0.002024;29.49;0
0.002024;29.58;0
0.002024;29.69;0
0.002024;29.74;0
0.533885;29.36;1
0.352066;29.69;1
0.235540;29.87;1
0.163290;29.96;1
0.113843;29.77;1
0.077952;29.35;1
0.051505;29.17;1
0.032518;30.37;1
0.019708;29.59;1
0.011680;29.88;1
0.006986;29.89;1
0.004410;29.88;1
0.003077;30.30;1
0.002437;30.12;1
0.002149;30.21;1
0.002029;30.05;1
0.001983;30.09;1
0.001966;29.96;1
0.001961;30.07;1
0.001959;29.98;1
0.001959;29.97;1
0.001959;30.11;1
0.001959;30.06;1
0.001958;30.15;1
0.001958;29.50;1
0.001958;29.39;1
0.001958;29.46;1
0.001958;29.28;1
0.001958;29.57;1
0.001958;29.70;1
0.001958;29.60;1
0.001958;29.80;1
0.001958;29.90;1
0.001958;30.12;1
0.001958;29.98;1
0.001958;29.85;1
0.001958;30.88;1
0.001958;29.81;1
0.001958;29.71;1
0.001958;29.82;1
0.001958;29.96;1
0.001958;29.90;1
0.001958;30.23;1
0.001958;29.88;1
0.001958;29.93;1
0.001958;29.76;1
0.001958;29.71;1
0.001958;29.49;1
0.001958;29.60;1
0.001958;30.08;1
0.002046;30.10;1
0.002046;30.09;1
0.002046;29.72;1
0.002046;29.70;1
0.002046;29.59;1
0.002045;29.76;1
0.002045;29.83;1
0.002045;29.66;1
0.002045;29.60;1
0.002045;29.76;1
0.002045;29.78;1
0.002045;29.52;1
0.002045;29.81;1
0.002045;29.74;1
0.002045;29.72;1
0.002045;30.94;1
0.002045;29.73;1
0.002045;29.80;1
0.002045;29.85;1
0.002045;29.96;1
0.002045;29.81;1
0.002045;29.75;1
0.002045;29.72;1
0.002045;29.77;1
0.002045;29.70;1
0.002045;29.66;1
0.002045;29.70;1
0.002045;29.75;1
0.002045;29.82;1
0.002045;29.68;1
0.002045;30.18;1
0.002045;29.64;1
0.002045;30.20;1
0.002045;29.77;1
0.002045;30.15;1
0.002045;29.68;1
0.002045;30.25;1
0.002045;29.57;1
0.002045;30.19;1
0.002045;29.68;1
0.002045;29.70;1
0.002045;29.60;1
0.002045;29.86;1
0.002045;31.05;1
0.002045;29.69;1
0.002045;29.71;1
0.002045;29.74;1
0.002045;29.64;1
0.002045;29.77;1
0.002045;30.16;1
0.001965;29.76;2
0.001965;30.17;2
0.001965;29.55;2
0.001965;30.15;2
0.001965;30.16;2
0.001965;29.89;2
0.001965;29.81;2
0.001965;29.91;2
0.001964;30.57;2
0.001964;29.38;2
0.001964;29.94;2
0.001964;30.02;2
0.001964;29.97;2
0.001964;29.72;2
0.001964;29.60;2
0.001964;29.72;2
0.001964;29.52;2
0.001964;29.43;2
0.001964;29.39;2
0.001964;29.47;2
0.001963;29.51;2
0.001963;29.38;2
0.001963;29.70;2
0.001963;29.52;2
0.001963;30.66;2
0.001963;29.52;2
0.001963;29.53;2
0.001963;29.59;2
0.001963;29.54;2
0.001963;29.42;2
0.001963;29.53;2
0.001963;29.60;2
0.001963;29.91;2
0.001963;29.45;2
0.001963;29.43;2
0.001963;29.49;2
0.001963;29.50;2
0.001963;29.54;2
0.001963;29.60;2
0.001963;29.68;2
0.001963;29.68;2
0.001963;29.55;2
0.001962;29.45;2
0.001962;29.60;2
0.001962;29.87;2
0.001962;29.77;2
0.001962;29.69;2
0.001962;29.91;2
0.001962;31.11;2
0.001962;30.17;2
0.001972;29.88;2
0.001971;29.59;2
0.001971;29.69;2
0.001971;29.71;2
0.001971;29.67;2
0.001971;30.07;2
0.001971;30.20;2
0.001971;30.16;2
0.001971;29.66;2
0.001971;29.56;2
0.001971;29.44;2
0.001971;29.82;2
0.001971;29.54;2
0.001971;29.43;2
0.001971;29.47;2
0.001971;29.26;2
0.001971;29.33;2
0.001971;29.30;2
0.001971;29.40;2
0.001971;29.32;2
0.001971;29.36;2
0.001971;29.22;2
0.001971;29.33;2
0.001971;30.54;2
0.001971;29.27;2
0.001971;29.32;2
0.001971;29.37;2
0.001971;29.65;2
0.001971;29.87;2
0.001971;29.70;2
0.001971;29.52;2
0.001971;29.44;2
0.001971;29.29;2
0.001971;29.42;2
0.001971;29.47;2
0.001971;29.41;2
0.001971;29.36;2
0.001971;29.38;2
0.001971;29.35;2
0.001971;29.61;2
0.001971;29.32;2
0.001971;29.30;2
0.001971;29.37;2
0.001971;29.89;2
0.001971;30.62;2
0.001971;29.31;2
0.001971;29.47;2
0.001971;29.34;2
0.001971;29.35;2
0.001971;29.36;2
0.001973;29.13;3
0.001973;29.72;3
0.001973;29.19;3
0.001973;29.80;3
0.001973;29.36;3
0.001973;29.86;3
0.001973;29.23;3
0.001973;29.76;3
0.001973;29.52;3
0.001973;29.82;3
0.001973;29.26;3
0.001973;29.62;3
0.001973;29.43;3
0.001972;29.51;3
0.001972;29.35;3
0.001972;29.45;3
0.001972;29.41;3
0.001972;30.64;3
0.001972;29.40;3
0.001972;29.37;3
0.001972;29.36;3
0.001972;29.24;3
0.001972;29.42;3
0.001972;29.37;3
0.001972;29.35;3
0.001972;30.03;3
0.001972;30.65;3
0.001972;30.90;3
0.001972;30.74;3
0.001972;30.63;3
0.001972;30.59;3
0.001972;31.11;3
0.001971;30.82;3
0.001971;31.19;3
0.001971;29.55;3
0.001971;29.66;3
0.001971;29.75;3
0.001971;29.91;3
0.001971;30.12;3
0.001971;29.91;3
0.001971;29.66;3
0.001971;30.06;3
0.001971;29.85;3
0.001971;29.86;3
0.001971;29.79;3
0.001971;30.39;3
0.001971;29.88;3
0.001971;30.42;3
0.001971;30.50;3
0.001971;32.32;3
0.001988;30.22;3
0.001988;30.39;3
0.001987;29.97;3
0.001987;30.34;3
0.001987;29.67;3
0.001987;31.07;3
0.001987;29.78;3
0.001987;30.14;3
0.001987;30.47;3
0.001987;30.10;3
0.001987;30.26;3
0.001987;30.06;3
0.001987;29.99;3
0.001987;29.62;3
0.001987;29.79;3
0.001987;29.71;3
0.001987;29.90;3
0.001986;30.08;3
0.001987;30.20;3
0.001987;30.21;3
0.001987;30.07;3
0.001987;30.06;3
0.001987;30.08;3
0.001987;29.93;3
0.001987;29.92;3
0.001987;30.07;3
0.001987;30.04;3
0.001987;30.07;3
0.001986;30.01;3
0.001987;30.08;3
0.001987;30.12;3
0.001986;29.87;3
0.001986;30.06;3
0.001986;30.00;3
0.001986;29.91;3
0.001986;30.03;3
0.001986;29.86;3
0.001987;30.05;3
0.001987;31.33;3
0.001987;30.11;3
0.001987;29.77;3
0.001986;29.84;3
0.001986;29.73;3
0.001986;29.75;3
0.001986;29.74;3
0.001987;29.88;3
0.001987;29.77;3
0.001986;29.48;3
0.001987;29.41;3
0.001987;29.53;3
0.001955;29.56;4
0.001955;29.44;4
0.001955;29.36;4
0.001955;29.62;4
0.001955;29.58;4
0.001955;29.54;4
0.001955;29.58;4
0.001955;29.53;4
0.001955;29.46;4
0.001954;29.55;4
0.001955;29.46;4
0.001954;29.53;4
0.001954;29.58;4
0.001954;29.48;4
0.001954;29.47;4
0.001954;30.78;4
0.001954;29.32;4
0.001954;31.59;4
0.001954;31.99;4
0.001954;30.91;4
0.001954;30.10;4
0.001954;31.08;4
0.001954;31.38;4
0.001955;30.90;4
0.001954;31.03;4
0.001954;30.82;4
0.001954;31.03;4
0.001954;30.69;4
0.001955;30.97;4
0.001954;29.22;4
0.001954;29.25;4
0.001954;29.20;4
0.001954;29.22;4
0.001954;29.30;4
0.001954;29.31;4
0.001954;29.30;4
0.001954;29.21;4
0.001954;29.17;4
0.001954;29.26;4
0.001954;29.19;4
0.001954;29.27;4
0.001954;29.51;4
0.001954;29.46;4
0.001954;29.52;4
0.001954;29.53;4
0.001954;29.46;4
0.001954;29.84;4
0.001954;29.75;4
0.001954;30.95;4
0.001954;29.38;4
0.002009;29.29;4
0.002009;29.23;4
0.002009;29.17;4
0.002009;29.07;4
0.002009;29.25;4
0.002009;29.23;4
0.002009;29.29;4
0.002009;29.17;4
0.002009;29.45;4
0.002009;29.30;4
0.002009;29.38;4
0.002009;29.26;4
0.002009;29.25;4
0.002009;29.21;4
0.002009;29.39;4
0.002009;29.19;4
0.002009;29.27;4
0.002009;29.32;4
0.002009;30.49;4
0.002009;29.39;4
0.002009;29.34;4
0.002009;29.43;4
0.002009;29.40;4
0.002009;29.41;4
0.002009;29.22;4
0.002009;29.19;4
0.002009;29.87;4
0.002009;32.20;4
0.002009;30.36;4
0.002009;30.63;4
0.002009;30.36;4
0.002009;30.91;4
0.002009;29.44;4
0.002009;29.19;4
0.002009;29.39;4
0.002009;29.45;4
0.002009;29.35;4
0.002009;29.37;4
0.002008;29.35;4
0.002008;29.28;4
0.002008;29.33;4
0.002009;29.25;4
0.002009;30.50;4
0.002009;29.43;4
0.002009;29.32;4
0.002009;29.28;4
0.002008;29.39;4
0.002008;29.19;4
0.002008;29.13;4
0.002008;29.29;4
0.001946;28.49;5
0.001946;29.27;5
0.001946;29.20;5
0.001946;30.50;5
0.001946;29.30;5
0.001946;29.14;5
0.001946;29.24;5
0.001946;29.33;5
0.001946;29.30;5
0.001946;29.32;5
0.001946;29.27;5
0.001946;29.31;5
0.001946;29.37;5
0.001946;29.30;5
0.001946;29.32;5
0.001946;29.40;5
0.001946;29.39;5
0.001946;29.30;5
0.001946;29.29;5
0.001946;29.35;5
0.001946;29.31;5
0.001946;29.34;5
0.001946;30.59;5
0.001946;29.35;5
0.001946;29.61;5
0.001946;29.82;5
0.001946;29.78;5
0.001946;29.40;5
0.001946;29.32;5
0.001946;29.29;5
0.001946;29.30;5
0.001946;29.22;5
0.001946;29.31;5
0.001946;29.32;5
0.001946;29.39;5
0.001946;29.34;5
0.001946;29.36;5
0.001946;29.37;5
0.001946;29.49;5
0.001946;29.28;5
0.001946;29.32;5
0.001946;29.30;5
0.001946;31.13;5
0.001946;29.26;5
0.001946;30.01;5
0.001946;29.23;5
0.001946;29.90;5
0.001946;29.30;5
0.001946;29.73;5
0.001946;29.33;5
0.001992;29.56;5
0.001992;29.24;5
0.001992;29.49;5
0.001992;29.33;5
0.001992;29.17;5
0.001992;29.23;5
0.001992;29.19;5
0.001992;29.23;5
0.001992;29.13;5
0.001992;29.04;5
0.001992;29.00;5
0.001992;29.12;5
0.001992;30.34;5
0.001992;29.09;5
0.001992;29.11;5
0.001992;29.08;5
0.001992;29.50;5
0.001992;29.10;5
0.001992;28.96;5
0.001992;29.10;5
0.001992;29.05;5
0.001992;29.15;5
0.001992;29.19;5
0.001992;29.12;5
0.001992;29.27;5
0.001992;29.19;5
0.001992;29.13;5
0.001992;29.26;5
0.001992;29.09;5
0.001992;30.37;5
0.001992;29.18;5
0.001992;29.21;5
0.001992;29.41;5
0.001992;29.66;5
0.001992;29.78;5
0.001992;29.81;5
0.001992;29.74;5
0.001992;29.63;5
0.001992;29.77;5
0.001992;29.72;5
0.001992;29.53;5
0.001992;29.63;5
0.001992;29.52;5
0.001992;29.73;5
0.001992;29.66;5
0.001992;29.71;5
0.001992;29.49;5
0.001992;29.54;5
0.001992;29.48;5
0.001992;29.32;5
0.001929;29.18;6
0.001929;29.35;6
0.001929;29.56;6
0.001929;29.62;6
0.001929;30.76;6
0.001929;29.38;6
0.001929;29.31;6
0.001929;29.45;6
0.001929;29.42;6
0.001929;29.60;6
0.001929;29.59;6
0.001929;29.63;6
0.001929;29.47;6
0.001929;29.28;6
0.001929;29.36;6
0.001929;29.67;6
0.001929;29.74;6
0.001929;29.63;6
0.001929;29.72;6
0.001929;29.74;6
0.001929;29.65;6
0.001929;29.55;6
0.001929;29.41;6
0.001929;29.37;6
0.001929;29.43;6
0.001929;29.59;6
0.001929;30.53;6
0.001929;29.46;6
0.001929;29.35;6
0.001929;29.28;6
0.001929;29.49;6
0.001929;29.57;6
0.001929;29.27;6
0.001929;29.37;6
0.001929;29.48;6
0.001929;29.48;6
0.001929;29.62;6
0.001929;29.71;6
0.001929;29.53;6
0.001929;29.74;6
0.001929;29.63;6
0.001929;29.71;6
0.001929;29.67;6
0.001929;29.77;6
0.001929;29.49;6
0.001929;29.71;6
0.001929;29.70;6
0.001929;29.69;6
0.001929;30.79;6
0.001929;29.75;6
0.002010;29.52;6
0.002010;29.69;6
0.002010;29.36;6
0.002010;29.39;6
0.002010;29.37;6
0.002010;29.42;6
0.002010;29.30;6
0.002010;29.39;6
0.002010;29.38;6
0.002010;29.36;6
0.002010;29.47;6
0.002010;29.21;6
0.002010;29.41;6
0.002010;29.48;6
0.002010;29.87;6
0.002010;29.37;6
0.002010;29.83;6
0.002010;29.38;6
0.002010;29.71;6
0.002010;29.30;6
0.002010;31.11;6
0.002010;29.37;6
0.002010;29.93;6
0.002010;29.42;6
0.002010;29.39;6
0.002010;29.35;6
0.002010;29.62;6
0.002010;29.83;6
0.002010;29.73;6
0.002010;29.85;6
0.002010;29.70;6
0.002010;29.62;6
0.002010;29.54;6
0.002010;29.65;6
0.002010;29.59;6
0.002010;29.30;6
0.002010;29.54;6
0.002010;29.70;6
0.002010;29.71;6
0.002010;29.67;6
0.002010;30.04;6
0.002010;29.50;6
0.002010;29.34;6
0.002010;30.62;6
0.002010;29.62;6
0.002010;29.80;6
0.002010;29.67;6
0.002010;29.70;6
0.002010;29.70;6
0.002010;29.63;6
0.001912;29.42;7
0.001912;29.56;7
0.001912;29.59;7
0.001912;29.60;7
0.001912;29.59;7
0.001912;29.81;7
0.001912;29.75;7
0.001912;29.88;7
0.001912;29.60;7
0.001912;29.49;7
0.001912;29.79;7
0.001912;29.67;7
0.001912;29.86;7
0.001912;29.89;7
0.001912;29.62;7
0.001912;29.71;7
0.001912;29.76;7
0.001912;29.78;7
0.001912;30.87;7
0.001912;29.89;7
0.001912;29.72;7
0.001912;29.44;7
0.001912;29.38;7
0.001912;29.48;7
0.001912;29.38;7
0.001912;29.32;7
0.001912;29.46;7
0.001912;29.48;7
0.001912;29.34;7
0.001912;29.41;7
0.001911;29.49;7
0.001911;29.30;7
0.001911;29.39;7
0.001911;29.41;7
0.001911;29.65;7
0.001911;29.55;7
0.001911;29.58;7
0.001911;29.77;7
0.001911;29.81;7
0.001911;29.69;7
0.001911;30.97;7
0.001911;29.69;7
0.001911;29.78;7
0.001911;29.69;7
0.001911;29.65;7
0.001911;29.72;7
0.001911;29.66;7
0.001911;29.78;7
0.001911;29.65;7
0.001911;29.86;7
0.002006;29.57;7
0.002006;29.70;7
0.002006;29.61;7
0.002006;29.65;7
0.002006;29.49;7
0.002006;29.62;7
0.002006;29.60;7
0.002006;29.59;7
0.002006;29.63;7
0.002006;29.59;7
0.002006;29.57;7
0.002006;29.74;7
0.002006;29.84;7
0.002006;29.52;7
0.002006;30.47;7
0.002006;30.27;7
0.002006;29.11;7
0.002006;29.18;7
0.002006;28.93;7
0.002006;29.12;7
0.002006;29.05;7
0.002006;29.22;7
0.002006;29.09;7
0.002006;29.26;7
0.002006;29.12;7
0.002006;29.15;7
0.002006;29.16;7
0.002006;29.30;7
0.002006;29.69;7
0.002006;29.69;7
0.002006;29.60;7
0.002006;29.87;7
0.002006;29.79;7
0.002006;29.65;7
0.002006;30.96;7
0.002006;30.05;7
0.002006;29.61;7
0.002006;29.97;7
0.002006;29.31;7
0.002006;29.81;7
0.002006;29.38;7
0.002006;29.93;7
0.002006;29.37;7
0.002006;29.85;7
0.002006;29.52;7
0.002006;29.41;7
0.002006;29.39;7
0.002006;29.46;7
0.002006;29.53;7
0.002006;29.56;7
0.001981;29.25;8
0.001981;29.40;8
0.001981;29.28;8
0.001981;29.62;8
0.001981;29.65;8
0.001981;29.63;8
0.001981;29.67;8
0.001981;29.47;8
0.001981;29.44;8
0.001981;30.17;8
0.001981;29.04;8
0.001981;29.11;8
0.001981;29.11;8
0.001981;29.08;8
0.001981;29.06;8
0.001981;29.04;8
0.001981;29.23;8
0.001981;29.10;8
0.001981;29.24;8
0.001981;29.18;8
0.001981;29.25;8
0.001981;29.01;8
0.001981;29.30;8
0.001981;29.02;8
0.001981;29.15;8
0.001981;30.14;8
0.001981;29.09;8
0.001981;29.24;8
0.001981;29.16;8
0.001981;29.18;8
0.001981;29.15;8
0.001981;29.20;8
0.001981;29.22;8
0.001981;29.20;8
0.001981;29.15;8
0.001981;29.31;8
0.001981;29.21;8
0.001981;29.15;8
0.001981;29.18;8
0.001981;29.24;8
0.001981;29.20;8
0.001981;30.33;8
0.001980;29.16;8
0.001981;29.65;8
0.001980;29.13;8
0.001980;29.24;8
0.001981;29.23;8
0.001981;28.91;8
0.001981;29.41;8
0.001981;29.04;8
0.001991;29.02;8
0.001991;29.31;8
0.001991;29.12;8
0.001991;29.05;8
0.001991;29.10;8
0.001991;29.08;8
0.001991;29.05;8
0.001991;29.89;8
0.001991;29.18;8
0.001991;29.18;8
0.001991;29.11;8
0.001991;29.22;8
0.001991;29.14;8
0.001991;29.08;8
0.001991;29.22;8
0.001991;29.21;8
0.001991;29.17;8
0.001991;29.09;8
0.001991;29.13;8
0.001991;29.16;8
0.001991;29.22;8
0.001991;29.89;8
0.001991;29.18;8
0.001991;29.14;8
0.001991;29.07;8
0.001991;29.14;8
0.001991;29.17;8
0.001991;29.15;8
0.001991;29.12;8
0.001991;29.05;8
0.001991;29.19;8
0.001991;29.08;8
0.001991;29.21;8
0.001991;29.19;8
0.001991;29.01;8
0.001991;29.95;8
0.001991;29.41;8
0.001991;29.35;8
0.001991;29.11;8
0.001991;29.32;8
0.001991;29.36;8
0.001991;29.25;8
0.001991;29.24;8
0.001991;29.28;8
0.001991;29.18;8
0.001991;29.26;8
0.001991;29.27;8
0.001991;29.28;8
0.001991;29.41;8
0.001991;30.31;8
0.001956;30.14;9
0.001956;29.45;9
0.001956;29.54;9
0.001956;29.51;9
0.001956;29.24;9
0.001956;29.32;9
0.001956;29.13;9
0.001956;29.68;9
0.001956;29.09;9
0.001956;29.85;9
0.001956;29.20;9
0.001956;29.78;9
0.001956;29.23;9
0.001956;29.73;9
0.001956;29.70;9
0.001956;29.80;9
0.001956;29.39;9
0.001956;29.32;9
0.001956;29.18;9
0.001956;29.23;9
0.001956;29.20;9
0.001956;29.27;9
0.001956;29.23;9
0.001956;29.36;9
0.001956;29.29;9
0.001956;29.49;9
0.001956;29.40;9
0.001956;29.23;9
0.001956;29.32;9
0.001956;29.27;9
0.001956;29.23;9
0.001956;29.24;9
0.001956;29.27;9
0.001956;29.24;9
0.001956;29.52;9
0.001956;29.20;9
0.001956;29.42;9
0.001956;29.74;9
0.001956;29.37;9
0.001956;29.18;9
0.001956;29.17;9
0.001956;29.21;9
0.001956;29.17;9
0.001956;29.34;9
0.001956;29.33;9
0.001956;29.29;9
0.001956;29.33;9
0.001956;29.38;9
0.001956;29.30;9
0.001956;29.57;9
0.002015;29.77;9
0.002015;29.80;9
0.002015;29.87;9
0.002015;29.72;9
0.002015;29.97;9
0.002015;29.59;9
0.002015;29.71;9
0.002015;29.91;9
0.002015;29.62;9
0.002015;29.71;9
0.002015;29.81;9
0.002015;29.52;9
0.002015;29.67;9
0.002015;29.78;9
0.002015;29.57;9
0.002015;29.54;9
0.002015;29.57;9
0.002015;29.65;9
0.002015;29.89;9
0.002015;29.94;9
0.002015;29.76;9
0.002015;29.89;9
0.002015;29.90;9
0.002015;29.86;9
0.002015;29.95;9
0.002015;29.98;9
0.002015;29.81;9
0.002015;29.73;9
0.002015;29.64;9
0.002015;29.56;9
0.002015;29.71;9
0.002015;29.66;9
0.002015;29.62;9
0.002015;29.55;9
0.002015;29.72;9
0.002015;29.51;9
0.002015;29.29;9
0.002015;29.27;9
0.002015;29.41;9
0.002015;29.26;9
0.002015;29.25;9
0.002015;29.31;9
0.002015;29.30;9
0.002015;29.39;9
0.002015;29.28;9
0.002015;29.45;9
0.002015;29.44;9
0.002015;29.47;9
0.002015;29.55;9
0.002015;29.28;9
0.001958;28.97;10
0.001958;29.09;10
0.001958;29.16;10
0.001958;29.24;10
0.001958;29.27;10
0.001958;29.69;10
0.001958;29.70;10
0.001958;29.87;10
0.001958;29.89;10
0.001958;29.59;10
0.001958;29.91;10
0.001958;29.57;10
0.001958;29.48;10
0.001958;29.53;10
0.001958;29.43;10
0.001958;29.94;10
0.001958;30.10;10
0.001958;29.90;10
0.001958;30.06;10
0.001958;30.01;10
0.001958;30.04;10
0.001958;29.80;10
0.001958;29.52;10
0.001958;29.40;10
0.001958;29.52;10
0.001958;29.44;10
0.001958;29.43;10
0.001958;29.42;10
0.001958;29.49;10
0.001958;29.94;10
0.001958;29.71;10
0.001958;30.32;10
0.001958;29.89;10
0.001958;30.30;10
0.001958;30.01;10
0.001958;30.31;10
0.001958;29.96;10
0.001958;30.38;10
0.001958;30.02;10
0.001958;29.75;10
0.001958;29.63;10
0.001958;29.74;10
0.001958;29.38;10
0.001958;29.58;10
0.001958;29.54;10
0.001958;29.51;10
0.001958;29.41;10
0.001958;29.75;10
0.001958;29.43;10
0.001958;29.77;10
0.001995;29.59;10
0.001995;29.44;10
0.001995;29.96;10
0.001995;29.89;10
0.001995;29.93;10
0.001995;29.86;10
0.001995;29.74;10
0.001995;29.83;10
0.001995;29.94;10
0.001995;29.90;10
0.001995;29.89;10
0.001995;29.87;10
0.001995;29.92;10
0.001995;29.66;10
0.001995;29.40;10
0.001995;29.32;10
0.001995;29.50;10
0.001995;29.45;10
0.001995;29.64;10
0.001995;29.95;10
0.001994;30.00;10
0.001994;30.08;10
0.001994;29.77;10
0.001994;29.50;10
0.001995;29.40;10
0.001994;29.41;10
0.001994;29.39;10
0.001994;29.56;10
0.001994;29.37;10
0.001994;29.42;10
0.001994;29.47;10
0.001994;29.57;10
0.001994;29.50;10
0.001994;29.97;10
0.001994;30.14;10
0.001994;30.15;10
0.001994;30.03;10
0.001994;30.01;10
0.001994;29.59;10
0.001994;29.80;10
0.001994;29.94;10
0.001994;30.12;10
0.001994;29.76;10
0.001994;29.50;10
0.001994;29.58;10
0.001994;29.82;10
0.001994;30.10;10
0.001994;29.92;10
0.001994;29.88;10
0.001994;30.09;10
0.001903;29.85;11
0.001903;29.88;11
0.001903;29.82;11
0.001903;29.79;11
0.001903;29.37;11
0.001903;29.61;11
0.001903;29.70;11
0.001903;29.97;11
0.001903;29.66;11
0.001903;29.85;11
0.001903;29.57;11
0.001903;29.69;11
0.001903;29.74;11
0.001903;29.68;11
0.001903;29.72;11
0.001903;29.53;11
0.001903;29.56;11
0.001903;29.32;11
0.001903;29.57;11
0.001903;29.46;11
0.001903;29.54;11
0.001903;29.44;11
0.001903;29.51;11
0.001903;29.49;11
0.001903;29.50;11
0.001903;29.43;11
0.001903;29.49;11
0.001903;29.60;11
0.001903;29.47;11
0.001903;29.79;11
0.001903;29.85;11
0.001903;29.82;11
0.001903;29.83;11
0.001903;29.33;11
0.001903;29.27;11
0.001903;29.25;11
0.001903;29.37;11
0.001903;29.34;11
0.001903;29.33;11
0.001903;29.34;11
0.001903;29.36;11
0.001903;29.35;11
0.001903;29.44;11
0.001903;29.87;11
0.001903;29.30;11
0.001903;29.30;11
0.001903;29.31;11
0.001903;29.24;11
0.001903;29.29;11
0.001903;29.22;11
0.002027;29.56;11
0.002027;29.09;11
0.002027;29.64;11
0.002027;29.30;11
0.002027;29.73;11
0.002027;29.14;11
0.002027;29.63;11
0.002027;29.37;11
0.002027;29.86;11
0.002027;29.30;11
0.002027;29.24;11
0.002027;29.37;11
0.002027;29.44;11
0.002027;29.29;11
0.002027;29.52;11
0.002027;29.28;11
0.002027;29.34;11
0.002027;29.27;11
0.002027;29.29;11
0.002027;29.38;11
0.002027;29.37;11
0.002027;29.40;11
0.002027;29.42;11
0.002027;29.46;11
0.002027;29.24;11
0.002027;29.27;11
0.002027;29.42;11
0.002027;29.41;11
0.002027;29.47;11
0.002027;29.45;11
0.002027;29.36;11
0.002027;29.29;11
0.002027;29.41;11
0.002027;29.35;11
0.002027;29.38;11
0.002027;29.33;11
0.002027;29.35;11
0.002027;29.55;11
0.002027;29.42;11
0.002027;29.35;11
0.002027;29.48;11
0.002027;29.36;11
0.002027;29.48;11
0.002027;29.28;11
0.002027;29.40;11
0.002027;29.44;11
0.002027;29.40;11
0.002027;29.36;11
0.002027;29.41;11
0.002027;29.36;11
0.001924;29.13;12
0.001923;29.19;12
0.001923;29.27;12
0.001923;29.22;12
0.001923;29.24;12
0.001923;29.36;12
0.001923;29.27;12
0.001923;29.15;12
0.001923;29.19;12
0.001923;29.23;12
0.001923;29.22;12
0.001923;29.38;12
0.001923;29.44;12
0.001923;29.30;12
0.001923;29.23;12
0.001923;29.23;12
0.001923;29.21;12
0.001923;29.34;12
0.001923;29.36;12
0.001923;29.38;12
0.001923;29.57;12
0.001923;29.49;12
0.001923;29.37;12
0.001923;29.53;12
0.001923;29.39;12
0.001923;29.33;12
0.001923;29.49;12
0.001923;29.33;12
0.001923;29.38;12
0.001923;29.36;12
0.001923;29.42;12
0.001923;29.21;12
0.001923;29.32;12
0.001923;29.31;12
0.001923;29.25;12
0.001923;29.39;12
0.001923;29.32;12
0.001923;29.39;12
0.001923;29.33;12
0.001923;29.49;12
0.001923;29.63;12
0.001923;29.82;12
0.001923;29.44;12
0.001923;29.53;12
0.001923;29.69;12
0.001923;29.68;12
0.001923;29.56;12
0.001923;29.50;12
0.001923;29.57;12
0.001923;29.52;12
0.002002;29.35;12
0.002002;29.42;12
0.002002;29.35;12
0.002002;29.46;12
0.002002;29.55;12
0.002002;29.47;12
0.002002;29.37;12
0.002002;29.27;12
0.002002;29.12;12
0.002002;29.13;12
0.002002;29.36;12
0.002002;29.27;12
0.002002;29.16;12
0.002002;29.29;12
0.002002;29.36;12
0.002002;29.25;12
0.002002;29.25;12
0.002002;29.35;12
0.002002;29.13;12
0.002002;29.30;12
0.002002;29.26;12
0.002002;29.35;12
0.002002;29.76;12
0.002002;29.28;12
0.002002;29.98;12
0.002002;29.92;12
0.002002;30.20;12
0.002002;29.44;12
0.002002;29.75;12
0.002002;29.43;12
0.002002;30.32;12
0.002002;30.31;12
0.002002;29.73;12
0.002002;29.59;12
0.002002;29.47;12
0.002002;29.44;12
0.002002;29.38;12
0.002002;29.39;12
0.002002;29.51;12
0.002002;29.44;12
0.002002;29.38;12
0.002002;29.60;12
0.002002;29.39;12
0.002002;29.48;12
0.002002;29.25;12
0.002002;29.32;12
0.002002;29.33;12
0.002002;29.22;12
0.002002;29.24;12
0.002002;29.31;12
0.001876;29.27;13
0.001876;29.34;13
0.001876;29.37;13
0.001876;29.33;13
0.001876;29.37;13
0.001876;29.38;13
0.001876;29.37;13
0.001876;29.37;13
0.001876;29.47;13
0.001876;29.35;13
0.001876;29.29;13
0.001876;29.41;13
0.001876;29.48;13
0.001876;29.50;13
0.001876;29.45;13
0.001876;29.60;13
0.001876;29.54;13
0.001876;29.31;13
0.001876;29.33;13
0.001876;29.38;13
0.001876;29.50;13
0.001876;29.51;13
0.001876;29.61;13
0.001876;29.56;13
0.001876;29.54;13
0.001876;29.48;13
0.001876;29.41;13
0.001876;29.43;13
0.001876;29.71;13
0.001876;29.50;13
0.001876;29.45;13
0.001876;29.44;13
0.001876;29.35;13
0.001876;29.30;13
0.001876;29.33;13
0.001876;29.23;13
0.001876;29.40;13
0.001876;29.36;13
0.001876;29.36;13
0.001876;29.42;13
0.001876;29.52;13
0.001876;29.57;13
0.001876;29.58;13
0.001876;29.75;13
0.001876;29.51;13
0.001876;29.31;13
0.001876;29.35;13
0.001876;29.37;13
0.001876;29.44;13
0.001876;29.50;13
0.001995;29.32;13
0.001995;29.23;13
0.001995;29.29;13
0.001995;29.32;13
0.001995;29.26;13
0.001995;29.32;13
0.001995;29.32;13
0.001995;29.28;13
0.001995;29.29;13
0.001995;29.29;13
0.001995;29.25;13
0.001995;29.54;13
0.001995;29.26;13
0.001995;29.25;13
0.001995;29.28;13
0.001995;29.20;13
0.001995;29.12;13
0.001995;29.20;13
0.001995;29.34;13
0.001995;29.26;13
0.001995;29.32;13
0.001995;29.29;13
0.001995;29.43;13
0.001995;29.27;13
0.001995;29.21;13
0.001995;29.27;13
0.001995;29.36;13
0.001995;29.28;13
0.001995;29.23;13
0.001995;29.22;13
0.001995;29.26;13
0.001995;29.37;13
0.001995;29.18;13
0.001995;29.21;13
0.001995;29.10;13
0.001995;29.31;13
0.001995;29.29;13
0.001995;29.22;13
0.001995;29.21;13
0.001995;29.34;13
0.001995;29.45;13
0.001995;29.29;13
0.001995;29.17;13
0.001995;29.30;13
0.001995;29.75;13
0.001995;29.30;13
0.001995;29.65;13
0.001995;29.22;13
0.001995;29.76;13
0.001995;29.41;13
0.001943;29.39;14
0.001943;29.19;14
0.001943;29.63;14
0.001943;29.15;14
0.001943;29.30;14
0.001943;29.23;14
0.001943;29.37;14
0.001943;29.19;14
0.001943;29.16;14
0.001943;29.21;14
0.001943;29.14;14
0.001943;29.29;14
0.001943;29.41;14
0.001943;29.28;14
0.001943;29.36;14
0.001943;29.20;14
0.001943;29.22;14
0.001943;29.23;14
0.001943;29.27;14
0.001943;29.21;14
0.001943;29.28;14
0.001943;29.16;14
0.001943;29.18;14
0.001943;29.15;14
0.001943;29.21;14
0.001943;29.24;14
0.001943;29.24;14
0.001943;29.34;14
0.001943;29.26;14
0.001943;29.28;14
0.001943;29.21;14
0.001943;29.32;14
0.001943;29.29;14
0.001943;29.17;14
0.001943;29.23;14
0.001943;29.28;14
0.001943;29.11;14
0.001943;29.24;14
0.001943;29.11;14
0.001943;29.09;14
0.001943;29.04;14
0.001943;29.05;14
0.001943;29.11;14
0.001943;29.20;14
0.001943;29.33;14
0.001943;29.27;14
0.001943;29.40;14
0.001943;29.20;14
0.001943;29.20;14
0.001943;29.28;14
0.002036;29.11;14
0.002036;29.25;14
0.002036;29.26;14
0.002036;29.30;14
0.002036;29.11;14
0.002036;29.18;14
0.002036;29.13;14
0.002036;29.13;14
0.002036;29.17;14
0.002036;29.14;14
0.002036;29.11;14
0.002036;29.07;14
0.002035;29.18;14
0.002035;29.11;14
0.002035;29.18;14
0.002035;29.23;14
0.002035;29.30;14
0.002035;29.27;14
0.002035;29.39;14
0.002035;29.38;14
0.002035;29.17;14
0.002035;29.27;14
0.002036;29.33;14
0.002036;29.31;14
0.002036;29.21;14
0.002036;29.34;14
0.002036;29.31;14
0.002035;29.28;14
0.002035;29.24;14
0.002035;29.26;14
0.002035;29.22;14
0.002035;29.32;14
0.002035;29.16;14
0.002035;29.31;14
0.002035;29.34;14
0.002035;29.26;14
0.002035;29.29;14
0.002035;29.24;14
0.002035;29.31;14
0.002035;29.28;14
0.002035;29.23;14
0.002035;29.39;14
0.002035;29.33;14
0.002035;29.28;14
0.002035;29.33;14
0.002035;29.28;14
0.002035;29.27;14
0.002035;29.17;14
0.002035;29.32;14
0.002035;29.28;14
0.001975;29.11;15
0.001975;29.37;15
0.001975;29.33;15
0.001975;29.27;15
0.001975;29.40;15
0.001975;29.56;15
0.001975;29.43;15
0.001975;29.40;15
0.001975;29.50;15
0.001975;29.48;15
0.001975;29.43;15
0.001975;29.67;15
0.001975;29.56;15
0.001975;29.59;15
0.001975;29.60;15
0.001975;29.52;15
0.001975;29.57;15
0.001975;29.95;15
0.001975;29.46;15
0.001975;29.69;15
0.001975;29.28;15
0.001975;29.83;15
0.001975;29.31;15
0.001975;29.82;15
0.001975;29.31;15
0.001975;29.66;15
0.001975;29.35;15
0.001975;29.52;15
0.001975;29.54;15
0.001975;29.66;15
0.001975;29.48;15
0.001975;29.40;15
0.001975;29.47;15
0.001975;29.54;15
0.001975;29.47;15
0.001975;29.39;15
0.001975;29.63;15
0.001975;29.48;15
0.001975;29.44;15
0.001975;29.55;15
0.001975;29.44;15
0.001975;29.46;15
0.001975;29.71;15
0.001975;29.60;15
0.001975;29.50;15
0.001975;29.51;15
0.001975;29.44;15
0.001975;29.59;15
0.001975;29.58;15
0.001975;29.54;15
0.002025;29.45;15
0.002025;29.46;15
0.002025;29.29;15
0.002025;29.58;15
0.002025;29.54;15
0.002025;29.61;15
0.002025;29.56;15
0.002025;29.37;15
0.002025;29.36;15
0.002025;29.29;15
0.002025;29.26;15
0.002025;29.50;15
0.002025;29.34;15
0.002025;29.62;15
0.002025;29.53;15
0.002025;29.40;15
0.002025;29.41;15
0.002025;29.50;15
0.002025;29.44;15
0.002025;29.53;15
0.002025;29.50;15
0.002025;29.57;15
0.002025;29.74;15
0.002025;30.07;15
0.002025;29.83;15
0.002025;29.71;15
0.002025;29.45;15
0.002025;29.49;15
0.002025;29.42;15
0.002025;29.68;15
0.002025;29.90;15
0.002025;29.90;15
0.002025;29.61;15
0.002025;29.46;15
0.002025;29.51;15
0.002025;29.57;15
0.002025;29.51;15
0.002025;29.51;15
0.002025;29.58;15
0.002025;29.68;15
0.002025;29.48;15
0.002025;29.56;15
0.002025;29.67;15
0.002025;29.48;15
0.002025;29.46;15
0.002025;29.76;15
0.002025;29.71;15
0.002025;29.63;15
0.002025;29.49;15
0.002025;29.99;15
0.001961;29.78;16
0.001961;29.97;16
0.001961;29.99;16
0.001961;30.07;16
0.001961;29.38;16
0.001961;29.25;16
0.001961;29.29;16
0.001961;29.31;16
0.001961;29.60;16
0.001961;29.43;16
0.001961;29.61;16
0.001961;29.58;16
0.001960;29.51;16
0.001960;29.64;16
0.001960;29.36;16
0.001960;29.45;16
0.001960;29.58;16
0.001960;29.71;16
0.001960;29.79;16
0.001960;29.84;16
0.001960;29.85;16
0.001960;29.87;16
0.001960;29.72;16
0.001960;29.80;16
0.001960;29.79;16
0.001960;30.01;16
0.001960;29.86;16
0.001960;29.80;16
0.001960;29.68;16
0.001960;29.82;16
0.001960;29.52;16
0.001960;29.53;16
0.001960;29.44;16
0.001960;29.47;16
0.001960;29.59;16
0.001960;29.51;16
0.001960;29.49;16
0.001960;29.48;16
0.001960;30.27;16
0.001960;29.53;16
0.001960;29.87;16
0.001960;29.38;16
0.001960;29.92;16
0.001960;29.49;16
0.001960;30.01;16
0.001960;29.82;16
0.001960;30.27;16
0.001960;29.67;16
0.001960;29.89;16
0.001960;29.71;16
0.002002;29.68;16
0.002002;29.59;16
0.002002;29.87;16
0.002002;29.59;16
0.002002;29.65;16
0.002002;29.71;16
0.002002;29.77;16
0.002002;29.72;16
0.002002;29.79;16
0.002002;29.70;16
0.002002;29.82;16
0.002002;29.81;16
0.002002;29.25;16
0.002002;29.21;16
0.002002;29.23;16
0.002002;29.25;16
0.002002;29.30;16
0.002002;29.23;16
0.002002;29.23;16
0.002002;29.20;16
0.002002;29.18;16
0.002002;29.23;16
0.002002;29.26;16
0.002002;29.35;16
0.002002;29.46;16
0.002002;29.32;16
0.002002;29.19;16
0.002002;29.30;16
0.002002;29.33;16
0.002002;29.37;16
0.002002;29.27;16
0.002002;29.41;16
0.002002;29.24;16
0.002002;29.32;16
0.002002;29.22;16
0.002002;29.32;16
0.002002;29.34;16
0.002002;29.23;16
0.002002;29.33;16
0.002002;29.35;16
0.002002;29.15;16
0.002002;29.27;16
0.002002;29.32;16
0.002002;29.27;16
0.002002;29.45;16
0.002002;29.34;16
0.002002;29.22;16
0.002002;29.25;16
0.002002;29.23;16
0.002002;29.28;16
0.001934;29.14;17
0.001934;29.56;17
0.001934;29.52;17
0.001934;29.54;17
0.001934;29.43;17
0.001934;29.39;17
0.001934;29.57;17
0.001934;29.37;17
0.001934;29.65;17
0.001934;29.36;17
0.001934;29.80;17
0.001934;29.33;17
0.001934;29.20;17
0.001934;29.22;17
0.001934;29.24;17
0.001934;29.35;17
0.001934;29.20;17
0.001934;29.39;17
0.001934;29.21;17
0.001934;29.30;17
0.001934;29.27;17
0.001934;29.32;17
0.001934;29.27;17
0.001934;29.34;17
0.001934;29.29;17
0.001934;29.42;17
0.001934;29.32;17
0.001934;29.34;17
0.001934;29.31;17
0.001934;29.25;17
0.001934;29.29;17
0.001934;29.29;17
0.001934;29.25;17
0.001934;29.42;17
0.001934;29.46;17
0.001934;29.47;17
0.001934;29.36;17
0.001934;29.34;17
0.001934;29.38;17
0.001934;29.29;17
0.001934;29.37;17
0.001934;29.35;17
0.001934;29.34;17
0.001934;29.34;17
0.001934;29.28;17
0.001933;29.68;17
0.001933;29.30;17
0.001934;29.27;17
0.001933;29.16;17
0.001934;29.40;17
0.001986;29.19;17
0.001986;29.28;17
0.001986;29.27;17
0.001986;29.36;17
0.001986;29.48;17
0.001986;29.34;17
0.001986;29.36;17
0.001986;29.31;17
0.001986;29.40;17
0.001986;29.33;17
0.001986;29.77;17
0.001986;29.31;17
0.001986;29.73;17
0.001986;29.32;17
0.001986;29.84;17
0.001986;29.24;17
0.001986;29.85;17
0.001986;29.47;17
0.001986;29.87;17
0.001986;29.73;17
0.001986;29.69;17
0.001986;30.03;17
0.001986;29.82;17
0.001986;29.38;17
0.001986;29.47;17
0.001986;29.38;17
0.001986;29.47;17
0.001986;29.55;17
0.001986;29.45;17
0.001986;29.33;17
0.001986;29.32;17
0.001986;29.45;17
0.001986;29.41;17
0.001986;29.51;17
0.001986;29.50;17
0.001986;29.44;17
0.001986;29.54;17
0.001986;29.27;17
0.001986;29.53;17
0.001986;29.51;17
0.001986;29.46;17
0.001986;29.43;17
0.001986;29.56;17
0.001986;29.37;17
0.001986;29.31;17
0.001986;29.50;17
0.001986;29.55;17
0.001986;29.52;17
0.001986;29.47;17
0.001986;29.49;17
0.001923;29.87;18
0.001923;29.52;18
0.001923;29.47;18
0.001923;29.64;18
0.001923;29.39;18
0.001923;29.42;18
0.001923;29.34;18
0.001923;29.45;18
0.001923;29.42;18
0.001923;29.37;18
0.001923;29.36;18
0.001923;29.35;18
0.001923;29.39;18
0.001923;29.41;18
0.001923;29.33;18
0.001923;29.39;18
0.001923;29.48;18
0.001923;29.74;18
0.001923;29.98;18
0.001923;30.01;18
0.001923;29.59;18
0.001923;29.49;18
0.001923;29.55;18
0.001923;29.52;18
0.001923;29.63;18
0.001923;29.54;18
0.001923;29.54;18
0.001923;29.57;18
0.001923;29.58;18
0.001923;29.55;18
0.001923;29.52;18
0.001923;29.52;18
0.001923;30.03;18
0.001923;30.08;18
0.001923;29.71;18
0.001923;29.78;18
0.001923;30.06;18
0.001923;29.57;18
0.001923;29.57;18
0.001923;29.34;18
0.001923;29.36;18
0.001923;29.50;18
0.001923;29.43;18
0.001923;29.60;18
0.001923;29.50;18
0.001923;29.46;18
0.001923;29.67;18
0.001923;29.66;18
0.001923;29.56;18
0.001923;29.65;18
0.002025;29.54;18
0.002025;29.70;18
0.002025;29.72;18
0.002025;29.64;18
0.002025;29.60;18
0.002025;29.40;18
0.002025;29.37;18
0.002025;29.31;18
0.002025;29.42;18
0.002025;29.39;18
0.002025;29.44;18
0.002025;29.60;18
0.002025;29.54;18
0.002025;29.48;18
0.002025;29.53;18
0.002025;29.61;18
0.002025;29.46;18
0.002025;29.61;18
0.002025;29.43;18
0.002025;29.45;18
0.002025;29.44;18
0.002025;29.46;18
0.002025;29.33;18
0.002025;29.40;18
0.002025;29.20;18
0.002025;29.11;18
0.002025;29.23;18
0.002025;29.23;18
0.002025;29.38;18
0.002025;29.33;18
0.002025;29.38;18
0.002025;29.35;18
0.002025;29.85;18
0.002025;29.36;18
0.002025;29.81;18
0.002025;29.32;18
0.002025;29.90;18
0.002025;29.39;18
0.002025;29.90;18
0.002025;29.34;18
0.002025;29.88;18
0.002025;29.48;18
0.002025;29.49;18
0.002025;29.33;18
0.002025;29.51;18
0.002025;29.38;18
0.002025;29.40;18
0.002025;29.39;18
0.002025;29.43;18
0.002025;29.40;18
0.001951;29.29;19
0.001951;29.43;19
0.001951;29.37;19
0.001951;29.39;19
0.001951;29.39;19
0.001951;29.46;19
0.001951;29.32;19
0.001951;29.42;19
0.001951;29.48;19
0.001951;29.35;19
0.001951;29.49;19
0.001951;29.53;19
0.001951;29.44;19
0.001951;29.49;19
0.001951;29.60;19
0.001951;29.39;19
0.001951;29.45;19
0.001951;29.34;19
0.001951;29.66;19
0.001951;29.58;19
0.001951;29.62;19
0.001951;30.01;19
0.001951;30.14;19
0.001951;30.08;19
0.001951;30.05;19
0.001951;30.14;19
0.001951;29.89;19
0.001951;29.91;19
0.001951;29.53;19
0.001951;29.60;19
0.001951;29.62;19
0.001951;29.50;19
0.001951;29.56;19
0.001951;29.61;19
0.001951;29.57;19
0.001951;29.49;19
0.001951;29.52;19
0.001951;29.72;19
0.001951;29.67;19
0.001951;29.54;19
0.001951;29.53;19
0.001951;29.39;19
0.001951;29.57;19
0.001951;29.43;19
0.001951;29.51;19
0.001951;29.65;19
0.001951;29.54;19
0.001951;29.50;19
0.001951;29.50;19
0.001951;29.57;19
0.002008;29.29;19
0.002008;29.44;19
0.002008;29.29;19
0.002008;29.58;19
0.002008;29.35;19
0.002008;29.38;19
0.002008;29.32;19
0.002008;29.31;19
0.002008;29.35;19
0.002008;29.23;19
0.002008;29.41;19
0.002008;29.32;19
0.002008;29.42;19
0.002008;29.33;19
0.002008;29.38;19
0.002008;29.42;19
0.002008;29.28;19
0.002008;29.54;19
0.002008;29.71;19
0.002008;29.91;19
0.002008;29.63;19
0.002008;29.31;19
0.002008;29.36;19
0.002008;29.72;19
0.002008;29.09;19
0.002008;29.29;19
0.002008;29.27;19
0.002008;29.17;19
0.002008;29.32;19
0.002008;29.94;19
0.002008;29.82;19
0.002008;29.24;19
0.002008;29.47;19
0.002008;29.92;19
0.002008;29.49;19
0.002008;29.33;19
0.002008;29.34;19
0.002008;29.39;19
0.002008;29.35;19
0.002008;29.41;19
0.002008;29.53;19
0.002008;29.47;19
0.002008;29.51;19
0.002008;29.52;19
0.002008;29.46;19
0.002008;29.45;19
0.002008;29.43;19
0.002008;29.47;19
0.002008;29.37;19
0.002008;29.26;19
