loss;elapsed_time;iteration
0.035004;31.68;0
0.029589;31.56;0
0.025069;31.94;0
0.021278;31.51;0
0.018184;31.29;0
0.015629;31.38;0
0.013507;31.24;0
0.011774;31.33;0
0.010320;31.41;0
0.009040;31.48;0
0.007897;31.55;0
0.006875;31.35;0
0.005962;31.49;0
0.005161;31.42;0
0.004453;31.56;0
0.003867;31.59;0
0.003418;31.38;0
0.003082;31.49;0
0.002828;31.33;0
0.002659;31.41;0
0.002553;31.51;0
0.002476;31.53;0
0.002392;31.50;0
0.002325;31.47;0
0.002273;31.60;0
0.002231;31.46;0
0.002194;31.46;0
0.002163;31.48;0
0.002136;31.48;0
0.002112;31.53;0
0.002090;31.56;0
0.002071;31.35;0
0.002055;31.36;0
0.002040;31.43;0
0.002028;31.24;0
0.002017;31.35;0
0.002008;31.22;0
0.002001;31.45;0
0.001995;31.30;0
0.001990;31.44;0
0.001986;31.44;0
0.001983;31.22;0
0.001980;30.95;0
0.001978;30.95;0
0.001977;30.92;0
0.001975;30.89;0
0.001974;30.99;0
0.001974;30.85;0
0.001973;30.91;0
0.001972;30.86;0
0.001972;30.92;0
0.001972;31.16;0
0.001971;30.91;0
0.001971;31.03;0
0.001970;30.88;0
0.001970;30.78;0
0.001970;30.86;0
0.001970;30.73;0
0.001969;30.79;0
0.001969;30.98;0
0.001969;30.90;0
0.001968;31.03;0
0.001968;30.94;0
0.001968;30.98;0
0.001968;30.90;0
0.001968;30.87;0
0.001967;32.30;0
0.001967;30.98;0
0.001967;31.76;0
0.001967;30.94;0
0.001967;31.85;0
0.001967;31.22;0
0.001967;31.64;0
0.001966;31.27;0
0.001966;31.56;0
0.001966;31.02;0
0.001966;31.01;0
0.001966;31.12;0
0.001966;30.90;0
0.001966;30.93;0
0.001966;31.10;0
0.001966;31.00;0
0.001966;30.99;0
0.001966;30.93;0
0.001966;30.96;0
0.001966;31.04;0
0.001966;31.06;0
0.001966;30.94;0
0.001966;31.16;0
0.001966;31.16;0
0.001966;30.99;0
0.001965;31.10;0
0.001965;30.85;0
0.001965;30.94;0
0.001965;30.90;0
0.001965;31.31;0
0.001965;30.98;0
0.001965;31.04;0
0.001965;31.06;0
0.001965;30.90;0
0.003019;30.64;1
0.002635;30.76;1
0.002389;31.42;1
0.002249;31.08;1
0.002176;31.29;1
0.002135;30.99;1
0.002108;31.47;1
0.002087;31.06;1
0.002069;31.47;1
0.002053;30.80;1
0.002040;31.99;1
0.002028;30.73;1
0.002019;31.66;1
0.002013;31.09;1
0.002008;31.02;1
0.002003;31.07;1
0.001999;30.88;1
0.001996;30.99;1
0.001993;30.81;1
0.001991;30.67;1
0.001989;30.84;1
0.001987;30.75;1
0.001985;30.79;1
0.001984;30.92;1
0.001982;30.98;1
0.001981;30.97;1
0.001980;30.84;1
0.001979;30.96;1
0.001978;30.86;1
0.001977;31.17;1
0.001976;30.82;1
0.001975;30.94;1
0.001974;30.99;1
0.001973;30.85;1
0.001972;30.98;1
0.001971;30.87;1
0.001971;30.92;1
0.001970;30.95;1
0.001969;30.91;1
0.001968;30.81;1
0.001968;31.00;1
0.001967;30.99;1
0.001966;30.94;1
0.001966;31.05;1
0.001966;31.05;1
0.001965;31.04;1
0.001965;30.96;1
0.001965;30.74;1
0.001965;30.91;1
0.001964;31.10;1
0.001947;30.68;1
0.001946;31.02;1
0.001946;30.82;1
0.001945;30.57;1
0.001945;30.84;1
0.001945;30.69;1
0.001944;30.65;1
0.001944;30.75;1
0.001944;30.85;1
0.001944;30.50;1
0.001943;30.63;1
0.001943;30.60;1
0.001943;30.47;1
0.001943;30.61;1
0.001943;30.57;1
0.001942;30.52;1
0.001942;30.49;1
0.001942;30.70;1
0.001942;30.62;1
0.001942;30.68;1
0.001942;30.70;1
0.001941;30.70;1
0.001941;30.55;1
0.001941;30.51;1
0.001941;30.64;1
0.001941;30.52;1
0.001940;30.60;1
0.001940;30.63;1
0.001940;30.84;1
0.001940;30.77;1
0.001940;30.83;1
0.001940;30.68;1
0.001940;30.85;1
0.001940;30.62;1
0.001939;30.48;1
0.001939;30.65;1
0.001939;30.60;1
0.001939;30.57;1
0.001939;30.55;1
0.001939;30.66;1
0.001939;30.64;1
0.001939;30.58;1
0.001938;30.79;1
0.001938;30.61;1
0.001938;30.71;1
0.001938;30.73;1
0.001938;30.77;1
0.001938;30.82;1
0.001938;30.72;1
0.001938;30.76;1
0.001989;30.38;2
0.001988;30.50;2
0.001988;30.51;2
0.001988;30.44;2
0.001988;30.42;2
0.001988;30.58;2
0.001987;30.53;2
0.001987;30.59;2
0.001987;30.67;2
0.001987;30.51;2
0.001987;30.49;2
0.001987;30.52;2
0.001987;30.55;2
0.001987;30.60;2
0.001987;30.56;2
0.001987;30.37;2
0.001987;30.54;2
0.001987;30.47;2
0.001987;30.56;2
0.001987;31.31;2
0.001986;30.66;2
0.001986;31.34;2
0.001986;30.57;2
0.001986;31.35;2
0.001986;30.36;2
0.001986;31.25;2
0.001986;30.50;2
0.001986;31.33;2
0.001986;30.62;2
0.001986;31.44;2
0.001986;30.72;2
0.001986;30.80;2
0.001986;30.61;2
0.001986;30.65;2
0.001986;30.70;2
0.001986;30.68;2
0.001986;30.62;2
0.001986;30.76;2
0.001986;30.76;2
0.001986;30.62;2
0.001986;30.58;2
0.001986;30.69;2
0.001986;30.69;2
0.001986;30.83;2
0.001986;30.60;2
0.001986;30.66;2
0.001986;30.73;2
0.001986;30.88;2
0.001986;30.77;2
0.001986;30.65;2
0.001996;30.41;2
0.001996;30.57;2
0.001996;30.39;2
0.001995;30.37;2
0.001995;30.50;2
0.001995;30.59;2
0.001995;30.31;2
0.001995;30.56;2
0.001995;30.48;2
0.001995;30.65;2
0.001995;30.49;2
0.001995;30.44;2
0.001995;30.58;2
0.001995;30.53;2
0.001994;30.57;2
0.001994;30.62;2
0.001994;30.50;2
0.001994;30.51;2
0.001994;30.61;2
0.001994;30.52;2
0.001994;30.42;2
0.001994;30.45;2
0.001994;30.49;2
0.001994;31.07;2
0.001994;30.54;2
0.001994;30.63;2
0.001994;30.63;2
0.001994;30.72;2
0.001994;31.43;2
0.001994;30.66;2
0.001994;31.31;2
0.001993;30.64;2
0.001993;31.21;2
0.001993;30.64;2
0.001993;31.25;2
0.001993;30.65;2
0.001993;31.29;2
0.001993;30.60;2
0.001993;30.61;2
0.001993;30.73;2
0.001993;30.64;2
0.001993;30.61;2
0.001993;30.71;2
0.001993;30.77;2
0.001993;30.81;2
0.001993;30.70;2
0.001993;30.53;2
0.001993;30.69;2
0.001993;30.63;2
0.001993;30.82;2
0.001931;30.26;3
0.001931;30.60;3
0.001931;30.52;3
0.001931;30.68;3
0.001931;30.42;3
0.001931;30.47;3
0.001931;30.63;3
0.001930;30.59;3
0.001930;30.68;3
0.001930;30.52;3
0.001930;30.55;3
0.001930;30.61;3
0.001930;30.54;3
0.001930;30.68;3
0.001930;30.54;3
0.001930;30.58;3
0.001930;30.75;3
0.001930;30.65;3
0.001930;30.59;3
0.001930;30.63;3
0.001930;30.74;3
0.001930;30.83;3
0.001930;30.78;3
0.001930;30.71;3
0.001930;30.57;3
0.001930;30.72;3
0.001930;30.73;3
0.001930;30.90;3
0.001930;30.70;3
0.001930;30.84;3
0.001930;30.96;3
0.001930;30.96;3
0.001930;30.94;3
0.001930;30.96;3
0.001930;30.88;3
0.001930;30.86;3
0.001930;31.62;3
0.001930;31.02;3
0.001930;31.43;3
0.001930;30.96;3
0.001930;31.55;3
0.001930;30.92;3
0.001930;31.73;3
0.001930;30.87;3
0.001930;31.72;3
0.001930;30.77;3
0.001930;31.64;3
0.001930;30.77;3
0.001930;30.87;3
0.001930;30.86;3
0.001968;30.73;3
0.001968;31.08;3
0.001968;30.81;3
0.001968;30.78;3
0.001968;30.82;3
0.001968;30.85;3
0.001968;30.83;3
0.001968;30.76;3
0.001968;30.89;3
0.001968;30.92;3
0.001968;31.16;3
0.001968;30.95;3
0.001968;30.78;3
0.001968;30.79;3
0.001967;30.86;3
0.001967;30.82;3
0.001967;30.76;3
0.001967;30.87;3
0.001967;30.83;3
0.001967;30.88;3
0.001967;30.92;3
0.001967;31.08;3
0.001967;31.42;3
0.001967;31.10;3
0.001967;31.32;3
0.001967;31.27;3
0.001967;31.18;3
0.001967;31.24;3
0.001967;31.37;3
0.001967;31.35;3
0.001967;31.26;3
0.001967;31.23;3
0.001967;31.29;3
0.001967;31.47;3
0.001967;31.16;3
0.001967;31.41;3
0.001967;31.14;3
0.001967;31.34;3
0.001967;31.21;3
0.001967;31.34;3
0.001967;31.30;3
0.001967;31.52;3
0.001967;30.87;3
0.001967;30.73;3
0.001967;30.64;3
0.001967;30.69;3
0.001967;30.73;3
0.001967;30.76;3
0.001967;30.81;3
0.001967;30.61;3
0.001980;30.39;4
0.001980;30.54;4
0.001980;30.66;4
0.001980;30.57;4
0.001980;30.42;4
0.001980;30.50;4
0.001980;30.53;4
0.001980;30.56;4
0.001980;30.65;4
0.001980;30.50;4
0.001980;30.54;4
0.001980;30.40;4
0.001980;30.50;4
0.001980;30.63;4
0.001980;30.46;4
0.001980;30.50;4
0.001980;30.66;4
0.001980;30.58;4
0.001980;30.62;4
0.001980;30.58;4
0.001980;30.52;4
0.001980;30.53;4
0.001980;30.48;4
0.001980;30.62;4
0.001980;30.58;4
0.001980;30.70;4
0.001980;30.63;4
0.001980;30.66;4
0.001980;30.49;4
0.001980;30.80;4
0.001980;30.62;4
0.001980;30.60;4
0.001980;30.66;4
0.001980;30.67;4
0.001980;30.74;4
0.001980;30.73;4
0.001980;30.75;4
0.001980;30.71;4
0.001980;30.83;4
0.001980;30.72;4
0.001980;30.63;4
0.001979;30.67;4
0.001979;30.64;4
0.001979;30.74;4
0.001979;30.79;4
0.001979;30.65;4
0.001979;30.71;4
0.001979;30.68;4
0.001979;30.61;4
0.001979;30.77;4
0.001981;30.52;4
0.001981;30.50;4
0.001981;30.47;4
0.001981;31.06;4
0.001981;30.58;4
0.001981;31.19;4
0.001981;30.47;4
0.001981;31.27;4
0.001981;30.66;4
0.001981;31.26;4
0.001981;30.70;4
0.001981;31.29;4
0.001981;30.56;4
0.001981;31.46;4
0.001981;30.66;4
0.001981;30.60;4
0.001981;30.66;4
0.001981;30.56;4
0.001981;30.78;4
0.001981;30.64;4
0.001981;30.67;4
0.001981;30.66;4
0.001981;30.79;4
0.001981;30.67;4
0.001981;30.62;4
0.001981;30.62;4
0.001981;30.78;4
0.001981;30.72;4
0.001981;30.68;4
0.001981;30.58;4
0.001981;31.37;4
0.001981;30.83;4
0.001981;30.79;4
0.001981;30.74;4
0.001981;30.78;4
0.001981;30.70;4
0.001981;30.84;4
0.001981;30.63;4
0.001981;30.73;4
0.001981;30.69;4
0.001981;30.66;4
0.001981;30.85;4
0.001981;30.48;4
0.001981;30.65;4
0.001981;30.63;4
0.001981;30.66;4
0.001981;30.74;4
0.001981;30.68;4
0.001981;30.59;4
0.001980;30.59;4
0.001948;30.51;5
0.001949;31.03;5
0.001949;30.80;5
0.001949;30.65;5
0.001949;30.83;5
0.001949;30.71;5
0.001949;31.03;5
0.001949;31.22;5
0.001949;31.08;5
0.001948;31.20;5
0.001948;31.06;5
0.001948;31.22;5
0.001948;31.19;5
0.001948;30.97;5
0.001948;30.92;5
0.001948;30.75;5
0.001948;31.11;5
0.001948;30.85;5
0.001948;30.90;5
0.001948;30.82;5
0.001948;30.94;5
0.001948;30.72;5
0.001948;30.81;5
0.001948;30.82;5
0.001948;30.93;5
0.001948;30.90;5
0.001948;30.97;5
0.001948;30.74;5
0.001948;30.98;5
0.001948;30.70;5
0.001948;30.92;5
0.001948;30.92;5
0.001948;30.88;5
0.001948;30.80;5
0.001948;30.89;5
0.001948;30.71;5
0.001948;30.86;5
0.001948;30.94;5
0.001948;30.89;5
0.001948;30.91;5
0.001948;30.91;5
0.001948;30.89;5
0.001948;30.96;5
0.001948;30.95;5
0.001948;30.74;5
0.001948;30.87;5
0.001948;30.84;5
0.001948;31.12;5
0.001948;30.78;5
0.001948;31.27;5
0.002027;31.08;5
0.002027;31.06;5
0.002027;31.32;5
0.002027;31.07;5
0.002027;31.27;5
0.002027;31.22;5
0.002027;31.26;5
0.002027;31.36;5
0.002027;31.32;5
0.002027;31.35;5
0.002027;31.35;5
0.002027;31.24;5
0.002027;31.41;5
0.002027;31.34;5
0.002027;31.34;5
0.002027;33.16;5
0.002027;31.30;5
0.002026;32.17;5
0.002026;31.21;5
0.002026;32.02;5
0.002026;31.22;5
0.002026;31.95;5
0.002026;31.56;5
0.002026;31.89;5
0.002026;31.60;5
0.002026;31.75;5
0.002026;31.78;5
0.002026;31.58;5
0.002026;31.88;5
0.002026;31.65;5
0.002026;31.33;5
0.002026;31.34;5
0.002026;31.44;5
0.002026;31.55;5
0.002026;31.37;5
0.002026;30.87;5
0.002026;30.76;5
0.002026;31.05;5
0.002026;30.77;5
0.002026;30.73;5
0.002026;30.84;5
0.002026;30.93;5
0.002026;30.95;5
0.002026;30.78;5
0.002026;30.72;5
0.002026;30.91;5
0.002026;30.79;5
0.002026;30.88;5
0.002026;30.88;5
0.002026;30.89;5
0.001979;30.60;6
0.001979;30.80;6
0.001979;30.78;6
0.001979;30.70;6
0.001979;30.60;6
0.001979;30.68;6
0.001979;30.68;6
0.001979;31.08;6
0.001979;31.37;6
0.001979;31.25;6
0.001979;31.30;6
0.001979;31.19;6
0.001979;31.30;6
0.001979;31.34;6
0.001979;31.30;6
0.001979;31.36;6
0.001979;31.40;6
0.001979;31.40;6
0.001979;31.25;6
0.001979;31.32;6
0.001979;31.43;6
0.001979;31.48;6
0.001979;31.42;6
0.001979;31.88;6
0.001979;33.00;6
0.001979;32.07;6
0.001979;34.14;6
0.001979;31.64;6
0.001979;32.21;6
0.001979;31.41;6
0.001979;33.26;6
0.001979;33.26;6
0.001979;33.52;6
0.001979;32.61;6
0.001979;32.80;6
0.001979;31.38;6
0.001979;31.63;6
0.001979;31.67;6
0.001979;31.54;6
0.001979;31.27;6
0.001979;31.32;6
0.001979;30.89;6
0.001979;30.98;6
0.001979;32.46;6
0.001979;32.38;6
0.001979;33.19;6
0.001979;32.61;6
0.001979;33.10;6
0.001979;33.06;6
0.001979;32.32;6
0.001975;31.73;6
0.001975;31.60;6
0.001975;31.70;6
0.001975;32.02;6
0.001975;32.07;6
0.001975;31.89;6
0.001975;32.16;6
0.001975;31.83;6
0.001975;32.03;6
0.001975;31.48;6
0.001975;32.13;6
0.001975;32.91;6
0.001975;32.14;6
0.001975;31.86;6
0.001975;31.78;6
0.001975;32.09;6
0.001975;31.93;6
0.001975;31.74;6
0.001975;32.79;6
0.001975;32.58;6
0.001975;32.40;6
0.001975;32.02;6
0.001975;31.33;6
0.001975;31.40;6
0.001975;31.20;6
0.001975;31.31;6
0.001975;31.27;6
0.001975;31.29;6
0.001975;31.37;6
0.001975;31.66;6
0.001975;31.69;6
0.001975;31.62;6
0.001975;31.55;6
0.001975;31.61;6
0.001975;31.56;6
0.001975;31.91;6
0.001975;32.11;6
0.001975;31.88;6
0.001975;32.02;6
0.001975;32.43;6
0.001975;32.01;6
0.001975;32.51;6
0.001975;31.69;6
0.001975;32.37;6
0.001975;31.54;6
0.001975;31.58;6
0.001975;31.48;6
0.001975;31.49;6
0.001975;31.53;6
0.001975;31.43;6
0.001915;31.47;7
0.001915;31.37;7
0.001915;31.29;7
0.001915;31.61;7
0.001915;32.28;7
0.001915;32.32;7
0.001915;31.99;7
0.001915;32.35;7
0.001915;32.07;7
0.001915;31.53;7
0.001915;31.64;7
0.001915;31.33;7
0.001915;31.48;7
0.001915;31.27;7
0.001915;31.48;7
0.001915;31.30;7
0.001915;31.22;7
0.001915;31.46;7
0.001915;31.41;7
0.001915;31.38;7
0.001915;31.23;7
0.001915;31.28;7
0.001915;31.44;7
0.001915;31.63;7
0.001915;31.39;7
0.001915;31.40;7
0.001915;31.54;7
0.001915;31.31;7
0.001915;30.97;7
0.001915;31.03;7
0.001915;31.00;7
0.001915;30.94;7
0.001915;31.04;7
0.001915;31.38;7
0.001915;31.30;7
0.001915;31.15;7
0.001915;31.20;7
0.001915;31.33;7
0.001915;31.34;7
0.001915;31.08;7
0.001915;31.05;7
0.001915;31.00;7
0.001915;31.05;7
0.001915;31.58;7
0.001915;33.34;7
0.001915;31.04;7
0.001915;31.07;7
0.001915;31.24;7
0.001915;31.01;7
0.001915;31.14;7
0.002022;30.75;7
0.002022;30.85;7
0.002022;31.03;7
0.002022;30.85;7
0.002022;31.00;7
0.002022;30.99;7
0.002022;31.12;7
0.002022;31.24;7
0.002022;30.92;7
0.002022;31.04;7
0.002022;31.25;7
0.002022;32.99;7
0.002022;31.17;7
0.002022;31.76;7
0.002022;31.33;7
0.002022;31.50;7
0.002022;31.35;7
0.002022;31.48;7
0.002022;31.47;7
0.002022;31.20;7
0.002022;31.08;7
0.002022;31.12;7
0.002022;31.01;7
0.002022;31.17;7
0.002022;31.21;7
0.002022;30.99;7
0.002022;31.27;7
0.002022;31.14;7
0.002022;31.09;7
0.002022;31.00;7
0.002022;31.10;7
0.002022;30.91;7
0.002022;30.77;7
0.002022;30.95;7
0.002022;30.68;7
0.002022;30.76;7
0.002022;30.65;7
0.002022;30.77;7
0.002022;31.04;7
0.002022;30.75;7
0.002022;30.78;7
0.002022;30.70;7
0.002022;30.85;7
0.002022;30.86;7
0.002022;30.71;7
0.002022;30.79;7
0.002022;30.74;7
0.002022;30.81;7
0.002022;30.92;7
0.002022;30.75;7
0.001989;31.15;8
0.001989;30.91;8
0.001989;31.31;8
0.001989;30.72;8
0.001989;31.39;8
0.001989;30.63;8
0.001989;31.42;8
0.001989;30.80;8
0.001989;31.42;8
0.001989;30.64;8
0.001989;30.76;8
0.001989;30.81;8
0.001989;30.91;8
0.001989;31.32;8
0.001989;31.16;8
0.001989;31.22;8
0.001989;31.24;8
0.001989;31.09;8
0.001989;31.13;8
0.001989;31.15;8
0.001989;31.08;8
0.001989;31.08;8
0.001989;31.18;8
0.001989;31.02;8
0.001989;31.07;8
0.001989;31.26;8
0.001989;31.20;8
0.001989;31.16;8
0.001989;31.31;8
0.001989;30.97;8
0.001989;31.00;8
0.001989;31.18;8
0.001989;31.28;8
0.001989;31.15;8
0.001989;31.29;8
0.001989;31.15;8
0.001989;31.21;8
0.001989;31.19;8
0.001989;31.08;8
0.001989;31.08;8
0.001989;31.16;8
0.001989;31.24;8
0.001989;31.24;8
0.001989;31.26;8
0.001989;31.27;8
0.001989;31.31;8
0.001989;31.14;8
0.001989;31.16;8
0.001989;30.95;8
0.001989;32.30;8
0.001996;33.54;8
0.001996;32.54;8
0.001996;32.46;8
0.001997;31.37;8
0.001997;30.99;8
0.001997;30.82;8
0.001997;30.85;8
0.001997;30.93;8
0.001997;31.11;8
0.001997;31.08;8
0.001997;31.08;8
0.001997;31.19;8
0.001997;30.94;8
0.001997;31.08;8
0.001997;31.08;8
0.001997;31.11;8
0.001997;31.07;8
0.001997;31.09;8
0.001997;31.17;8
0.001997;31.30;8
0.001997;31.35;8
0.001997;31.09;8
0.001997;31.06;8
0.001997;31.20;8
0.001997;31.12;8
0.001997;31.10;8
0.001997;31.24;8
0.001997;31.35;8
0.001997;31.19;8
0.001997;31.30;8
0.001997;31.32;8
0.001997;31.18;8
0.001997;31.07;8
0.001997;31.15;8
0.001997;31.24;8
0.001997;31.28;8
0.001997;31.27;8
0.001997;31.04;8
0.001997;30.98;8
0.001997;31.18;8
0.001997;31.25;8
0.001997;31.23;8
0.001996;31.12;8
0.001996;31.22;8
0.001996;30.93;8
0.001996;31.27;8
0.001996;31.16;8
0.001996;31.18;8
0.001996;31.16;8
0.001996;31.15;8
0.001939;30.76;9
0.001939;31.04;9
0.001939;31.13;9
0.001939;31.10;9
0.001939;30.98;9
0.001939;31.02;9
0.001939;30.72;9
0.001939;30.67;9
0.001939;30.61;9
0.001939;30.79;9
0.001939;30.72;9
0.001939;30.82;9
0.001939;30.87;9
0.001939;30.86;9
0.001939;30.66;9
0.001939;30.68;9
0.001939;31.55;9
0.001939;30.77;9
0.001939;31.75;9
0.001939;30.77;9
0.001939;31.34;9
0.001939;31.14;9
0.001939;31.19;9
0.001939;31.11;9
0.001939;31.36;9
0.001939;30.83;9
0.001939;30.77;9
0.001939;30.66;9
0.001939;30.76;9
0.001939;30.94;9
0.001939;30.92;9
0.001939;30.70;9
0.001939;30.65;9
0.001939;30.81;9
0.001939;30.93;9
0.001939;30.99;9
0.001939;30.76;9
0.001939;30.64;9
0.001939;30.80;9
0.001939;30.92;9
0.001939;30.83;9
0.001939;31.19;9
0.001939;30.71;9
0.001939;30.58;9
0.001939;30.74;9
0.001939;30.86;9
0.001939;30.69;9
0.001939;30.83;9
0.001939;30.84;9
0.001939;30.84;9
0.001981;30.60;9
0.001981;30.81;9
0.001981;30.81;9
0.001981;30.86;9
0.001981;30.93;9
0.001981;31.02;9
0.001981;30.84;9
0.001981;30.97;9
0.001981;30.85;9
0.001981;30.95;9
0.001981;30.92;9
0.001981;30.70;9
0.001981;31.01;9
0.001981;30.93;9
0.001981;30.90;9
0.001981;30.96;9
0.001981;30.76;9
0.001981;30.99;9
0.001981;30.99;9
0.001981;30.94;9
0.001981;30.92;9
0.001981;31.21;9
0.001981;31.40;9
0.001981;31.37;9
0.001981;31.33;9
0.001981;31.31;9
0.001981;31.49;9
0.001981;31.42;9
0.001981;31.41;9
0.001981;31.23;9
0.001981;31.42;9
0.001981;31.40;9
0.001981;31.28;9
0.001981;31.24;9
0.001981;31.27;9
0.001981;31.39;9
0.001981;31.40;9
0.001981;31.22;9
0.001981;31.41;9
0.001981;31.36;9
0.001981;31.19;9
0.001981;31.16;9
0.001981;31.45;9
0.001981;31.24;9
0.001981;31.37;9
0.001981;31.40;9
0.001981;31.18;9
0.001981;31.50;9
0.001981;31.38;9
0.001981;31.32;9
0.001975;31.05;10
0.001975;31.06;10
0.001975;30.64;10
0.001975;30.66;10
0.001975;30.65;10
0.001975;30.82;10
0.001975;30.63;10
0.001975;30.78;10
0.001975;30.60;10
0.001975;30.72;10
0.001975;30.73;10
0.001975;30.80;10
0.001975;30.77;10
0.001975;30.73;10
0.001975;30.82;10
0.001975;30.84;10
0.001975;30.81;10
0.001975;30.83;10
0.001975;30.67;10
0.001975;30.80;10
0.001975;30.80;10
0.001975;30.97;10
0.001975;30.82;10
0.001975;31.08;10
0.001975;30.83;10
0.001975;30.96;10
0.001975;30.97;10
0.001975;30.94;10
0.001975;30.98;10
0.001975;30.88;10
0.001975;31.04;10
0.001975;30.74;10
0.001975;31.66;10
0.001975;30.78;10
0.001975;31.57;10
0.001975;30.77;10
0.001975;31.41;10
0.001975;31.00;10
0.001975;31.60;10
0.001975;31.20;10
0.001975;31.46;10
0.001975;30.99;10
0.001975;31.05;10
0.001975;31.00;10
0.001975;31.02;10
0.001975;31.17;10
0.001975;31.08;10
0.001975;31.33;10
0.001975;31.31;10
0.001975;30.79;10
0.001965;30.64;10
0.001965;30.64;10
0.001965;30.58;10
0.001965;30.67;10
0.001965;30.70;10
0.001965;30.57;10
0.001965;30.78;10
0.001965;30.81;10
0.001965;30.70;10
0.001965;30.77;10
0.001965;30.62;10
0.001965;30.71;10
0.001965;30.89;10
0.001965;30.83;10
0.001965;31.02;10
0.001965;30.84;10
0.001965;31.04;10
0.001965;30.72;10
0.001965;30.88;10
0.001965;30.93;10
0.001965;30.92;10
0.001965;31.10;10
0.001965;30.83;10
0.001965;30.75;10
0.001965;30.87;10
0.001965;30.82;10
0.001965;30.68;10
0.001965;30.86;10
0.001965;30.95;10
0.001965;30.95;10
0.001965;31.05;10
0.001965;30.94;10
0.001965;30.97;10
0.001965;30.80;10
0.001965;30.87;10
0.001965;30.91;10
0.001965;30.98;10
0.001965;31.09;10
0.001965;30.60;10
0.001965;30.86;10
0.001965;30.68;10
0.001965;30.78;10
0.001965;30.91;10
0.001965;31.18;10
0.001965;30.87;10
0.001965;30.97;10
0.001965;30.84;10
0.001965;30.96;10
0.001965;30.94;10
0.001965;30.82;10
0.001931;30.77;11
0.001931;30.87;11
0.001931;30.77;11
0.001931;30.77;11
0.001931;30.82;11
0.001931;30.72;11
0.001931;30.65;11
0.001931;30.69;11
0.001931;30.81;11
0.001931;31.06;11
0.001931;30.89;11
0.001931;30.91;11
0.001931;30.73;11
0.001931;30.88;11
0.001931;30.71;11
0.001931;30.90;11
0.001931;30.75;11
0.001931;30.99;11
0.001931;30.81;11
0.001931;30.91;11
0.001931;30.92;11
0.001931;31.00;11
0.001931;30.93;11
0.001931;30.93;11
0.001931;30.79;11
0.001931;30.78;11
0.001931;30.82;11
0.001931;30.93;11
0.001931;30.82;11
0.001931;30.87;11
0.001931;31.08;11
0.001931;30.85;11
0.001931;30.73;11
0.001931;30.71;11
0.001931;30.83;11
0.001931;30.87;11
0.001931;30.72;11
0.001931;30.94;11
0.001931;30.86;11
0.001931;30.81;11
0.001931;30.88;11
0.001931;30.76;11
0.001931;30.73;11
0.001931;30.79;11
0.001931;30.83;11
0.001931;30.71;11
0.001931;30.80;11
0.001931;30.99;11
0.001931;31.95;11
0.001931;31.14;11
0.001986;31.55;11
0.001986;30.93;11
0.001986;31.68;11
0.001986;30.75;11
0.001986;31.70;11
0.001986;30.79;11
0.001986;31.53;11
0.001986;30.77;11
0.001986;30.76;11
0.001986;30.78;11
0.001986;30.76;11
0.001986;30.90;11
0.001986;30.65;11
0.001986;30.86;11
0.001986;31.13;11
0.001986;31.05;11
0.001986;30.99;11
0.001986;31.07;11
0.001986;30.79;11
0.001986;30.98;11
0.001986;31.06;11
0.001986;31.10;11
0.001986;31.20;11
0.001986;31.47;11
0.001986;31.21;11
0.001986;31.14;11
0.001986;30.99;11
0.001986;31.24;11
0.001986;31.00;11
0.001986;31.30;11
0.001986;31.19;11
0.001986;31.19;11
0.001986;31.27;11
0.001986;31.20;11
0.001986;30.94;11
0.001986;31.08;11
0.001986;31.11;11
0.001986;31.18;11
0.001986;31.15;11
0.001986;31.21;11
0.001986;31.12;11
0.001986;31.04;11
0.001986;30.99;11
0.001986;31.05;11
0.001986;31.01;11
0.001986;31.19;11
0.001986;31.17;11
0.001986;31.14;11
0.001986;31.06;11
0.001986;31.14;11
0.001962;30.92;12
0.001962;30.96;12
0.001962;30.71;12
0.001962;30.87;12
0.001962;30.95;12
0.001962;30.95;12
0.001962;30.79;12
0.001962;30.87;12
0.001962;30.92;12
0.001962;31.14;12
0.001962;31.07;12
0.001962;31.08;12
0.001962;31.02;12
0.001962;31.24;12
0.001962;30.97;12
0.001962;31.05;12
0.001962;31.10;12
0.001962;30.84;12
0.001962;30.98;12
0.001962;30.90;12
0.001962;31.00;12
0.001962;30.97;12
0.001962;31.12;12
0.001962;31.10;12
0.001962;31.21;12
0.001962;31.24;12
0.001962;31.16;12
0.001962;30.98;12
0.001962;31.18;12
0.001962;31.32;12
0.001962;31.29;12
0.001962;31.44;12
0.001962;31.33;12
0.001962;31.31;12
0.001962;31.13;12
0.001962;30.90;12
0.001962;31.06;12
0.001962;30.75;12
0.001962;30.77;12
0.001962;30.65;12
0.001962;30.83;12
0.001962;30.83;12
0.001962;30.67;12
0.001962;30.78;12
0.001962;30.69;12
0.001962;30.88;12
0.001962;30.89;12
0.001962;30.70;12
0.001962;30.77;12
0.001962;30.97;12
0.001966;30.61;12
0.001966;30.65;12
0.001966;30.71;12
0.001966;30.99;12
0.001966;30.91;12
0.001966;30.92;12
0.001966;30.96;12
0.001966;31.01;12
0.001966;30.97;12
0.001966;31.15;12
0.001966;30.89;12
0.001966;30.92;12
0.001966;30.81;12
0.001966;30.73;12
0.001966;31.68;12
0.001966;30.72;12
0.001966;31.52;12
0.001966;30.86;12
0.001966;31.61;12
0.001966;30.71;12
0.001966;31.63;12
0.001966;30.76;12
0.001966;31.63;12
0.001966;30.90;12
0.001966;30.73;12
0.001966;30.64;12
0.001966;30.82;12
0.001966;31.00;12
0.001966;30.86;12
0.001966;30.94;12
0.001966;30.96;12
0.001966;31.09;12
0.001966;30.77;12
0.001966;30.93;12
0.001966;30.87;12
0.001966;30.96;12
0.001966;31.04;12
0.001966;30.79;12
0.001966;30.75;12
0.001966;30.92;12
0.001966;31.02;12
0.001966;30.92;12
0.001966;30.95;12
0.001966;30.95;12
0.001966;31.02;12
0.001966;30.99;12
0.001966;30.94;12
0.001966;30.94;12
0.001966;30.96;12
0.001966;31.07;12
0.001990;30.77;13
0.001990;30.76;13
0.001990;30.82;13
0.001990;30.67;13
0.001990;30.77;13
0.001990;30.76;13
0.001990;30.60;13
0.001990;30.70;13
0.001990;30.71;13
0.001990;30.89;13
0.001990;30.85;13
0.001990;30.87;13
0.001990;30.83;13
0.001990;30.85;13
0.001990;30.82;13
0.001990;30.72;13
0.001990;30.84;13
0.001990;30.80;13
0.001990;30.82;13
0.001990;30.88;13
0.001990;30.71;13
0.001990;30.94;13
0.001990;30.80;13
0.001990;31.02;13
0.001990;30.86;13
0.001990;30.91;13
0.001990;30.87;13
0.001990;30.82;13
0.001990;30.83;13
0.001990;30.86;13
0.001990;30.83;13
0.001990;30.62;13
0.001990;30.75;13
0.001990;30.83;13
0.001990;30.93;13
0.001990;30.78;13
0.001990;30.74;13
0.001990;30.74;13
0.001990;30.71;13
0.001990;31.00;13
0.001990;31.04;13
0.001990;30.86;13
0.001990;30.79;13
0.001990;30.93;13
0.001990;30.96;13
0.001990;30.80;13
0.001990;30.77;13
0.001990;30.82;13
0.001990;30.83;13
0.001990;30.73;13
0.001986;30.49;13
0.001986;30.60;13
0.001986;30.67;13
0.001986;30.71;13
0.001986;30.54;13
0.001986;30.73;13
0.001986;30.54;13
0.001986;30.81;13
0.001986;30.85;13
0.001986;30.66;13
0.001986;30.77;13
0.001986;30.57;13
0.001986;30.86;13
0.001986;30.71;13
0.001986;30.64;13
0.001986;30.75;13
0.001986;30.85;13
0.001986;30.70;13
0.001986;30.71;13
0.001986;30.77;13
0.001986;30.58;13
0.001986;30.81;13
0.001986;30.67;13
0.001986;30.64;13
0.001986;30.81;13
0.001986;30.78;13
0.001986;30.61;13
0.001986;30.70;13
0.001986;30.75;13
0.001986;30.66;13
0.001986;30.96;13
0.001986;32.48;13
0.001986;31.17;13
0.001986;31.12;13
0.001986;31.23;13
0.001986;31.20;13
0.001986;31.33;13
0.001986;31.09;13
0.001986;31.19;13
0.001986;30.76;13
0.001986;32.42;13
0.001986;32.14;13
0.001986;32.37;13
0.001986;31.67;13
0.001986;30.50;13
0.001986;30.29;13
0.001986;30.33;13
0.001986;30.34;13
0.001986;30.43;13
0.001986;30.65;13
0.001973;30.09;14
0.001973;30.27;14
0.001973;30.26;14
0.001973;30.31;14
0.001973;30.10;14
0.001973;30.35;14
0.001973;30.46;14
0.001973;30.21;14
0.001973;30.34;14
0.001973;30.39;14
0.001973;30.22;14
0.001973;30.23;14
0.001973;30.36;14
0.001973;30.44;14
0.001973;34.32;14
0.001973;30.60;14
0.001973;30.23;14
0.001973;30.35;14
0.001973;30.51;14
0.001973;30.50;14
0.001973;30.97;14
0.001973;30.75;14
0.001973;30.37;14
0.001973;30.26;14
0.001973;30.26;14
0.001973;30.23;14
0.001973;31.24;14
0.001973;31.11;14
0.001973;30.86;14
0.001973;31.21;14
0.001973;30.67;14
0.001973;30.42;14
0.001973;30.49;14
0.001973;30.44;14
0.001973;30.45;14
0.001973;30.63;14
0.001973;30.54;14
0.001973;30.54;14
0.001973;30.91;14
0.001973;30.88;14
0.001973;30.63;14
0.001973;30.58;14
0.001973;30.69;14
0.001973;30.43;14
0.001973;30.49;14
0.001973;30.59;14
0.001973;30.85;14
0.001973;30.52;14
0.001973;30.27;14
0.001973;30.57;14
0.001966;30.34;14
0.001966;30.35;14
0.001966;30.37;14
0.001965;30.64;14
0.001965;30.51;14
0.001965;30.52;14
0.001965;30.63;14
0.001965;31.39;14
0.001965;31.04;14
0.001965;30.87;14
0.001965;30.94;14
0.001965;31.31;14
0.001966;30.92;14
0.001966;31.39;14
0.001966;30.74;14
0.001966;31.39;14
0.001966;30.57;14
0.001966;30.47;14
0.001966;30.43;14
0.001966;30.56;14
0.001966;30.94;14
0.001966;30.85;14
0.001966;31.09;14
0.001966;30.97;14
0.001966;30.65;14
0.001966;30.90;14
0.001966;30.92;14
0.001966;31.00;14
0.001966;30.98;14
0.001966;30.86;14
0.001966;30.80;14
0.001966;30.75;14
0.001966;30.71;14
0.001966;30.45;14
0.001966;30.50;14
0.001966;30.47;14
0.001966;30.41;14
0.001966;30.57;14
0.001966;30.45;14
0.001966;30.37;14
0.001966;30.55;14
0.001966;30.38;14
0.001966;30.45;14
0.001966;30.42;14
0.001966;30.39;14
0.001966;30.59;14
0.001966;30.71;14
0.001966;30.61;14
0.001966;31.18;14
0.001966;30.53;14
0.001982;30.44;15
0.001982;30.58;15
0.001982;30.45;15
0.001982;30.57;15
0.001982;30.55;15
0.001982;30.79;15
0.001982;30.55;15
0.001982;30.63;15
0.001982;30.68;15
0.001982;30.50;15
0.001982;30.27;15
0.001982;30.28;15
0.001982;30.33;15
0.001982;30.36;15
0.001982;30.60;15
0.001982;30.54;15
0.001982;30.43;15
0.001982;30.41;15
0.001982;30.36;15
0.001982;30.40;15
0.001982;30.37;15
0.001982;30.35;15
0.001982;30.55;15
0.001982;30.56;15
0.001982;30.55;15
0.001982;30.42;15
0.001982;30.71;15
0.001982;30.82;15
0.001982;30.83;15
0.001982;30.78;15
0.001982;30.80;15
0.001982;30.92;15
0.001982;30.89;15
0.001982;30.89;15
0.001982;30.78;15
0.001982;30.90;15
0.001982;30.71;15
0.001982;30.77;15
0.001982;30.62;15
0.001982;30.69;15
0.001982;30.74;15
0.001982;30.81;15
0.001982;30.74;15
0.001982;30.60;15
0.001982;30.52;15
0.001982;30.65;15
0.001982;30.43;15
0.001982;30.55;15
0.001982;30.53;15
0.001982;30.62;15
0.001976;30.39;15
0.001976;30.37;15
0.001976;30.36;15
0.001976;30.39;15
0.001976;30.36;15
0.001976;30.35;15
0.001975;30.31;15
0.001975;30.24;15
0.001975;30.31;15
0.001975;30.33;15
0.001975;30.24;15
0.001975;30.36;15
0.001975;30.54;15
0.001975;30.58;15
0.001975;30.47;15
0.001975;30.41;15
0.001975;30.45;15
0.001975;30.40;15
0.001975;30.46;15
0.001975;30.54;15
0.001975;30.44;15
0.001975;30.33;15
0.001975;30.36;15
0.001975;30.47;15
0.001975;30.47;15
0.001975;30.57;15
0.001975;30.45;15
0.001975;30.51;15
0.001975;30.43;15
0.001975;30.28;15
0.001975;30.45;15
0.001975;30.49;15
0.001975;30.45;15
0.001975;30.45;15
0.001975;30.41;15
0.001975;30.36;15
0.001975;30.46;15
0.001975;30.33;15
0.001975;30.29;15
0.001975;30.41;15
0.001975;30.42;15
0.001975;30.47;15
0.001975;30.51;15
0.001975;30.46;15
0.001975;30.62;15
0.001975;30.53;15
0.001975;30.47;15
0.001975;30.39;15
0.001975;30.46;15
0.001975;30.39;15
0.001982;30.09;16
0.001982;30.17;16
0.001982;30.38;16
0.001982;30.26;16
0.001982;30.40;16
0.001982;30.34;16
0.001982;30.43;16
0.001982;30.36;16
0.001982;30.27;16
0.001982;30.34;16
0.001982;30.49;16
0.001982;30.30;16
0.001982;30.47;16
0.001982;30.27;16
0.001982;30.50;16
0.001982;30.84;16
0.001982;30.64;16
0.001982;31.12;16
0.001982;30.59;16
0.001982;31.07;16
0.001982;30.58;16
0.001982;31.14;16
0.001982;30.54;16
0.001982;31.19;16
0.001982;30.39;16
0.001982;30.61;16
0.001982;30.64;16
0.001982;30.46;16
0.001982;30.50;16
0.001982;30.46;16
0.001982;30.37;16
0.001982;30.31;16
0.001982;30.79;16
0.001982;30.98;16
0.001982;30.86;16
0.001982;31.00;16
0.001982;30.77;16
0.001982;30.92;16
0.001982;30.84;16
0.001982;30.92;16
0.001982;30.95;16
0.001982;30.94;16
0.001982;30.97;16
0.001982;30.97;16
0.001982;30.82;16
0.001982;30.90;16
0.001982;30.74;16
0.001982;30.81;16
0.001982;30.76;16
0.001982;30.81;16
0.002012;30.51;16
0.002012;30.72;16
0.002012;30.63;16
0.002012;30.58;16
0.002012;30.52;16
0.002012;30.38;16
0.002012;30.34;16
0.002012;30.24;16
0.002012;30.49;16
0.002012;30.51;16
0.002012;30.37;16
0.002012;30.58;16
0.002012;30.37;16
0.002012;30.47;16
0.002012;30.26;16
0.002012;30.44;16
0.002012;30.33;16
0.002012;30.27;16
0.002012;30.37;16
0.002012;30.37;16
0.002012;30.43;16
0.002012;30.42;16
0.002012;30.41;16
0.002012;30.34;16
0.002012;30.45;16
0.002012;30.44;16
0.002012;30.29;16
0.002012;30.24;16
0.002012;30.29;16
0.002012;30.18;16
0.002012;30.36;16
0.002012;30.31;16
0.002012;30.11;16
0.002012;30.20;16
0.002012;30.22;16
0.002012;30.33;16
0.002012;30.23;16
0.002012;30.25;16
0.002012;30.25;16
0.002012;30.22;16
0.002012;30.23;16
0.002012;30.23;16
0.002012;30.36;16
0.002012;30.23;16
0.002012;30.31;16
0.002012;30.23;16
0.002012;30.37;16
0.002012;30.26;16
0.002012;30.32;16
0.002012;30.32;16
0.002012;30.16;17
0.002012;30.17;17
0.002012;30.10;17
0.002012;30.05;17
0.002012;30.14;17
0.002012;30.15;17
0.002012;30.17;17
0.002012;30.24;17
0.002012;30.36;17
0.002012;30.19;17
0.002012;30.12;17
0.002012;30.26;17
0.002012;30.21;17
0.002012;30.24;17
0.002012;30.23;17
0.002012;30.39;17
0.002012;30.39;17
0.002012;30.25;17
0.002012;30.30;17
0.002012;30.08;17
0.002012;30.51;17
0.002012;30.33;17
0.002012;30.34;17
0.002012;30.31;17
0.002012;30.32;17
0.002012;30.15;17
0.002012;30.14;17
0.002012;30.28;17
0.002012;30.15;17
0.002012;30.12;17
0.002012;30.22;17
0.002012;30.30;17
0.002012;30.30;17
0.002012;30.82;17
0.002012;30.82;17
0.002012;30.99;17
0.002012;30.70;17
0.002012;30.79;17
0.002012;30.60;17
0.002012;30.88;17
0.002012;30.49;17
0.002012;31.11;17
0.002012;30.52;17
0.002012;30.44;17
0.002012;30.53;17
0.002012;30.59;17
0.002012;30.41;17
0.002012;30.46;17
0.002012;30.40;17
0.002012;30.44;17
0.001962;30.32;17
0.001962;30.37;17
0.001962;30.31;17
0.001962;30.28;17
0.001962;30.37;17
0.001962;30.45;17
0.001962;30.32;17
0.001962;30.24;17
0.001962;30.29;17
0.001962;30.33;17
0.001962;30.19;17
0.001961;30.29;17
0.001961;30.37;17
0.001961;30.35;17
0.001961;30.27;17
0.001961;30.18;17
0.001961;30.23;17
0.001961;30.17;17
0.001961;30.39;17
0.001961;30.45;17
0.001961;30.41;17
0.001961;30.41;17
0.001961;30.40;17
0.001961;30.39;17
0.001961;30.42;17
0.001961;30.51;17
0.001961;30.42;17
0.001961;30.37;17
0.001961;30.41;17
0.001961;30.51;17
0.001961;30.53;17
0.001961;30.36;17
0.001961;30.45;17
0.001961;30.50;17
0.001961;30.35;17
0.001961;30.49;17
0.001961;30.41;17
0.001961;30.46;17
0.001961;30.30;17
0.001961;30.34;17
0.001961;30.43;17
0.001961;30.49;17
0.001961;30.35;17
0.001961;30.46;17
0.001961;30.07;17
0.001961;30.26;17
0.001961;30.26;17
0.001961;30.46;17
0.001961;30.37;17
0.001961;30.44;17
0.002011;30.06;18
0.002011;30.25;18
0.002011;30.03;18
0.002010;30.22;18
0.002010;30.20;18
0.002010;30.18;18
0.002010;29.99;18
0.002010;30.11;18
0.002010;30.09;18
0.002010;30.14;18
0.002010;30.00;18
0.002010;30.10;18
0.002010;30.11;18
0.002010;30.15;18
0.002010;30.13;18
0.002010;30.29;18
0.002010;30.17;18
0.002010;30.31;18
0.002010;30.21;18
0.002010;30.24;18
0.002010;30.28;18
0.002010;30.24;18
0.002010;30.21;18
0.002010;30.20;18
0.002010;30.21;18
0.002010;30.26;18
0.002010;30.20;18
0.002010;30.49;18
0.002010;30.34;18
0.002010;30.39;18
0.002010;30.44;18
0.002010;30.46;18
0.002010;30.42;18
0.002010;30.46;18
0.002010;30.24;18
0.002009;30.43;18
0.002009;30.36;18
0.002009;30.38;18
0.002009;30.49;18
0.002009;30.43;18
0.002009;30.42;18
0.002009;30.41;18
0.002009;30.44;18
0.002009;30.36;18
0.002009;30.25;18
0.002009;30.36;18
0.002009;30.35;18
0.002009;30.26;18
0.002009;30.25;18
0.002009;30.87;18
0.001986;30.33;18
0.001986;30.72;18
0.001986;30.38;18
0.001985;30.77;18
0.001985;30.22;18
0.001985;30.90;18
0.001985;30.18;18
0.001985;31.06;18
0.001985;30.21;18
0.001985;31.20;18
0.001985;30.37;18
0.001985;30.47;18
0.001985;30.41;18
0.001985;30.37;18
0.001985;30.25;18
0.001985;30.27;18
0.001985;30.28;18
0.001985;30.13;18
0.001985;30.21;18
0.001985;30.28;18
0.001985;30.29;18
0.001985;30.39;18
0.001985;30.55;18
0.001985;30.48;18
0.001985;30.60;18
0.001985;30.44;18
0.001985;30.46;18
0.001985;30.50;18
0.001985;30.39;18
0.001985;31.27;18
0.001985;30.54;18
0.001985;31.32;18
0.001985;30.53;18
0.001985;31.34;18
0.001985;30.48;18
0.001985;31.28;18
0.001985;30.48;18
0.001985;31.17;18
0.001985;30.46;18
0.001985;30.48;18
0.001985;30.46;18
0.001985;30.33;18
0.001985;30.45;18
0.001985;30.42;18
0.001985;30.32;18
0.001985;30.19;18
0.001985;30.32;18
0.001985;30.39;18
0.001985;30.37;18
0.001985;30.35;18
0.001975;30.22;19
0.001974;30.36;19
0.001973;30.29;19
0.001973;30.40;19
0.001973;30.37;19
0.001973;30.41;19
0.001973;30.28;19
0.001973;30.37;19
0.001973;30.10;19
0.001973;30.16;19
0.001973;30.19;19
0.001973;30.24;19
0.001973;30.13;19
0.001973;30.19;19
0.001973;30.47;19
0.001973;30.41;19
0.001973;30.18;19
0.001973;30.16;19
0.001973;30.24;19
0.001973;30.23;19
0.001973;30.25;19
0.001973;30.30;19
0.001973;30.19;19
0.001973;30.25;19
0.001973;30.22;19
0.001973;30.33;19
0.001973;30.29;19
0.001973;30.32;19
0.001973;30.37;19
0.001973;30.48;19
0.001973;30.44;19
0.001973;30.35;19
0.001973;30.44;19
0.001973;30.55;19
0.001973;30.38;19
0.001973;30.51;19
0.001973;30.49;19
0.001973;30.58;19
0.001973;30.62;19
0.001973;30.45;19
0.001973;30.69;19
0.001973;30.79;19
0.001973;31.04;19
0.001973;30.92;19
0.001973;30.94;19
0.001973;30.72;19
0.001973;30.58;19
0.001973;30.56;19
0.001973;30.44;19
0.001973;30.57;19
0.001987;30.21;19
0.001986;30.38;19
0.001986;30.45;19
0.001986;30.37;19
0.001986;30.32;19
0.001986;30.29;19
0.001986;30.51;19
0.001986;30.43;19
0.001986;30.38;19
0.001986;30.37;19
0.001986;30.26;19
0.001986;30.19;19
0.001986;30.18;19
0.001986;30.22;19
0.001986;30.29;19
0.001986;30.45;19
0.001986;30.32;19
0.001986;30.28;19
0.001986;30.36;19
0.001986;30.26;19
0.001986;31.25;19
0.001986;30.37;19
0.001986;31.10;19
0.001986;30.53;19
0.001986;31.14;19
0.001986;30.46;19
0.001986;31.28;19
0.001986;30.43;19
0.001986;31.30;19
0.001986;30.25;19
0.001986;30.59;19
0.001986;30.49;19
0.001986;30.36;19
0.001986;30.44;19
0.001986;30.49;19
0.001986;30.30;19
0.001986;30.44;19
0.001986;30.50;19
0.001986;30.48;19
0.001986;30.44;19
0.001986;30.46;19
0.001986;30.47;19
0.001986;30.55;19
0.001986;30.45;19
0.001986;30.37;19
0.001986;30.46;19
0.001986;30.48;19
0.001986;30.39;19
0.001986;30.52;19
0.001986;30.45;19
