loss;elapsed_time;iteration
0.002013;30.21;0
0.002006;29.67;0
0.002005;30.38;0
0.002005;30.02;0
0.002005;30.44;0
0.002004;29.76;0
0.002004;30.25;0
0.002004;29.83;0
0.002004;29.68;0
0.002004;29.65;0
0.002004;29.62;0
0.002004;29.57;0
0.002004;29.67;0
0.002004;29.85;0
0.002004;29.84;0
0.002003;29.68;0
0.002003;29.82;0
0.002003;29.82;0
0.002003;29.79;0
0.002003;30.32;0
0.002003;29.62;0
0.002003;30.19;0
0.002003;29.58;0
0.002003;30.07;0
0.002003;29.52;0
0.002003;30.16;0
0.002003;29.69;0
0.002003;30.35;0
0.002003;29.86;0
0.002003;29.90;0
0.002003;29.82;0
0.002003;29.75;0
0.002003;29.86;0
0.002003;29.73;0
0.002003;29.81;0
0.002003;29.71;0
0.002003;29.79;0
0.002003;29.78;0
0.002003;29.74;0
0.002003;29.88;0
0.002004;29.47;0
0.002004;29.65;0
0.002004;29.83;0
0.002004;29.81;0
0.002004;29.84;0
0.002004;29.68;0
0.002004;29.72;0
0.002004;29.75;0
0.002004;29.65;0
0.002004;29.47;0
0.002004;29.73;0
0.002003;29.47;0
0.002003;29.59;0
0.002003;28.89;0
0.002003;28.68;0
0.002003;28.73;0
0.002003;28.78;0
0.002003;28.74;0
0.002003;28.77;0
0.002003;28.85;0
0.002003;28.91;0
0.002003;28.83;0
0.002003;28.88;0
0.002003;28.70;0
0.002003;28.64;0
0.002003;28.71;0
0.002003;28.59;0
0.002003;28.73;0
0.002003;28.71;0
0.002003;28.78;0
0.002003;28.57;0
0.002003;28.70;0
0.002003;28.95;0
0.002003;28.98;0
0.002003;28.84;0
0.002003;28.66;0
0.002003;28.66;0
0.002003;28.86;0
0.002003;28.99;0
0.002003;28.98;0
0.002003;29.02;0
0.002003;29.10;0
0.002003;29.30;0
0.002003;29.03;0
0.002003;29.09;0
0.002003;29.05;0
0.002003;28.97;0
0.002003;29.09;0
0.002003;28.88;0
0.002003;28.90;0
0.002003;29.02;0
0.002003;28.98;0
0.002003;29.00;0
0.002003;29.15;0
0.002003;28.88;0
0.002003;28.96;0
0.002003;28.90;0
0.002003;29.03;0
0.002003;29.07;0
0.002003;29.05;0
0.001969;28.57;1
0.001968;28.69;1
0.001968;28.55;1
0.001968;28.60;1
0.001968;28.58;1
0.001968;28.54;1
0.001967;28.69;1
0.001967;28.57;1
0.001967;28.62;1
0.001967;28.74;1
0.001967;28.71;1
0.001967;28.70;1
0.001967;28.77;1
0.001967;28.67;1
0.001967;28.69;1
0.001967;28.75;1
0.001967;28.84;1
0.001967;28.60;1
0.001967;28.97;1
0.001967;29.47;1
0.001967;30.07;1
0.001967;28.77;1
0.001967;29.02;1
0.001967;28.64;1
0.001967;29.11;1
0.001967;28.62;1
0.001967;29.18;1
0.001967;28.60;1
0.001967;29.15;1
0.001967;28.71;1
0.001967;28.81;1
0.001967;30.82;1
0.001967;29.54;1
0.001967;29.41;1
0.001967;28.53;1
0.001967;28.55;1
0.001967;29.09;1
0.001967;28.63;1
0.001967;29.52;1
0.001967;29.43;1
0.001967;29.99;1
0.001967;29.95;1
0.001967;29.77;1
0.001967;29.27;1
0.001967;28.95;1
0.001967;29.50;1
0.001967;31.21;1
0.001967;29.32;1
0.001967;29.55;1
0.001967;29.57;1
0.001977;29.36;1
0.001976;29.92;1
0.001976;28.60;1
0.001976;28.66;1
0.001976;29.38;1
0.001976;30.51;1
0.001976;30.24;1
0.001976;29.44;1
0.001976;30.10;1
0.001976;30.09;1
0.001976;30.23;1
0.001976;30.49;1
0.001976;29.04;1
0.001976;29.88;1
0.001976;28.76;1
0.001976;29.01;1
0.001976;28.84;1
0.001976;28.63;1
0.001976;28.64;1
0.001976;28.68;1
0.001976;29.02;1
0.001976;29.27;1
0.001976;30.67;1
0.001976;29.24;1
0.001976;30.62;1
0.001976;29.42;1
0.001976;29.33;1
0.001976;29.20;1
0.001976;29.47;1
0.001976;29.31;1
0.001976;29.35;1
0.001976;29.02;1
0.001976;29.05;1
0.001976;29.04;1
0.001976;30.65;1
0.001976;29.08;1
0.001976;30.52;1
0.001976;28.77;1
0.001976;29.19;1
0.001976;28.93;1
0.001976;28.84;1
0.001976;31.96;1
0.001976;29.18;1
0.001976;30.71;1
0.001976;29.92;1
0.001976;28.89;1
0.001976;28.91;1
0.001976;28.65;1
0.001976;28.68;1
0.001976;28.63;1
0.001958;28.39;2
0.001958;28.57;2
0.001958;28.51;2
0.001958;29.03;2
0.001958;28.59;2
0.001958;28.80;2
0.001958;28.70;2
0.001958;28.66;2
0.001958;28.48;2
0.001958;28.94;2
0.001958;29.12;2
0.001958;28.90;2
0.001958;30.53;2
0.001957;30.58;2
0.001957;31.16;2
0.001957;31.55;2
0.001958;31.54;2
0.001957;29.49;2
0.001957;28.68;2
0.001957;29.93;2
0.001957;31.80;2
0.001957;30.75;2
0.001957;31.06;2
0.001957;30.38;2
0.001957;30.69;2
0.001957;31.52;2
0.001957;28.74;2
0.001957;31.43;2
0.001957;31.40;2
0.001957;31.20;2
0.001957;30.55;2
0.001957;29.30;2
0.001957;29.45;2
0.001957;29.35;2
0.001957;29.53;2
0.001957;29.29;2
0.001957;28.87;2
0.001957;28.85;2
0.001957;28.81;2
0.001957;28.91;2
0.001957;28.82;2
0.001957;29.45;2
0.001957;29.50;2
0.001957;29.26;2
0.001957;29.02;2
0.001957;29.46;2
0.001957;29.12;2
0.001957;29.32;2
0.001957;29.04;2
0.001957;29.13;2
0.001958;28.87;2
0.001958;28.79;2
0.001958;28.78;2
0.001958;28.72;2
0.001958;28.81;2
0.001958;28.64;2
0.001958;28.63;2
0.001958;28.77;2
0.001958;28.80;2
0.001958;28.77;2
0.001958;28.73;2
0.001958;28.75;2
0.001958;28.76;2
0.001958;28.85;2
0.001958;28.89;2
0.001958;28.85;2
0.001958;28.79;2
0.001958;29.07;2
0.001958;28.90;2
0.001958;28.82;2
0.001958;28.70;2
0.001958;28.94;2
0.001958;28.78;2
0.001958;28.66;2
0.001958;28.85;2
0.001958;28.69;2
0.001958;28.85;2
0.001958;28.78;2
0.001958;28.80;2
0.001958;28.75;2
0.001958;28.91;2
0.001958;29.01;2
0.001958;29.05;2
0.001958;29.23;2
0.001958;28.87;2
0.001958;28.74;2
0.001958;28.79;2
0.001958;28.91;2
0.001958;28.88;2
0.001958;28.90;2
0.001958;28.76;2
0.001958;28.79;2
0.001958;28.79;2
0.001958;28.69;2
0.001958;28.77;2
0.001958;28.61;2
0.001958;28.76;2
0.001958;28.73;2
0.001958;28.75;2
0.001958;28.81;2
0.001969;28.30;3
0.001969;28.57;3
0.001969;28.57;3
0.001969;28.63;3
0.001969;28.61;3
0.001969;28.63;3
0.001969;28.61;3
0.001969;28.69;3
0.001969;28.63;3
0.001969;28.63;3
0.001969;28.61;3
0.001969;28.75;3
0.001969;28.80;3
0.001969;28.64;3
0.001969;28.82;3
0.001969;28.73;3
0.001969;28.66;3
0.001969;28.83;3
0.001969;28.71;3
0.001969;28.81;3
0.001969;28.56;3
0.001969;28.61;3
0.001969;28.55;3
0.001969;28.61;3
0.001969;28.46;3
0.001969;28.61;3
0.001969;28.65;3
0.001969;28.66;3
0.001969;28.70;3
0.001969;28.67;3
0.001969;28.72;3
0.001969;28.79;3
0.001969;28.72;3
0.001969;28.61;3
0.001969;28.74;3
0.001969;28.68;3
0.001969;28.78;3
0.001969;28.70;3
0.001969;28.71;3
0.001969;28.62;3
0.001969;28.72;3
0.001969;28.72;3
0.001969;28.86;3
0.001969;28.75;3
0.001969;28.68;3
0.001969;28.62;3
0.001969;28.66;3
0.001969;28.72;3
0.001969;28.62;3
0.001969;28.74;3
0.002008;28.44;3
0.002007;28.63;3
0.002007;28.68;3
0.002007;28.35;3
0.002007;28.43;3
0.002007;28.48;3
0.002007;28.40;3
0.002007;28.49;3
0.002007;28.50;3
0.002007;28.77;3
0.002007;28.68;3
0.002007;28.72;3
0.002007;28.68;3
0.002007;28.60;3
0.002007;28.66;3
0.002007;28.71;3
0.002007;29.10;3
0.002007;28.60;3
0.002007;29.04;3
0.002007;28.57;3
0.002007;29.86;3
0.002007;28.77;3
0.002007;28.82;3
0.002007;28.72;3
0.002007;28.61;3
0.002007;28.69;3
0.002007;28.83;3
0.002007;28.71;3
0.002006;28.71;3
0.002006;28.66;3
0.002006;28.76;3
0.002006;28.86;3
0.002006;28.87;3
0.002006;28.80;3
0.002006;28.85;3
0.002006;28.63;3
0.002006;28.70;3
0.002006;28.81;3
0.002006;28.68;3
0.002006;28.80;3
0.002006;28.71;3
0.002006;28.73;3
0.002006;28.71;3
0.002006;28.71;3
0.002006;28.69;3
0.002006;28.67;3
0.002006;28.80;3
0.002006;28.73;3
0.002006;28.92;3
0.002006;28.80;3
0.001958;28.26;4
0.001958;28.63;4
0.001958;28.68;4
0.001958;28.56;4
0.001958;28.67;4
0.001958;28.57;4
0.001958;28.56;4
0.001958;28.78;4
0.001958;28.52;4
0.001957;28.64;4
0.001957;28.51;4
0.001958;28.64;4
0.001957;28.67;4
0.001957;28.75;4
0.001958;28.79;4
0.001957;28.69;4
0.001958;28.58;4
0.001957;28.61;4
0.001957;28.69;4
0.001957;28.61;4
0.001957;28.49;4
0.001957;28.55;4
0.001957;28.63;4
0.001957;28.53;4
0.001957;28.62;4
0.001957;28.74;4
0.001957;28.92;4
0.001957;28.89;4
0.001957;28.67;4
0.001957;28.80;4
0.001957;28.70;4
0.001957;28.81;4
0.001957;28.67;4
0.001957;28.79;4
0.001957;28.64;4
0.001957;28.75;4
0.001957;28.80;4
0.001957;28.64;4
0.001957;28.62;4
0.001957;28.84;4
0.001957;28.86;4
0.001957;28.73;4
0.001957;28.65;4
0.001957;28.69;4
0.001957;28.79;4
0.001957;28.76;4
0.001957;28.75;4
0.001957;28.63;4
0.001957;28.76;4
0.001957;28.86;4
0.001973;28.50;4
0.001973;28.56;4
0.001973;28.48;4
0.001973;28.43;4
0.001973;28.44;4
0.001973;28.45;4
0.001973;28.55;4
0.001973;28.52;4
0.001973;28.52;4
0.001973;28.51;4
0.001973;28.60;4
0.001973;28.67;4
0.001973;28.68;4
0.001973;28.71;4
0.001973;28.73;4
0.001973;28.62;4
0.001973;28.56;4
0.001973;28.60;4
0.001973;28.59;4
0.001973;28.56;4
0.001973;28.63;4
0.001973;28.66;4
0.001973;28.60;4
0.001973;28.49;4
0.001973;28.64;4
0.001973;28.65;4
0.001973;28.75;4
0.001973;28.85;4
0.001973;28.83;4
0.001973;28.91;4
0.001973;28.75;4
0.001973;28.71;4
0.001973;28.75;4
0.001973;28.83;4
0.001973;28.71;4
0.001973;29.06;4
0.001973;28.72;4
0.001973;28.84;4
0.001973;28.81;4
0.001973;28.75;4
0.001973;28.81;4
0.001973;29.26;4
0.001973;28.92;4
0.001973;29.01;4
0.001973;28.93;4
0.001973;28.90;4
0.001973;29.07;4
0.001973;28.79;4
0.001973;29.13;4
0.001973;28.62;4
0.001962;28.81;5
0.001962;28.43;5
0.001962;28.39;5
0.001962;28.51;5
0.001962;28.59;5
0.001962;28.53;5
0.001962;28.58;5
0.001962;28.53;5
0.001962;28.82;5
0.001962;28.70;5
0.001962;28.61;5
0.001962;28.64;5
0.001962;28.57;5
0.001962;28.59;5
0.001962;28.73;5
0.001962;28.58;5
0.001962;28.48;5
0.001962;28.68;5
0.001962;28.69;5
0.001962;28.79;5
0.001962;28.65;5
0.001962;28.62;5
0.001962;28.67;5
0.001962;28.68;5
0.001962;28.73;5
0.001962;28.82;5
0.001962;28.78;5
0.001962;28.77;5
0.001962;28.70;5
0.001962;28.80;5
0.001962;28.70;5
0.001962;28.77;5
0.001962;28.66;5
0.001962;28.68;5
0.001962;28.87;5
0.001962;28.72;5
0.001962;28.66;5
0.001962;28.75;5
0.001962;28.66;5
0.001962;28.85;5
0.001962;28.72;5
0.001962;28.66;5
0.001962;28.58;5
0.001962;28.61;5
0.001962;28.59;5
0.001962;28.69;5
0.001962;28.78;5
0.001962;28.78;5
0.001962;28.69;5
0.001962;28.70;5
0.001964;28.46;5
0.001964;28.52;5
0.001964;28.51;5
0.001964;28.57;5
0.001964;28.51;5
0.001964;28.62;5
0.001965;28.66;5
0.001965;28.71;5
0.001965;28.61;5
0.001965;28.68;5
0.001965;28.55;5
0.001965;28.64;5
0.001965;28.77;5
0.001965;28.64;5
0.001965;28.66;5
0.001965;28.57;5
0.001965;28.63;5
0.001965;28.67;5
0.001965;28.63;5
0.001965;28.61;5
0.001965;28.57;5
0.001965;28.70;5
0.001965;28.75;5
0.001965;28.62;5
0.001965;28.76;5
0.001965;28.81;5
0.001965;28.71;5
0.001965;28.82;5
0.001965;28.78;5
0.001965;28.75;5
0.001965;28.94;5
0.001965;28.84;5
0.001965;28.76;5
0.001965;28.69;5
0.001965;28.84;5
0.001965;28.75;5
0.001965;28.72;5
0.001965;28.75;5
0.001965;28.62;5
0.001965;28.85;5
0.001965;28.68;5
0.001965;28.81;5
0.001965;29.01;5
0.001965;28.83;5
0.001965;28.84;5
0.001965;28.89;5
0.001965;28.84;5
0.001965;28.83;5
0.001965;28.78;5
0.001965;28.82;5
0.001969;28.39;6
0.001969;28.57;6
0.001969;28.53;6
0.001969;28.54;6
0.001969;28.72;6
0.001969;28.42;6
0.001969;28.59;6
0.001969;28.79;6
0.001969;28.62;6
0.001969;28.62;6
0.001969;28.78;6
0.001969;28.73;6
0.001969;28.69;6
0.001969;28.63;6
0.001969;28.54;6
0.001969;28.71;6
0.001969;28.92;6
0.001969;28.94;6
0.001969;28.73;6
0.001969;28.97;6
0.001969;28.55;6
0.001969;28.94;6
0.001969;28.54;6
0.001969;29.09;6
0.001969;28.51;6
0.001969;29.01;6
0.001969;28.95;6
0.001969;28.66;6
0.001969;28.72;6
0.001969;28.85;6
0.001969;28.69;6
0.001969;28.73;6
0.001969;28.74;6
0.001969;28.66;6
0.001969;28.73;6
0.001969;28.71;6
0.001969;28.74;6
0.001969;28.72;6
0.001969;28.82;6
0.001969;28.78;6
0.001969;28.76;6
0.001969;28.70;6
0.001969;28.63;6
0.001969;28.71;6
0.001969;28.72;6
0.001969;28.65;6
0.001969;28.77;6
0.001969;28.63;6
0.001969;28.62;6
0.001969;28.73;6
0.001970;28.36;6
0.001970;28.54;6
0.001970;28.47;6
0.001970;28.56;6
0.001970;28.63;6
0.001970;28.48;6
0.001970;28.63;6
0.001970;28.52;6
0.001970;28.54;6
0.001970;28.60;6
0.001970;28.45;6
0.001970;28.63;6
0.001970;28.62;6
0.001970;28.48;6
0.001970;28.63;6
0.001970;28.55;6
0.001970;28.58;6
0.001970;28.58;6
0.001970;28.53;6
0.001970;28.68;6
0.001970;28.53;6
0.001970;28.51;6
0.001970;28.44;6
0.001969;28.40;6
0.001969;28.62;6
0.001969;28.56;6
0.001969;28.77;6
0.001969;28.63;6
0.001969;28.59;6
0.001969;28.73;6
0.001969;28.73;6
0.001969;28.70;6
0.001969;28.75;6
0.001969;28.77;6
0.001969;28.78;6
0.001969;28.64;6
0.001969;28.69;6
0.001968;28.73;6
0.001968;28.72;6
0.001968;28.66;6
0.001968;28.70;6
0.001968;28.82;6
0.001968;28.83;6
0.001968;29.01;6
0.001968;28.94;6
0.001968;28.77;6
0.001968;28.74;6
0.001968;28.82;6
0.001968;28.83;6
0.001968;28.86;6
0.001948;28.32;7
0.001948;28.42;7
0.001948;28.42;7
0.001948;28.42;7
0.001948;28.54;7
0.001948;28.50;7
0.001948;28.55;7
0.001948;28.49;7
0.001948;28.55;7
0.001948;28.75;7
0.001948;28.55;7
0.001948;28.61;7
0.001948;28.62;7
0.001948;28.42;7
0.001948;28.59;7
0.001948;28.67;7
0.001948;28.60;7
0.001948;28.74;7
0.001948;28.49;7
0.001948;28.58;7
0.001948;29.88;7
0.001948;28.56;7
0.001948;29.24;7
0.001948;28.52;7
0.001948;29.10;7
0.001948;28.70;7
0.001948;29.24;7
0.001948;28.69;7
0.001948;29.17;7
0.001948;28.70;7
0.001948;28.66;7
0.001948;28.84;7
0.001948;28.91;7
0.001948;28.75;7
0.001948;28.94;7
0.001948;28.90;7
0.001948;29.09;7
0.001948;28.85;7
0.001948;28.65;7
0.001948;28.68;7
0.001948;28.72;7
0.001948;28.78;7
0.001948;29.16;7
0.001948;28.73;7
0.001948;29.21;7
0.001948;28.75;7
0.001948;29.07;7
0.001948;28.69;7
0.001948;29.07;7
0.001948;28.58;7
0.001950;28.76;7
0.001949;28.60;7
0.001949;28.35;7
0.001949;28.46;7
0.001949;28.54;7
0.001949;28.46;7
0.001949;28.41;7
0.001949;28.43;7
0.001949;28.63;7
0.001949;28.65;7
0.001949;28.53;7
0.001949;28.82;7
0.001949;28.66;7
0.001948;28.67;7
0.001949;28.62;7
0.001948;28.58;7
0.001948;28.52;7
0.001948;28.46;7
0.001948;28.60;7
0.001948;28.59;7
0.001948;28.52;7
0.001948;28.59;7
0.001948;28.57;7
0.001948;28.57;7
0.001948;28.67;7
0.001948;28.60;7
0.001948;28.64;7
0.001948;28.79;7
0.001948;28.77;7
0.001948;28.71;7
0.001948;28.63;7
0.001948;28.77;7
0.001948;28.81;7
0.001948;28.70;7
0.001948;28.72;7
0.001948;28.79;7
0.001948;28.72;7
0.001948;28.73;7
0.001948;28.61;7
0.001948;28.78;7
0.001948;28.57;7
0.001948;28.66;7
0.001948;28.63;7
0.001947;28.72;7
0.001947;28.71;7
0.001947;28.72;7
0.001947;28.64;7
0.001947;28.77;7
0.001947;28.64;7
0.001947;28.61;7
0.001958;28.26;8
0.001958;28.63;8
0.001958;28.72;8
0.001958;28.71;8
0.001958;28.62;8
0.001958;28.51;8
0.001958;28.54;8
0.001958;28.60;8
0.001958;28.63;8
0.001958;29.02;8
0.001958;28.82;8
0.001958;28.74;8
0.001958;28.96;8
0.001958;28.79;8
0.001958;28.69;8
0.001959;28.75;8
0.001958;28.77;8
0.001958;28.74;8
0.001958;28.80;8
0.001958;28.68;8
0.001958;28.73;8
0.001958;28.67;8
0.001958;28.72;8
0.001958;28.69;8
0.001958;28.81;8
0.001958;28.74;8
0.001958;28.90;8
0.001958;28.81;8
0.001958;28.91;8
0.001958;28.87;8
0.001958;28.88;8
0.001958;28.85;8
0.001958;28.81;8
0.001958;29.02;8
0.001958;28.91;8
0.001958;28.90;8
0.001958;28.81;8
0.001958;28.93;8
0.001958;28.85;8
0.001958;28.81;8
0.001958;29.11;8
0.001958;28.86;8
0.001958;28.88;8
0.001958;29.04;8
0.001958;28.94;8
0.001958;28.86;8
0.001958;28.97;8
0.001958;29.24;8
0.001958;29.17;8
0.001958;29.01;8
0.001941;28.54;8
0.001941;28.85;8
0.001941;28.84;8
0.001941;28.62;8
0.001941;28.57;8
0.001941;28.60;8
0.001941;28.51;8
0.001941;28.56;8
0.001940;28.62;8
0.001940;28.65;8
0.001940;28.64;8
0.001940;28.94;8
0.001940;28.71;8
0.001940;28.63;8
0.001940;28.76;8
0.001940;28.69;8
0.001940;28.86;8
0.001940;29.16;8
0.001940;28.73;8
0.001940;29.19;8
0.001940;28.61;8
0.001940;29.34;8
0.001940;28.64;8
0.001940;29.11;8
0.001940;28.74;8
0.001940;29.25;8
0.001940;28.83;8
0.001941;28.74;8
0.001941;28.77;8
0.001940;28.82;8
0.001940;28.71;8
0.001940;28.84;8
0.001940;28.86;8
0.001940;28.71;8
0.001941;28.86;8
0.001941;28.86;8
0.001941;28.81;8
0.001941;28.84;8
0.001940;28.91;8
0.001941;28.95;8
0.001940;28.71;8
0.001940;28.87;8
0.001940;28.69;8
0.001940;28.85;8
0.001940;28.87;8
0.001940;28.91;8
0.001940;28.91;8
0.001940;28.94;8
0.001940;28.91;8
0.001940;28.99;8
0.001977;28.43;9
0.001977;28.75;9
0.001977;28.63;9
0.001977;28.59;9
0.001977;28.70;9
0.001977;28.72;9
0.001977;28.59;9
0.001977;28.68;9
0.001977;28.57;9
0.001977;28.66;9
0.001977;28.74;9
0.001977;28.87;9
0.001977;28.72;9
0.001977;28.75;9
0.001977;28.84;9
0.001977;28.97;9
0.001977;28.82;9
0.001977;28.80;9
0.001977;28.70;9
0.001977;28.75;9
0.001977;28.78;9
0.001977;28.85;9
0.001977;28.95;9
0.001977;28.67;9
0.001977;28.54;9
0.001977;28.61;9
0.001977;28.77;9
0.001977;28.78;9
0.001977;28.83;9
0.001977;28.77;9
0.001977;28.88;9
0.001977;28.87;9
0.001977;28.81;9
0.001977;28.86;9
0.001977;28.84;9
0.001977;28.97;9
0.001977;28.82;9
0.001977;28.81;9
0.001977;28.80;9
0.001977;28.74;9
0.001977;28.87;9
0.001977;28.91;9
0.001977;28.81;9
0.001977;28.66;9
0.001977;28.80;9
0.001977;28.77;9
0.001977;28.83;9
0.001977;28.80;9
0.001977;28.71;9
0.001977;28.82;9
0.001991;28.35;9
0.001991;28.64;9
0.001991;28.61;9
0.001991;28.77;9
0.001991;28.62;9
0.001991;28.70;9
0.001991;28.69;9
0.001991;28.68;9
0.001991;28.58;9
0.001991;28.74;9
0.001991;28.66;9
0.001991;28.77;9
0.001991;28.66;9
0.001991;28.78;9
0.001991;28.70;9
0.001991;28.80;9
0.001991;28.80;9
0.001991;28.76;9
0.001991;28.77;9
0.001991;28.73;9
0.001991;29.44;9
0.001991;28.78;9
0.001991;28.68;9
0.001991;28.74;9
0.001991;28.76;9
0.001991;28.86;9
0.001991;29.05;9
0.001991;28.99;9
0.001991;28.84;9
0.001991;28.65;9
0.001991;28.62;9
0.001991;28.80;9
0.001991;28.75;9
0.001991;28.68;9
0.001991;28.73;9
0.001991;28.67;9
0.001991;28.96;9
0.001991;28.65;9
0.001991;28.54;9
0.001991;28.70;9
0.001991;28.62;9
0.001991;28.98;9
0.001991;28.65;9
0.001991;28.90;9
0.001991;28.99;9
0.001991;28.81;9
0.001991;29.05;9
0.001991;28.76;9
0.001991;29.03;9
0.001991;28.62;9
0.001933;29.05;10
0.001933;28.71;10
0.001933;28.69;10
0.001933;28.78;10
0.001933;28.74;10
0.001933;28.85;10
0.001933;28.77;10
0.001933;28.85;10
0.001933;28.78;10
0.001933;28.93;10
0.001933;28.74;10
0.001933;28.70;10
0.001933;28.74;10
0.001933;28.72;10
0.001933;28.77;10
0.001933;28.74;10
0.001933;28.80;10
0.001933;28.71;10
0.001933;28.73;10
0.001933;28.58;10
0.001933;28.64;10
0.001933;28.57;10
0.001933;28.74;10
0.001933;28.83;10
0.001933;28.98;10
0.001933;28.93;10
0.001933;28.90;10
0.001933;28.97;10
0.001933;29.02;10
0.001933;28.89;10
0.001933;29.01;10
0.001933;29.02;10
0.001933;29.00;10
0.001933;29.25;10
0.001933;29.15;10
0.001933;28.91;10
0.001933;29.02;10
0.001933;28.79;10
0.001933;28.88;10
0.001933;28.83;10
0.001933;28.82;10
0.001933;28.78;10
0.001933;28.86;10
0.001933;29.00;10
0.001933;28.80;10
0.001933;28.72;10
0.001933;28.68;10
0.001933;28.72;10
0.001933;28.67;10
0.001933;28.73;10
0.001986;28.44;10
0.001986;28.71;10
0.001986;28.43;10
0.001986;28.57;10
0.001986;28.66;10
0.001986;28.56;10
0.001986;28.64;10
0.001986;28.73;10
0.001986;28.74;10
0.001986;28.70;10
0.001986;28.67;10
0.001986;28.70;10
0.001986;28.67;10
0.001986;28.66;10
0.001986;28.53;10
0.001986;28.56;10
0.001986;28.63;10
0.001986;28.67;10
0.001986;28.65;10
0.001986;28.57;10
0.001986;28.71;10
0.001986;28.56;10
0.001986;28.55;10
0.001986;28.74;10
0.001986;28.74;10
0.001986;28.81;10
0.001986;28.73;10
0.001986;28.72;10
0.001986;28.74;10
0.001986;28.78;10
0.001986;28.74;10
0.001986;28.83;10
0.001986;28.73;10
0.001986;28.78;10
0.001986;28.65;10
0.001986;28.70;10
0.001986;28.77;10
0.001986;28.71;10
0.001986;28.80;10
0.001986;28.77;10
0.001986;28.74;10
0.001986;28.77;10
0.001986;28.70;10
0.001986;28.97;10
0.001986;28.78;10
0.001986;28.92;10
0.001985;28.92;10
0.001985;28.80;10
0.001986;28.66;10
0.001985;28.72;10
0.001963;28.50;11
0.001963;28.66;11
0.001963;28.69;11
0.001963;28.70;11
0.001963;28.59;11
0.001963;28.62;11
0.001963;28.60;11
0.001963;28.60;11
0.001963;28.52;11
0.001963;28.61;11
0.001963;28.70;11
0.001963;28.69;11
0.001963;28.91;11
0.001963;28.64;11
0.001963;28.66;11
0.001963;28.61;11
0.001963;29.14;11
0.001963;28.65;11
0.001963;29.04;11
0.001963;28.71;11
0.001963;29.33;11
0.001963;30.15;11
0.001963;28.89;11
0.001963;28.84;11
0.001963;28.86;11
0.001963;29.23;11
0.001963;28.94;11
0.001963;28.81;11
0.001963;28.84;11
0.001963;28.63;11
0.001963;28.72;11
0.001963;28.79;11
0.001963;28.78;11
0.001963;28.72;11
0.001963;28.76;11
0.001963;28.94;11
0.001963;28.69;11
0.001963;28.85;11
0.001963;28.80;11
0.001963;28.79;11
0.001963;28.81;11
0.001963;28.65;11
0.001963;28.80;11
0.001963;28.82;11
0.001963;28.75;11
0.001963;28.78;11
0.001963;28.85;11
0.001963;28.88;11
0.001963;28.82;11
0.001963;28.70;11
0.001955;28.51;11
0.001955;28.64;11
0.001955;28.57;11
0.001955;28.62;11
0.001955;28.50;11
0.001955;28.55;11
0.001955;28.62;11
0.001955;28.66;11
0.001955;28.43;11
0.001955;28.49;11
0.001955;28.67;11
0.001955;28.60;11
0.001955;28.71;11
0.001955;28.58;11
0.001955;28.61;11
0.001955;28.54;11
0.001955;28.57;11
0.001955;28.73;11
0.001955;28.68;11
0.001955;28.60;11
0.001955;28.58;11
0.001955;28.71;11
0.001955;28.76;11
0.001955;28.70;11
0.001955;28.84;11
0.001955;28.80;11
0.001955;28.84;11
0.001955;28.81;11
0.001955;28.82;11
0.001955;28.90;11
0.001955;28.78;11
0.001955;28.80;11
0.001955;28.77;11
0.001955;28.80;11
0.001955;28.78;11
0.001955;28.83;11
0.001955;28.71;11
0.001955;28.82;11
0.001955;28.94;11
0.001955;28.86;11
0.001955;28.85;11
0.001955;28.80;11
0.001955;28.87;11
0.001955;28.99;11
0.001955;28.73;11
0.001955;28.79;11
0.001955;28.87;11
0.001955;28.87;11
0.001955;28.85;11
0.001955;28.81;11
0.001986;28.55;12
0.001986;28.73;12
0.001986;28.78;12
0.001986;28.71;12
0.001986;28.73;12
0.001986;28.77;12
0.001986;28.92;12
0.001986;28.63;12
0.001986;28.57;12
0.001986;28.58;12
0.001986;28.72;12
0.001986;28.69;12
0.001986;28.89;12
0.001986;28.72;12
0.001986;28.71;12
0.001986;28.73;12
0.001986;28.73;12
0.001986;28.54;12
0.001986;28.58;12
0.001986;28.61;12
0.001986;28.63;12
0.001986;28.50;12
0.001986;28.70;12
0.001986;28.53;12
0.001986;28.56;12
0.001986;28.64;12
0.001986;28.65;12
0.001986;28.82;12
0.001986;28.75;12
0.001986;28.80;12
0.001986;28.77;12
0.001986;28.90;12
0.001986;28.79;12
0.001986;28.78;12
0.001986;28.83;12
0.001986;29.00;12
0.001986;28.75;12
0.001986;29.15;12
0.001986;28.84;12
0.001986;28.66;12
0.001986;28.60;12
0.001986;29.16;12
0.001986;28.77;12
0.001986;29.23;12
0.001986;28.65;12
0.001986;29.27;12
0.001986;28.75;12
0.001986;29.12;12
0.001986;28.85;12
0.001986;29.01;12
0.001955;28.47;12
0.001955;28.48;12
0.001955;28.43;12
0.001955;28.51;12
0.001955;28.52;12
0.001955;28.46;12
0.001955;28.59;12
0.001955;28.56;12
0.001955;28.62;12
0.001955;28.51;12
0.001955;28.68;12
0.001955;28.58;12
0.001955;28.55;12
0.001955;28.57;12
0.001955;28.63;12
0.001955;28.87;12
0.001955;28.61;12
0.001955;28.81;12
0.001955;28.71;12
0.001955;28.58;12
0.001955;28.84;12
0.001955;28.83;12
0.001955;28.68;12
0.001955;28.67;12
0.001955;28.78;12
0.001955;28.73;12
0.001955;28.70;12
0.001955;28.73;12
0.001955;28.70;12
0.001955;28.64;12
0.001955;28.68;12
0.001955;28.81;12
0.001955;28.94;12
0.001955;29.02;12
0.001955;28.80;12
0.001955;28.89;12
0.001955;28.86;12
0.001955;28.95;12
0.001955;28.85;12
0.001955;28.71;12
0.001955;28.82;12
0.001955;28.80;12
0.001955;28.84;12
0.001955;28.75;12
0.001955;28.72;12
0.001955;28.79;12
0.001955;28.73;12
0.001955;28.78;12
0.001955;28.70;12
0.001955;28.78;12
0.001957;28.31;13
0.001957;28.58;13
0.001957;28.62;13
0.001957;28.67;13
0.001957;28.58;13
0.001957;28.55;13
0.001957;28.43;13
0.001957;28.59;13
0.001957;28.63;13
0.001957;28.59;13
0.001957;28.55;13
0.001957;28.59;13
0.001957;28.63;13
0.001957;28.72;13
0.001957;28.60;13
0.001957;28.85;13
0.001957;28.70;13
0.001957;28.79;13
0.001957;28.80;13
0.001957;28.65;13
0.001957;28.64;13
0.001957;28.74;13
0.001957;28.59;13
0.001957;28.64;13
0.001957;28.81;13
0.001957;28.93;13
0.001957;28.91;13
0.001957;28.84;13
0.001957;28.93;13
0.001957;28.76;13
0.001957;28.79;13
0.001957;28.92;13
0.001957;29.23;13
0.001957;28.91;13
0.001957;29.03;13
0.001957;28.95;13
0.001957;28.92;13
0.001957;28.79;13
0.001957;28.62;13
0.001957;28.60;13
0.001957;28.67;13
0.001957;28.65;13
0.001957;28.68;13
0.001957;28.80;13
0.001957;28.89;13
0.001957;28.72;13
0.001957;29.00;13
0.001957;28.93;13
0.001957;28.93;13
0.001957;28.78;13
0.001983;28.48;13
0.001983;28.82;13
0.001983;28.78;13
0.001983;28.78;13
0.001983;28.67;13
0.001983;28.52;13
0.001983;28.47;13
0.001983;28.61;13
0.001983;28.60;13
0.001983;28.66;13
0.001983;28.78;13
0.001983;28.89;13
0.001983;29.24;13
0.001983;28.78;13
0.001983;28.87;13
0.001983;28.69;13
0.001983;29.43;13
0.001983;29.00;13
0.001983;29.42;13
0.001983;29.06;13
0.001983;29.28;13
0.001983;29.03;13
0.001983;29.46;13
0.001983;28.92;13
0.001983;29.41;13
0.001983;29.00;13
0.001983;28.97;13
0.001983;28.90;13
0.001983;29.00;13
0.001983;28.92;13
0.001983;29.04;13
0.001983;28.99;13
0.001983;28.99;13
0.001983;29.04;13
0.001983;28.98;13
0.001983;29.12;13
0.001983;28.89;13
0.001983;28.97;13
0.001983;29.06;13
0.001983;29.16;13
0.001983;29.14;13
0.001983;29.11;13
0.001983;28.86;13
0.001983;28.80;13
0.001983;28.88;13
0.001983;29.46;13
0.001983;28.87;13
0.001983;29.27;13
0.001983;28.92;13
0.001983;29.29;13
0.001969;28.76;14
0.001969;29.36;14
0.001969;28.77;14
0.001969;29.19;14
0.001969;28.72;14
0.001969;28.71;14
0.001969;28.75;14
0.001969;28.69;14
0.001969;28.84;14
0.001969;28.75;14
0.001969;28.71;14
0.001969;28.73;14
0.001969;28.73;14
0.001969;28.84;14
0.001969;28.68;14
0.001969;28.83;14
0.001969;29.07;14
0.001969;28.87;14
0.001969;28.72;14
0.001969;29.03;14
0.001969;28.98;14
0.001969;28.85;14
0.001969;28.76;14
0.001969;28.74;14
0.001969;28.81;14
0.001969;28.78;14
0.001969;28.75;14
0.001969;28.77;14
0.001969;28.89;14
0.001969;28.76;14
0.001969;28.76;14
0.001969;28.69;14
0.001969;28.85;14
0.001969;28.79;14
0.001969;28.76;14
0.001969;28.79;14
0.001969;29.06;14
0.001969;29.04;14
0.001969;29.03;14
0.001969;29.00;14
0.001969;29.09;14
0.001969;29.19;14
0.001969;28.95;14
0.001969;28.89;14
0.001969;28.99;14
0.001969;29.03;14
0.001969;28.89;14
0.001969;29.03;14
0.001969;29.09;14
0.001969;29.10;14
0.001984;28.39;14
0.001984;28.63;14
0.001984;28.83;14
0.001984;28.69;14
0.001984;28.75;14
0.001984;28.76;14
0.001984;28.87;14
0.001984;29.00;14
0.001984;30.07;14
0.001984;28.64;14
0.001984;28.96;14
0.001984;28.71;14
0.001984;28.77;14
0.001984;28.77;14
0.001984;28.86;14
0.001984;28.79;14
0.001983;28.94;14
0.001984;28.66;14
0.001984;28.74;14
0.001984;30.61;14
0.001983;30.06;14
0.001984;28.62;14
0.001984;28.50;14
0.001984;28.62;14
0.001983;28.81;14
0.001984;28.71;14
0.001984;28.84;14
0.001984;28.82;14
0.001984;28.84;14
0.001984;28.70;14
0.001984;28.87;14
0.001983;28.86;14
0.001984;28.80;14
0.001984;28.82;14
0.001983;28.71;14
0.001984;28.77;14
0.001984;28.89;14
0.001984;28.71;14
0.001983;28.63;14
0.001983;28.67;14
0.001984;29.23;14
0.001984;28.72;14
0.001984;29.18;14
0.001984;28.78;14
0.001983;29.02;14
0.001983;28.82;14
0.001983;28.80;14
0.001983;29.07;14
0.001983;28.89;14
0.001983;29.21;14
0.001989;28.41;15
0.001989;28.31;15
0.001989;28.46;15
0.001989;28.46;15
0.001989;28.62;15
0.001989;28.62;15
0.001989;28.66;15
0.001989;28.76;15
0.001989;28.62;15
0.001989;28.71;15
0.001989;28.60;15
0.001989;28.59;15
0.001989;28.70;15
0.001989;28.75;15
0.001989;28.95;15
0.001989;28.61;15
0.001989;28.76;15
0.001989;28.77;15
0.001989;28.67;15
0.001989;28.81;15
0.001989;28.75;15
0.001989;28.76;15
0.001989;28.59;15
0.001989;28.76;15
0.001989;28.77;15
0.001989;28.61;15
0.001989;28.66;15
0.001989;28.81;15
0.001989;28.72;15
0.001989;28.86;15
0.001989;28.89;15
0.001989;28.74;15
0.001989;28.75;15
0.001989;28.76;15
0.001989;28.76;15
0.001989;28.82;15
0.001989;28.66;15
0.001989;28.86;15
0.001989;28.84;15
0.001989;28.89;15
0.001989;28.80;15
0.001989;28.76;15
0.001989;28.77;15
0.001989;28.72;15
0.001989;28.62;15
0.001989;28.73;15
0.001989;28.69;15
0.001989;28.75;15
0.001989;28.93;15
0.001989;28.89;15
0.001979;28.42;15
0.001979;28.71;15
0.001978;28.76;15
0.001978;28.64;15
0.001978;28.62;15
0.001978;28.48;15
0.001978;28.71;15
0.001978;28.73;15
0.001978;28.61;15
0.001978;28.79;15
0.001978;28.85;15
0.001978;28.67;15
0.001978;28.65;15
0.001978;28.63;15
0.001978;28.72;15
0.001978;28.66;15
0.001978;28.63;15
0.001978;28.54;15
0.001978;28.72;15
0.001978;28.94;15
0.001978;28.86;15
0.001978;28.76;15
0.001978;28.86;15
0.001978;28.88;15
0.001978;28.62;15
0.001978;28.82;15
0.001978;28.83;15
0.001978;28.92;15
0.001978;28.86;15
0.001978;28.95;15
0.001978;28.89;15
0.001978;28.88;15
0.001978;28.80;15
0.001978;28.73;15
0.001978;28.71;15
0.001978;28.86;15
0.001978;28.65;15
0.001978;28.72;15
0.001978;28.71;15
0.001978;28.88;15
0.001978;29.85;15
0.001978;29.60;15
0.001978;28.67;15
0.001978;28.87;15
0.001978;28.88;15
0.001978;28.90;15
0.001978;28.96;15
0.001978;28.87;15
0.001978;28.82;15
0.001978;28.80;15
0.001976;28.35;16
0.001976;28.56;16
0.001976;28.76;16
0.001976;28.70;16
0.001976;28.64;16
0.001976;28.69;16
0.001976;28.78;16
0.001976;29.03;16
0.001976;28.96;16
0.001976;28.96;16
0.001976;29.01;16
0.001976;28.86;16
0.001976;28.79;16
0.001976;28.78;16
0.001976;28.81;16
0.001976;29.20;16
0.001976;28.63;16
0.001976;29.21;16
0.001976;28.72;16
0.001976;29.37;16
0.001976;28.85;16
0.001976;29.22;16
0.001976;28.68;16
0.001976;28.98;16
0.001976;28.86;16
0.001976;28.85;16
0.001976;28.80;16
0.001976;28.78;16
0.001976;28.73;16
0.001976;28.88;16
0.001976;28.82;16
0.001976;28.69;16
0.001976;28.80;16
0.001976;28.78;16
0.001976;28.87;16
0.001976;28.86;16
0.001976;28.75;16
0.001976;28.90;16
0.001976;28.67;16
0.001976;28.80;16
0.001976;28.88;16
0.001976;28.68;16
0.001976;28.79;16
0.001976;28.79;16
0.001976;28.70;16
0.001976;28.97;16
0.001976;28.73;16
0.001976;28.88;16
0.001976;28.76;16
0.001976;28.70;16
0.001952;28.32;16
0.001952;28.44;16
0.001952;28.41;16
0.001951;28.41;16
0.001951;28.42;16
0.001951;28.61;16
0.001952;28.60;16
0.001952;28.58;16
0.001951;28.57;16
0.001951;28.58;16
0.001951;28.57;16
0.001951;28.56;16
0.001951;28.71;16
0.001951;28.64;16
0.001951;28.61;16
0.001951;28.60;16
0.001951;28.62;16
0.001951;28.53;16
0.001951;28.65;16
0.001951;28.62;16
0.001951;28.75;16
0.001951;28.80;16
0.001951;28.80;16
0.001951;28.67;16
0.001951;28.74;16
0.001951;28.78;16
0.001951;28.72;16
0.001951;28.71;16
0.001951;28.60;16
0.001951;28.69;16
0.001951;28.65;16
0.001951;28.72;16
0.001951;28.70;16
0.001951;28.66;16
0.001951;28.67;16
0.001951;28.67;16
0.001951;28.71;16
0.001951;28.71;16
0.001951;28.64;16
0.001951;28.77;16
0.001951;28.66;16
0.001951;28.66;16
0.001951;28.60;16
0.001951;28.65;16
0.001951;28.65;16
0.001951;28.68;16
0.001951;28.56;16
0.001951;28.75;16
0.001951;28.65;16
0.001951;28.78;16
0.001961;28.22;17
0.001961;28.50;17
0.001961;28.52;17
0.001961;28.49;17
0.001961;28.46;17
0.001961;28.72;17
0.001961;28.68;17
0.001961;28.71;17
0.001961;28.62;17
0.001961;28.55;17
0.001961;28.60;17
0.001961;28.56;17
0.001961;28.60;17
0.001961;28.50;17
0.001961;28.70;17
0.001961;28.61;17
0.001961;28.83;17
0.001961;28.77;17
0.001961;28.71;17
0.001961;28.74;17
0.001961;28.81;17
0.001961;28.66;17
0.001961;28.75;17
0.001961;28.66;17
0.001961;28.79;17
0.001961;28.65;17
0.001961;28.75;17
0.001961;28.87;17
0.001961;28.69;17
0.001961;28.75;17
0.001961;28.87;17
0.001961;28.77;17
0.001961;28.74;17
0.001961;28.73;17
0.001961;28.75;17
0.001961;28.72;17
0.001961;28.82;17
0.001961;28.66;17
0.001961;28.65;17
0.001961;28.83;17
0.001961;29.22;17
0.001961;28.63;17
0.001961;29.23;17
0.001961;28.67;17
0.001961;29.20;17
0.001961;28.92;17
0.001961;28.96;17
0.001961;28.99;17
0.001961;28.86;17
0.001961;29.07;17
0.002024;28.39;17
0.002023;28.54;17
0.002023;28.67;17
0.002023;28.51;17
0.002023;28.61;17
0.002023;28.61;17
0.002023;28.56;17
0.002023;28.57;17
0.002023;28.57;17
0.002023;28.64;17
0.002023;28.57;17
0.002023;28.75;17
0.002023;28.59;17
0.002023;28.58;17
0.002023;28.77;17
0.002023;28.75;17
0.002023;28.77;17
0.002023;28.93;17
0.002023;28.74;17
0.002023;28.63;17
0.002023;28.61;17
0.002023;28.58;17
0.002023;28.72;17
0.002023;28.65;17
0.002023;28.67;17
0.002023;28.65;17
0.002023;28.76;17
0.002023;28.95;17
0.002023;28.95;17
0.002023;28.95;17
0.002023;29.09;17
0.002023;28.89;17
0.002023;28.94;17
0.002023;28.95;17
0.002023;28.89;17
0.002023;28.99;17
0.002023;28.96;17
0.002023;29.08;17
0.002023;29.02;17
0.002023;28.79;17
0.002023;28.93;17
0.002023;28.82;17
0.002023;28.84;17
0.002023;28.77;17
0.002023;28.78;17
0.002023;28.80;17
0.002023;28.71;17
0.002023;28.84;17
0.002023;28.85;17
0.002023;28.82;17
0.001965;28.35;18
0.001965;28.68;18
0.001965;28.69;18
0.001965;28.62;18
0.001965;28.60;18
0.001965;28.66;18
0.001965;28.64;18
0.001965;28.54;18
0.001965;28.49;18
0.001965;28.52;18
0.001965;28.58;18
0.001965;28.69;18
0.001965;28.56;18
0.001965;28.54;18
0.001965;28.59;18
0.001965;28.50;18
0.001965;28.55;18
0.001965;28.81;18
0.001965;28.70;18
0.001965;28.64;18
0.001965;28.66;18
0.001965;28.67;18
0.001965;28.70;18
0.001965;28.78;18
0.001965;28.62;18
0.001965;28.74;18
0.001964;28.73;18
0.001965;28.71;18
0.001964;28.70;18
0.001964;28.76;18
0.001964;28.80;18
0.001964;28.64;18
0.001964;28.76;18
0.001964;28.80;18
0.001964;28.79;18
0.001964;28.86;18
0.001964;28.85;18
0.001964;28.82;18
0.001964;28.95;18
0.001964;28.91;18
0.001964;28.93;18
0.001964;29.23;18
0.001964;28.90;18
0.001964;29.04;18
0.001964;28.94;18
0.001964;28.79;18
0.001964;28.89;18
0.001964;28.82;18
0.001964;28.87;18
0.001964;28.94;18
0.001974;28.36;18
0.001974;28.59;18
0.001974;28.61;18
0.001974;28.50;18
0.001974;28.55;18
0.001974;28.42;18
0.001974;28.48;18
0.001974;28.46;18
0.001974;28.64;18
0.001974;28.65;18
0.001974;28.65;18
0.001974;28.65;18
0.001974;28.77;18
0.001974;28.70;18
0.001974;28.71;18
0.001974;29.36;18
0.001974;28.68;18
0.001974;29.24;18
0.001974;28.80;18
0.001974;29.39;18
0.001974;29.02;18
0.001974;29.17;18
0.001974;28.93;18
0.001974;29.30;18
0.001974;29.05;18
0.001974;28.79;18
0.001974;28.81;18
0.001974;28.83;18
0.001974;28.90;18
0.001974;28.92;18
0.001974;28.95;18
0.001974;28.93;18
0.001974;29.04;18
0.001974;28.94;18
0.001974;28.83;18
0.001974;28.83;18
0.001974;28.82;18
0.001974;28.82;18
0.001974;28.85;18
0.001974;28.67;18
0.001974;28.78;18
0.001974;28.86;18
0.001974;29.08;18
0.001974;28.76;18
0.001974;29.10;18
0.001974;28.87;18
0.001974;28.85;18
0.001974;28.88;18
0.001974;28.83;18
0.001974;28.83;18
0.001973;28.32;19
0.001973;28.57;19
0.001973;28.52;19
0.001973;28.66;19
0.001973;28.62;19
0.001973;28.82;19
0.001973;28.54;19
0.001973;28.63;19
0.001973;28.68;19
0.001973;28.68;19
0.001973;28.59;19
0.001973;28.74;19
0.001973;28.66;19
0.001973;28.68;19
0.001973;28.53;19
0.001973;28.61;19
0.001973;28.63;19
0.001973;28.63;19
0.001973;28.52;19
0.001973;28.62;19
0.001973;28.65;19
0.001973;28.64;19
0.001973;28.53;19
0.001973;28.55;19
0.001973;28.61;19
0.001973;28.68;19
0.001973;28.75;19
0.001973;28.86;19
0.001973;28.78;19
0.001973;28.84;19
0.001973;28.82;19
0.001973;28.67;19
0.001973;28.63;19
0.001973;28.54;19
0.001973;28.56;19
0.001973;28.66;19
0.001973;28.69;19
0.001973;28.83;19
0.001973;28.60;19
0.001973;28.68;19
0.001973;28.70;19
0.001973;28.64;19
0.001973;28.63;19
0.001973;28.61;19
0.001973;28.62;19
0.001973;28.57;19
0.001973;28.58;19
0.001973;28.55;19
0.001973;28.71;19
0.001973;28.73;19
0.002004;28.34;19
0.002004;28.49;19
0.002004;28.59;19
0.002004;28.62;19
0.002004;28.55;19
0.002004;28.65;19
0.002004;28.63;19
0.002004;28.63;19
0.002004;28.70;19
0.002004;28.71;19
0.002004;28.70;19
0.002004;28.50;19
0.002004;28.61;19
0.002004;28.57;19
0.002004;28.76;19
0.002004;28.61;19
0.002004;28.95;19
0.002004;28.50;19
0.002004;29.01;19
0.002004;29.05;19
0.002004;28.62;19
0.002004;28.55;19
0.002004;28.62;19
0.002004;28.56;19
0.002004;28.71;19
0.002004;28.64;19
0.002004;28.76;19
0.002004;28.72;19
0.002004;28.75;19
0.002004;28.59;19
0.002004;28.66;19
0.002004;28.71;19
0.002004;28.61;19
0.002004;28.71;19
0.002004;28.59;19
0.002004;28.71;19
0.002004;28.64;19
0.002004;28.66;19
0.002004;28.55;19
0.002004;28.62;19
0.002004;29.19;19
0.002004;28.66;19
0.002004;29.26;19
0.002004;28.73;19
0.002004;29.14;19
0.002004;28.73;19
0.002004;28.99;19
0.002004;28.79;19
0.002004;28.99;19
0.002004;29.00;19
