loss;elapsed_time;iteration
0.997828;34.81;0
0.994541;34.56;0
0.991368;32.74;0
0.988234;32.94;0
0.985192;34.30;0
0.982233;34.41;0
0.979341;34.26;0
0.976499;32.60;0
0.973709;32.60;0
0.970981;32.39;0
0.968310;32.68;0
0.965687;32.40;0
0.963104;32.31;0
0.960553;31.96;0
0.958034;31.44;0
0.955539;31.39;0
0.953078;31.68;0
0.950643;31.63;0
0.948227;30.84;0
0.945828;30.19;0
0.943444;30.66;0
0.941073;30.43;0
0.938715;30.04;0
0.936367;31.10;0
0.934029;31.31;0
0.931699;31.33;0
0.929378;31.22;0
0.927065;30.65;0
0.924759;30.31;0
0.922458;30.40;0
0.920163;30.37;0
0.917873;30.50;0
0.915589;30.38;0
0.913308;30.33;0
0.911033;30.36;0
0.908761;30.26;0
0.906493;30.32;0
0.904229;30.37;0
0.901968;30.30;0
0.899711;30.27;0
0.897458;30.11;0
0.895207;30.24;0
0.892960;30.39;0
0.890718;30.22;0
0.888477;30.29;0
0.886240;30.49;0
0.884006;30.21;0
0.881775;30.29;0
0.879547;30.18;0
0.877322;30.08;0
0.875101;30.11;0
0.872882;29.96;0
0.870666;30.08;0
0.868452;30.02;0
0.866243;30.02;0
0.864036;30.15;0
0.861831;30.03;0
0.859629;30.26;0
0.857430;30.32;0
0.855235;30.26;0
0.853041;30.30;0
0.850851;30.42;0
0.848663;30.36;0
0.846479;30.42;0
0.844297;30.13;0
0.842117;30.03;0
0.839941;30.05;0
0.837767;30.08;0
0.835596;29.82;0
0.833428;30.00;0
0.831262;29.96;0
0.829100;29.90;0
0.826940;29.74;0
0.824783;29.85;0
0.822629;29.83;0
0.820477;29.87;0
0.818329;29.78;0
0.816183;29.76;0
0.814040;29.83;0
0.811899;29.78;0
0.809762;29.86;0
0.807627;30.11;0
0.805495;30.11;0
0.803366;30.20;0
0.801240;30.05;0
0.799116;30.10;0
0.796996;30.19;0
0.794878;30.05;0
0.792763;30.16;0
0.790651;30.16;0
0.788542;30.21;0
0.786435;30.18;0
0.784332;30.23;0
0.782231;30.16;0
0.780133;30.21;0
0.778038;30.21;0
0.775946;30.19;0
0.773856;30.22;0
0.771770;30.16;0
0.769686;30.17;0
1.343971;30.23;1
1.122655;30.38;1
0.970567;30.53;1
0.854777;30.52;1
0.760640;30.53;1
0.683570;30.61;1
0.622924;30.30;1
0.574690;30.22;1
0.535648;30.11;1
0.504284;30.06;1
0.478827;30.11;1
0.457363;30.03;1
0.438683;30.08;1
0.422053;30.00;1
0.406949;30.19;1
0.393072;30.13;1
0.380290;30.25;1
0.368453;30.09;1
0.357430;30.45;1
0.347101;30.13;1
0.337446;30.57;1
0.328410;30.45;1
0.319942;31.13;1
0.312080;30.74;1
0.304618;31.16;1
0.297677;30.71;1
0.291168;30.94;1
0.285088;30.59;1
0.279342;30.64;1
0.273977;30.61;1
0.268934;30.67;1
0.264157;30.21;1
0.259692;30.14;1
0.255427;30.27;1
0.251403;30.53;1
0.247610;30.26;1
0.244006;30.12;1
0.240554;30.18;1
0.237255;30.10;1
0.234143;30.22;1
0.231109;30.17;1
0.228238;30.26;1
0.225412;30.14;1
0.222767;30.14;1
0.220159;30.14;1
0.217649;30.18;1
0.215213;30.13;1
0.212888;30.11;1
0.210645;30.45;1
0.208419;30.12;1
0.888366;30.30;1
0.722415;30.39;1
0.609040;30.31;1
0.536858;30.38;1
0.491936;30.34;1
0.461341;30.46;1
0.438479;30.36;1
0.420280;30.55;1
0.405095;30.83;1
0.391997;31.01;1
0.380468;30.85;1
0.370229;30.78;1
0.360989;30.08;1
0.352629;30.09;1
0.345015;30.07;1
0.338066;30.06;1
0.331697;29.93;1
0.325817;30.05;1
0.320444;30.11;1
0.315459;30.14;1
0.310901;30.02;1
0.306704;30.09;1
0.302841;30.01;1
0.299292;30.04;1
0.296021;30.06;1
0.292954;30.07;1
0.290131;30.03;1
0.287497;30.14;1
0.285007;30.04;1
0.282693;29.78;1
0.280501;29.91;1
0.278444;30.03;1
0.276487;30.29;1
0.274620;31.78;1
0.272828;31.56;1
0.271136;31.55;1
0.269488;30.80;1
0.267917;31.48;1
0.266411;30.27;1
0.264983;30.03;1
0.263555;30.03;1
0.262198;29.87;1
0.260886;29.90;1
0.259616;30.07;1
0.258388;30.02;1
0.257190;30.10;1
0.256041;30.10;1
0.254911;30.04;1
0.253801;30.07;1
0.252748;29.90;1
0.393466;31.30;2
0.345071;31.48;2
0.317161;31.16;2
0.298220;31.44;2
0.284147;31.09;2
0.273010;31.05;2
0.263806;31.06;2
0.256054;31.30;2
0.249284;31.45;2
0.243373;33.78;2
0.238092;31.93;2
0.233334;31.51;2
0.228992;31.61;2
0.225039;31.55;2
0.221374;31.56;2
0.217964;31.40;2
0.214811;30.68;2
0.211831;31.61;2
0.209045;31.23;2
0.206392;30.98;2
0.203886;30.94;2
0.201544;31.27;2
0.199290;30.96;2
0.197179;30.81;2
0.195139;30.78;2
0.193219;30.83;2
0.191391;30.88;2
0.189592;30.50;2
0.187905;30.42;2
0.186280;30.42;2
0.184726;30.37;2
0.183196;30.50;2
0.181757;30.59;2
0.180355;30.53;2
0.178987;30.36;2
0.177685;31.06;2
0.176404;30.87;2
0.175176;30.98;2
0.173980;30.57;2
0.172825;31.05;2
0.171716;30.44;2
0.170606;31.11;2
0.169543;30.42;2
0.168529;30.95;2
0.167537;30.39;2
0.166556;30.45;2
0.165589;30.53;2
0.164661;32.16;2
0.163749;30.68;2
0.162867;31.84;2
0.381543;31.90;2
0.353862;32.15;2
0.338902;32.58;2
0.328402;32.39;2
0.320266;32.25;2
0.313534;31.39;2
0.307831;30.86;2
0.302811;30.76;2
0.298335;31.41;2
0.294262;30.71;2
0.290551;30.71;2
0.287112;30.62;2
0.283907;30.62;2
0.280926;30.91;2
0.278156;30.49;2
0.275563;30.65;2
0.273108;30.60;2
0.270805;30.58;2
0.268639;30.41;2
0.266569;30.49;2
0.264642;30.59;2
0.262800;30.55;2
0.261022;30.75;2
0.259350;30.72;2
0.257770;30.75;2
0.256230;30.63;2
0.254806;30.67;2
0.253405;30.62;2
0.252052;30.61;2
0.250769;30.49;2
0.249548;30.88;2
0.248354;30.67;2
0.247212;30.51;2
0.246107;30.70;2
0.245056;30.61;2
0.244012;30.59;2
0.243015;30.59;2
0.242047;30.56;2
0.241117;30.52;2
0.240215;30.72;2
0.239335;30.64;2
0.238489;30.56;2
0.237661;30.50;2
0.236865;30.47;2
0.236077;30.54;2
0.235333;30.39;2
0.234585;30.42;2
0.233884;30.55;2
0.233181;30.42;2
0.232492;29.88;2
0.297591;30.62;3
0.228911;30.63;3
0.200057;30.78;3
0.182480;30.74;3
0.169520;30.64;3
0.159206;30.59;3
0.150709;30.59;3
0.143489;30.64;3
0.137259;30.50;3
0.131811;30.40;3
0.126993;30.50;3
0.122731;30.68;3
0.118914;30.34;3
0.115479;30.54;3
0.112385;30.44;3
0.109566;30.62;3
0.107010;30.87;3
0.104698;30.44;3
0.102587;30.46;3
0.100631;30.52;3
0.098841;30.53;3
0.097173;30.53;3
0.095615;30.50;3
0.094161;30.38;3
0.092768;30.44;3
0.091456;30.41;3
0.090212;30.53;3
0.089036;30.84;3
0.087903;30.63;3
0.086813;30.54;3
0.085766;30.75;3
0.084768;30.97;3
0.083800;30.96;3
0.082858;30.83;3
0.081964;30.86;3
0.081084;31.02;3
0.080229;31.01;3
0.079396;30.91;3
0.078598;30.74;3
0.077819;30.57;3
0.077052;30.58;3
0.076305;30.84;3
0.075583;30.85;3
0.074877;30.46;3
0.074190;30.32;3
0.073519;30.21;3
0.072872;30.38;3
0.072227;30.26;3
0.071614;30.19;3
0.071006;30.32;3
0.302958;30.64;3
0.248530;30.57;3
0.219912;31.52;3
0.202938;30.66;3
0.191716;31.20;3
0.183387;30.67;3
0.176657;31.16;3
0.170928;30.53;3
0.165909;31.06;3
0.161413;30.63;3
0.157327;31.07;3
0.153555;30.57;3
0.150081;30.49;3
0.146792;30.53;3
0.143728;30.63;3
0.140831;30.37;3
0.138108;30.53;3
0.135564;30.39;3
0.133142;30.48;3
0.130888;30.32;3
0.128773;30.46;3
0.126807;30.46;3
0.124965;30.75;3
0.123241;31.18;3
0.121648;30.37;3
0.120161;30.48;3
0.118747;30.38;3
0.117451;30.37;3
0.116244;30.31;3
0.115111;30.25;3
0.114048;30.42;3
0.113055;30.34;3
0.112116;30.38;3
0.111247;30.37;3
0.110398;30.32;3
0.109636;30.34;3
0.108902;30.35;3
0.108189;30.33;3
0.107509;30.38;3
0.106873;30.39;3
0.106278;30.24;3
0.105693;30.33;3
0.105147;30.33;3
0.104598;30.38;3
0.104092;30.60;3
0.103603;30.60;3
0.103121;30.99;3
0.102651;30.95;3
0.102213;30.87;3
0.101776;30.80;3
0.183668;31.31;4
0.157440;31.25;4
0.143987;31.36;4
0.134960;31.25;4
0.128214;31.22;4
0.122908;31.05;4
0.118553;30.90;4
0.114865;30.62;4
0.111633;30.57;4
0.108765;30.54;4
0.106169;30.64;4
0.103807;30.59;4
0.101655;30.52;4
0.099678;30.96;4
0.097874;31.08;4
0.096206;31.10;4
0.094668;31.07;4
0.093228;30.98;4
0.091898;31.06;4
0.090653;30.97;4
0.089491;31.03;4
0.088393;31.02;4
0.087359;30.98;4
0.086391;30.84;4
0.085464;30.51;4
0.084589;30.42;4
0.083750;30.47;4
0.082955;30.61;4
0.082192;30.48;4
0.081471;30.51;4
0.080768;30.42;4
0.080105;30.62;4
0.079448;30.46;4
0.078827;30.51;4
0.078216;30.37;4
0.077637;30.46;4
0.077067;30.52;4
0.076504;30.37;4
0.075963;30.44;4
0.075431;30.57;4
0.074912;30.58;4
0.074406;30.52;4
0.073915;30.75;4
0.073439;30.79;4
0.072956;30.82;4
0.072486;30.69;4
0.072034;30.81;4
0.071582;30.79;4
0.071136;30.65;4
0.070711;30.71;4
0.213753;31.06;4
0.197189;31.09;4
0.188027;31.23;4
0.181472;31.07;4
0.176282;31.57;4
0.171937;31.35;4
0.168198;30.50;4
0.164938;30.61;4
0.162056;31.72;4
0.159483;31.58;4
0.157197;31.55;4
0.155129;31.27;4
0.153274;30.47;4
0.151590;30.47;4
0.150061;30.41;4
0.148665;31.02;4
0.147382;31.61;4
0.146196;31.55;4
0.145085;31.71;4
0.144047;32.16;4
0.143074;30.66;4
0.142157;30.53;4
0.141280;29.88;4
0.140440;31.09;4
0.139637;30.54;4
0.138867;30.56;4
0.138128;29.96;4
0.137414;30.42;4
0.136716;30.89;4
0.136050;31.01;4
0.135401;31.00;4
0.134770;30.83;4
0.134164;30.83;4
0.133567;31.01;4
0.133000;30.87;4
0.132437;31.90;4
0.131899;30.42;4
0.131378;30.35;4
0.130863;30.64;4
0.130372;30.44;4
0.129896;29.94;4
0.129430;29.71;4
0.128969;29.75;4
0.128532;29.71;4
0.128104;30.41;4
0.127684;30.83;4
0.127276;30.70;4
0.126895;30.80;4
0.126503;29.95;4
0.126128;29.78;4
0.133215;30.56;5
0.119661;31.02;5
0.112279;31.68;5
0.107063;31.72;5
0.103008;31.28;5
0.099669;31.01;5
0.096828;30.89;5
0.094353;30.91;5
0.092165;30.97;5
0.090208;30.79;5
0.088453;30.56;5
0.086857;30.35;5
0.085400;30.93;5
0.084076;30.92;5
0.082857;30.94;5
0.081731;30.86;5
0.080695;30.85;5
0.079715;30.93;5
0.078815;31.54;5
0.077960;30.75;5
0.077157;30.79;5
0.076400;30.63;5
0.075677;30.70;5
0.074986;32.01;5
0.074328;30.81;5
0.073710;30.51;5
0.073100;30.53;5
0.072516;30.57;5
0.071952;30.46;5
0.071411;30.60;5
0.070887;30.85;5
0.070387;30.71;5
0.069897;30.85;5
0.069415;30.65;5
0.068964;30.77;5
0.068520;30.61;5
0.068086;30.48;5
0.067664;30.48;5
0.067259;30.46;5
0.066855;30.35;5
0.066471;30.66;5
0.066095;30.48;5
0.065731;30.52;5
0.065364;30.43;5
0.065020;30.39;5
0.064685;30.38;5
0.064350;30.38;5
0.064030;30.41;5
0.063719;30.35;5
0.063416;30.34;5
0.249894;31.15;5
0.217395;31.25;5
0.200715;31.28;5
0.189852;31.32;5
0.181961;31.21;5
0.175776;31.21;5
0.170674;31.17;5
0.166320;31.13;5
0.162517;31.19;5
0.159137;31.16;5
0.156109;31.25;5
0.153335;31.07;5
0.150771;31.01;5
0.148381;30.95;5
0.146131;30.95;5
0.144002;31.02;5
0.141982;30.90;5
0.140058;30.94;5
0.138239;30.98;5
0.136510;31.03;5
0.134875;30.96;5
0.133335;31.03;5
0.131877;30.95;5
0.130503;30.89;5
0.129199;30.90;5
0.127974;30.88;5
0.126809;30.84;5
0.125712;30.79;5
0.124664;30.89;5
0.123671;30.79;5
0.122717;30.82;5
0.121816;30.80;5
0.120939;30.93;5
0.120110;30.84;5
0.119320;30.81;5
0.118552;31.20;5
0.117822;31.11;5
0.117116;31.32;5
0.116441;30.83;5
0.115785;31.37;5
0.115157;30.70;5
0.114555;31.24;5
0.113967;30.66;5
0.113407;31.36;5
0.112863;30.62;5
0.112347;30.73;5
0.111838;30.68;5
0.111353;30.78;5
0.110881;30.58;5
0.110424;30.58;5
0.309332;31.04;6
0.265072;31.00;6
0.244268;31.17;6
0.230041;31.18;6
0.219276;31.06;6
0.210685;31.07;6
0.203591;31.03;6
0.197561;31.16;6
0.192277;30.91;6
0.187519;30.97;6
0.183175;31.00;6
0.179194;31.03;6
0.175452;30.87;6
0.171975;30.94;6
0.168686;30.86;6
0.165570;30.80;6
0.162701;30.93;6
0.159942;31.02;6
0.157385;30.82;6
0.155004;30.92;6
0.152754;30.89;6
0.150650;30.82;6
0.148674;30.93;6
0.146803;30.95;6
0.145004;30.76;6
0.143337;30.92;6
0.141741;30.85;6
0.140220;30.84;6
0.138765;30.91;6
0.137375;30.78;6
0.136036;30.80;6
0.134747;30.95;6
0.133551;30.86;6
0.132344;30.92;6
0.131227;30.91;6
0.130132;30.95;6
0.129086;30.75;6
0.128069;30.96;6
0.127086;30.82;6
0.126159;30.82;6
0.125232;30.90;6
0.124321;30.73;6
0.123451;30.80;6
0.122583;30.75;6
0.121782;30.78;6
0.120971;30.90;6
0.120214;30.63;6
0.119457;30.68;6
0.118702;30.72;6
0.117981;30.93;6
0.160616;31.07;6
0.133211;31.17;6
0.120170;31.05;6
0.111905;31.25;6
0.106032;31.11;6
0.101531;31.16;6
0.097893;31.14;6
0.094834;31.32;6
0.092173;31.14;6
0.089813;30.99;6
0.087696;31.03;6
0.085787;30.98;6
0.084054;31.06;6
0.082484;30.97;6
0.081074;30.96;6
0.079783;30.96;6
0.078620;31.04;6
0.077560;30.97;6
0.076583;31.07;6
0.075686;30.91;6
0.074855;30.86;6
0.074085;31.20;6
0.073362;30.82;6
0.072686;30.93;6
0.072051;30.89;6
0.071455;30.88;6
0.070894;31.57;6
0.070362;33.28;6
0.069858;35.19;6
0.069380;33.18;6
0.068927;32.19;6
0.068495;32.26;6
0.068087;31.90;6
0.067694;32.08;6
0.067322;31.97;6
0.066961;32.15;6
0.066623;31.95;6
0.066291;31.99;6
0.065978;32.06;6
0.065679;32.02;6
0.065387;31.99;6
0.065111;32.26;6
0.064842;31.93;6
0.064586;31.98;6
0.064338;31.84;6
0.064099;32.03;6
0.063867;31.90;6
0.063648;31.90;6
0.063434;31.97;6
0.063226;32.09;6
0.211643;33.25;7
0.189238;32.80;7
0.176987;33.43;7
0.168495;32.71;7
0.161967;33.07;7
0.156672;32.87;7
0.152199;33.18;7
0.148424;32.67;7
0.145050;33.27;7
0.142118;33.32;7
0.139460;33.07;7
0.137108;32.52;7
0.134926;32.40;7
0.132945;32.47;7
0.131164;32.52;7
0.129490;32.67;7
0.127953;31.60;7
0.126518;31.78;7
0.125178;32.13;7
0.123912;31.73;7
0.122747;31.74;7
0.121639;31.63;7
0.120597;32.00;7
0.119524;31.56;7
0.118552;31.84;7
0.117609;31.80;7
0.116713;31.39;7
0.115821;31.51;7
0.114966;31.49;7
0.114161;31.26;7
0.113344;31.48;7
0.112594;31.78;7
0.111842;32.07;7
0.111118;31.90;7
0.110433;31.72;7
0.109720;32.02;7
0.109055;31.92;7
0.108403;31.81;7
0.107766;31.66;7
0.107142;31.93;7
0.106542;31.89;7
0.105936;31.68;7
0.105357;31.74;7
0.104815;31.60;7
0.104263;31.83;7
0.103724;31.04;7
0.103192;31.12;7
0.102655;31.05;7
0.102173;31.34;7
0.101671;31.56;7
0.210873;31.83;7
0.172878;32.10;7
0.153816;31.99;7
0.142058;31.69;7
0.134058;31.83;7
0.128176;31.93;7
0.123575;31.47;7
0.119818;31.40;7
0.116627;31.31;7
0.113856;31.42;7
0.111410;31.39;7
0.109215;31.39;7
0.107240;31.58;7
0.105453;31.81;7
0.103835;32.03;7
0.102365;31.73;7
0.101028;31.85;7
0.099808;31.39;7
0.098686;31.12;7
0.097662;31.36;7
0.096710;31.43;7
0.095831;31.29;7
0.095014;31.79;7
0.094250;31.64;7
0.093535;31.52;7
0.092860;31.43;7
0.092223;32.29;7
0.091618;32.20;7
0.091044;32.78;7
0.090493;32.55;7
0.089971;32.57;7
0.089468;32.37;7
0.088987;32.42;7
0.088523;32.24;7
0.088074;32.30;7
0.087641;32.67;7
0.087222;31.77;7
0.086817;31.72;7
0.086424;31.82;7
0.086044;31.76;7
0.085672;31.67;7
0.085313;31.80;7
0.084962;31.60;7
0.084623;31.63;7
0.084294;31.67;7
0.083969;31.61;7
0.083655;31.70;7
0.083350;31.53;7
0.083051;30.71;7
0.082762;32.77;7
0.235908;32.69;8
0.206018;32.75;8
0.189365;31.73;8
0.177861;30.80;8
0.168574;30.65;8
0.160587;30.51;8
0.153520;30.52;8
0.147154;30.42;8
0.141490;30.64;8
0.136449;30.71;8
0.132031;31.05;8
0.128231;30.83;8
0.124875;30.06;8
0.121920;30.64;8
0.119285;30.06;8
0.116880;30.59;8
0.114663;29.96;8
0.112626;30.54;8
0.110732;30.07;8
0.108949;30.44;8
0.107329;29.53;8
0.105801;30.11;8
0.104335;29.55;8
0.102994;29.63;8
0.101724;29.65;8
0.100503;29.55;8
0.099336;29.48;8
0.098238;29.48;8
0.097170;29.52;8
0.096152;29.46;8
0.095169;29.75;8
0.094195;29.67;8
0.093299;29.55;8
0.092400;29.51;8
0.091543;30.40;8
0.090704;30.55;8
0.089911;30.89;8
0.089125;31.65;8
0.088372;30.95;8
0.087623;30.83;8
0.086935;30.82;8
0.086242;31.00;8
0.085573;30.42;8
0.084927;31.66;8
0.084289;32.54;8
0.083697;30.85;8
0.083114;32.18;8
0.082526;30.71;8
0.081978;30.46;8
0.081425;29.77;8
0.239282;30.51;8
0.197489;30.37;8
0.174365;31.26;8
0.160530;31.25;8
0.151224;31.98;8
0.144313;32.51;8
0.138812;31.11;8
0.134275;31.33;8
0.130434;30.94;8
0.127155;31.14;8
0.124297;30.58;8
0.121800;30.97;8
0.119576;30.16;8
0.117585;30.00;8
0.115797;30.41;8
0.114152;31.10;8
0.112644;30.79;8
0.111253;29.92;8
0.109958;30.14;8
0.108753;29.51;8
0.107610;29.89;8
0.106536;29.92;8
0.105528;29.95;8
0.104565;29.97;8
0.103656;29.89;8
0.102783;29.94;8
0.101953;30.03;8
0.101169;29.89;8
0.100418;29.98;8
0.099694;29.75;8
0.099008;29.64;8
0.098353;29.57;8
0.097728;29.46;8
0.097121;29.34;8
0.096546;29.74;8
0.095994;29.86;8
0.095452;29.80;8
0.094938;29.92;8
0.094442;29.72;8
0.093963;29.85;8
0.093501;29.80;8
0.093054;29.80;8
0.092627;30.26;8
0.092206;30.25;8
0.091801;30.30;8
0.091412;30.18;8
0.091032;30.43;8
0.090659;30.25;8
0.090304;30.35;8
0.089957;31.03;8
0.170464;31.73;9
0.143299;30.59;9
0.129877;30.46;9
0.120847;30.20;9
0.113884;30.21;9
0.108336;30.09;9
0.103837;30.12;9
0.100150;30.16;9
0.097100;30.09;9
0.094520;30.17;9
0.092285;30.13;9
0.090344;30.25;9
0.088597;30.48;9
0.087009;30.47;9
0.085541;30.57;9
0.084203;30.52;9
0.082938;30.41;9
0.081754;30.48;9
0.080606;30.31;9
0.079531;30.15;9
0.078524;30.39;9
0.077536;30.20;9
0.076612;30.08;9
0.075717;30.11;9
0.074891;30.08;9
0.074086;30.22;9
0.073318;30.65;9
0.072573;30.48;9
0.071857;30.56;9
0.071175;30.57;9
0.070532;30.52;9
0.069914;30.75;9
0.069308;30.66;9
0.068720;30.77;9
0.068171;30.47;9
0.067646;30.90;9
0.067124;30.62;9
0.066640;30.98;9
0.066166;30.56;9
0.065682;30.88;9
0.065250;30.62;9
0.064789;30.51;9
0.064384;30.41;9
0.063969;30.56;9
0.063575;30.45;9
0.063191;30.41;9
0.062814;29.82;9
0.062445;29.71;9
0.062079;29.67;9
0.061738;29.70;9
0.186256;30.03;9
0.160422;30.00;9
0.145979;29.94;9
0.135834;30.06;9
0.127989;30.00;9
0.121578;30.12;9
0.116184;29.97;9
0.111588;29.96;9
0.107600;29.85;9
0.104100;29.87;9
0.100997;29.74;9
0.098193;30.20;9
0.095619;30.44;9
0.093245;32.04;9
0.091030;31.59;9
0.088950;32.16;9
0.086989;32.41;9
0.085134;32.30;9
0.083362;32.03;9
0.081680;32.92;9
0.080093;31.39;9
0.078585;32.25;9
0.077168;31.78;9
0.075840;31.97;9
0.074594;30.72;9
0.073453;31.35;9
0.072390;31.83;9
0.071410;31.13;9
0.070498;31.93;9
0.069653;30.24;9
0.068877;29.94;9
0.068147;30.54;9
0.067474;31.19;9
0.066834;30.67;9
0.066243;30.67;9
0.065683;30.78;9
0.065160;31.07;9
0.064659;30.69;9
0.064186;30.69;9
0.063738;30.76;9
0.063310;30.69;9
0.062905;30.75;9
0.062521;30.90;9
0.062149;30.77;9
0.061794;30.70;9
0.061455;30.58;9
0.061129;30.72;9
0.060815;30.70;9
0.060517;30.51;9
0.060227;30.66;9
0.119570;30.90;10
0.106620;31.00;10
0.099555;31.12;10
0.094783;31.01;10
0.091197;31.31;10
0.088308;31.42;10
0.085853;31.08;10
0.083724;30.99;10
0.081812;31.14;10
0.080100;30.26;10
0.078492;30.61;10
0.077033;31.73;10
0.075669;31.39;10
0.074403;31.69;10
0.073194;31.53;10
0.072065;31.61;10
0.071007;31.50;10
0.070006;30.22;10
0.069025;30.11;10
0.068110;30.25;10
0.067253;30.26;10
0.066407;30.23;10
0.065634;30.16;10
0.064893;30.03;10
0.064171;30.34;10
0.063486;29.97;10
0.062829;30.20;10
0.062210;30.05;10
0.061600;29.95;10
0.061026;30.08;10
0.060466;30.05;10
0.059935;30.07;10
0.059430;29.98;10
0.058934;30.02;10
0.058462;30.04;10
0.057997;30.01;10
0.057564;30.21;10
0.057125;30.19;10
0.056719;29.93;10
0.056331;29.92;10
0.055946;29.99;10
0.055574;29.98;10
0.055231;30.01;10
0.054872;29.90;10
0.054547;30.03;10
0.054224;30.02;10
0.053904;30.00;10
0.053613;29.99;10
0.053331;30.23;10
0.053048;30.30;10
0.123435;30.63;10
0.106944;30.50;10
0.099155;30.74;10
0.094009;30.50;10
0.090080;31.17;10
0.086829;30.22;10
0.084020;30.94;10
0.081546;30.36;10
0.079342;30.24;10
0.077371;30.24;10
0.075599;29.80;10
0.073993;29.84;10
0.072532;29.71;10
0.071191;29.83;10
0.069958;29.88;10
0.068813;29.73;10
0.067754;29.75;10
0.066764;29.56;10
0.065831;29.67;10
0.064964;29.99;10
0.064147;30.05;10
0.063376;30.02;10
0.062648;29.92;10
0.061968;29.84;10
0.061321;29.84;10
0.060710;29.93;10
0.060131;29.90;10
0.059588;29.86;10
0.059068;29.90;10
0.058573;29.95;10
0.058103;29.83;10
0.057660;29.87;10
0.057234;29.92;10
0.056831;29.89;10
0.056453;29.74;10
0.056088;29.94;10
0.055736;29.72;10
0.055407;29.92;10
0.055086;29.54;10
0.054784;29.66;10
0.054498;29.73;10
0.054219;29.86;10
0.053952;29.81;10
0.053695;29.81;10
0.053443;29.80;10
0.053207;29.83;10
0.052973;29.79;10
0.052756;29.71;10
0.052536;29.76;10
0.052330;29.73;10
0.092550;30.00;11
0.081232;29.98;11
0.075497;30.10;11
0.071702;29.91;11
0.068886;30.12;11
0.066639;30.06;11
0.064759;30.06;11
0.063105;29.96;11
0.061636;30.11;11
0.060294;29.95;11
0.059061;30.09;11
0.057951;30.09;11
0.056926;29.94;11
0.055963;29.98;11
0.055086;30.12;11
0.054254;29.95;11
0.053484;30.20;11
0.052759;29.87;11
0.052082;29.97;11
0.051434;29.94;11
0.050826;30.00;11
0.050241;29.98;11
0.049684;30.02;11
0.049152;29.91;11
0.048641;29.97;11
0.048140;29.97;11
0.047664;29.95;11
0.047214;29.92;11
0.046761;29.94;11
0.046336;29.89;11
0.045922;29.86;11
0.045516;29.92;11
0.045128;29.97;11
0.044753;29.97;11
0.044388;29.90;11
0.044030;29.95;11
0.043689;29.89;11
0.043362;29.78;11
0.043042;29.71;11
0.042732;29.70;11
0.042425;29.74;11
0.042132;29.67;11
0.041856;29.39;11
0.041572;29.30;11
0.041308;29.17;11
0.041052;29.18;11
0.040805;29.25;11
0.040557;29.42;11
0.040319;29.66;11
0.040091;29.57;11
0.088806;30.10;11
0.079221;30.08;11
0.074051;30.05;11
0.070474;30.11;11
0.067748;30.17;11
0.065574;30.17;11
0.063742;30.02;11
0.062156;29.98;11
0.060758;30.05;11
0.059517;29.96;11
0.058402;29.90;11
0.057401;29.92;11
0.056503;29.94;11
0.055687;29.88;11
0.054956;30.18;11
0.054285;29.90;11
0.053677;30.12;11
0.053121;30.02;11
0.052603;31.61;11
0.052124;30.47;11
0.051677;30.65;11
0.051263;30.09;11
0.050871;30.30;11
0.050500;29.76;11
0.050148;30.43;11
0.049817;29.96;11
0.049498;30.44;11
0.049200;29.76;11
0.048910;29.81;11
0.048630;29.79;11
0.048364;29.86;11
0.048111;29.78;11
0.047864;29.60;11
0.047628;29.33;11
0.047400;29.45;11
0.047181;29.23;11
0.046970;29.31;11
0.046764;29.33;11
0.046568;29.33;11
0.046380;29.17;11
0.046195;29.30;11
0.046017;29.30;11
0.045844;29.28;11
0.045678;29.29;11
0.045522;29.86;11
0.045364;29.82;11
0.045214;29.76;11
0.045070;29.91;11
0.044930;29.91;11
0.044796;29.71;11
0.067237;30.09;12
0.058152;30.01;12
0.053540;30.13;12
0.050568;30.01;12
0.048309;30.08;12
0.046481;30.08;12
0.044942;30.17;12
0.043617;30.07;12
0.042442;29.96;12
0.041404;29.92;12
0.040458;30.00;12
0.039624;29.96;12
0.038848;29.93;12
0.038137;29.90;12
0.037474;30.05;12
0.036856;29.96;12
0.036298;29.91;12
0.035779;29.91;12
0.035312;29.95;12
0.034861;29.83;12
0.034451;29.86;12
0.034082;29.84;12
0.033737;29.82;12
0.033410;29.73;12
0.033106;29.88;12
0.032825;29.66;12
0.032562;29.79;12
0.032315;29.62;12
0.032081;29.71;12
0.031858;29.66;12
0.031652;29.73;12
0.031442;29.74;12
0.031265;29.74;12
0.031079;29.74;12
0.030912;29.76;12
0.030743;29.66;12
0.030585;29.65;12
0.030434;29.76;12
0.030295;29.58;12
0.030151;29.84;12
0.030027;29.73;12
0.029893;29.76;12
0.029774;29.75;12
0.029651;29.63;12
0.029541;29.69;12
0.029422;29.62;12
0.029322;29.67;12
0.029217;29.59;12
0.029124;29.59;12
0.029021;29.50;12
0.075484;29.88;12
0.064981;30.00;12
0.059876;30.03;12
0.056326;30.01;12
0.053502;29.99;12
0.051140;29.97;12
0.049118;29.92;12
0.047375;29.93;12
0.045883;29.92;12
0.044601;29.90;12
0.043484;29.92;12
0.042497;29.88;12
0.041612;29.85;12
0.040811;29.83;12
0.040082;29.74;12
0.039418;29.43;12
0.038809;29.92;12
0.038249;29.96;12
0.037735;29.93;12
0.037261;29.80;12
0.036822;29.83;12
0.036414;30.04;12
0.036033;29.80;12
0.035679;29.90;12
0.035347;29.77;12
0.035036;29.86;12
0.034743;30.03;12
0.034466;29.96;12
0.034207;29.78;12
0.033961;29.72;12
0.033732;29.91;12
0.033512;29.84;12
0.033305;29.84;12
0.033111;29.77;12
0.032926;29.98;12
0.032750;29.85;12
0.032584;29.82;12
0.032427;29.68;12
0.032277;30.07;12
0.032134;30.14;12
0.032001;30.04;12
0.031871;30.26;12
0.031749;29.79;12
0.031631;30.00;12
0.031521;29.92;12
0.031416;30.29;12
0.031315;29.86;12
0.031218;30.24;12
0.031127;29.90;12
0.031040;29.77;12
0.092549;30.15;13
0.073552;30.50;13
0.065766;30.41;13
0.061169;30.26;13
0.057772;30.22;13
0.055097;30.22;13
0.052910;30.19;13
0.051051;30.22;13
0.049449;30.42;13
0.048045;30.35;13
0.046774;30.17;13
0.045620;30.28;13
0.044551;30.23;13
0.043548;30.00;13
0.042594;30.17;13
0.041690;30.28;13
0.040839;30.42;13
0.040021;30.23;13
0.039248;30.13;13
0.038523;30.04;13
0.037827;30.32;13
0.037162;29.94;13
0.036543;29.86;13
0.035959;29.98;13
0.035402;30.23;13
0.034887;30.36;13
0.034400;30.25;13
0.033947;30.07;13
0.033523;29.97;13
0.033117;29.86;13
0.032735;29.69;13
0.032377;29.89;13
0.032043;29.84;13
0.031714;29.83;13
0.031397;29.96;13
0.031094;29.60;13
0.030816;29.76;13
0.030535;29.65;13
0.030272;29.71;13
0.030014;30.54;13
0.029770;30.72;13
0.029540;30.90;13
0.029311;30.88;13
0.029087;30.76;13
0.028883;30.28;13
0.028672;29.72;13
0.028472;29.38;13
0.028285;29.58;13
0.028106;29.61;13
0.027926;29.52;13
0.057170;30.15;13
0.048855;30.30;13
0.044749;30.33;13
0.042136;30.51;13
0.040245;30.59;13
0.038774;30.95;13
0.037569;30.32;13
0.036538;30.53;13
0.035623;30.60;13
0.034794;31.12;13
0.034028;31.07;13
0.033317;31.18;13
0.032651;31.29;13
0.032033;30.35;13
0.031462;30.14;13
0.030937;30.22;13
0.030449;30.38;13
0.030004;30.22;13
0.029591;30.09;13
0.029211;30.05;13
0.028859;30.14;13
0.028531;30.07;13
0.028227;30.22;13
0.027944;30.29;13
0.027679;30.85;13
0.027430;31.05;13
0.027196;31.04;13
0.026975;30.86;13
0.026767;30.93;13
0.026569;31.12;13
0.026382;31.02;13
0.026206;30.94;13
0.026035;30.89;13
0.025874;30.84;13
0.025722;30.89;13
0.025575;30.84;13
0.025435;30.77;13
0.025303;30.90;13
0.025175;30.85;13
0.025053;30.90;13
0.024935;30.54;13
0.024824;30.09;13
0.024718;29.94;13
0.024614;29.80;13
0.024517;29.81;13
0.024424;29.92;13
0.024332;30.19;13
0.024245;30.35;13
0.024163;30.20;13
0.024083;29.97;13
0.041389;30.58;14
0.035339;30.57;14
0.031805;30.28;14
0.029487;30.59;14
0.027842;30.59;14
0.026564;30.25;14
0.025521;30.30;14
0.024649;30.90;14
0.023896;30.39;14
0.023237;30.89;14
0.022656;30.24;14
0.022145;30.90;14
0.021687;30.28;14
0.021264;30.85;14
0.020877;30.19;14
0.020520;30.76;14
0.020186;30.23;14
0.019871;30.15;14
0.019573;30.30;14
0.019287;30.38;14
0.019017;30.23;14
0.018761;30.23;14
0.018516;30.28;14
0.018281;30.20;14
0.018058;30.20;14
0.017844;30.21;14
0.017635;29.75;14
0.017441;29.80;14
0.017251;29.79;14
0.017074;29.73;14
0.016899;29.69;14
0.016736;29.72;14
0.016573;29.59;14
0.016424;29.63;14
0.016275;29.47;14
0.016138;29.62;14
0.016006;29.50;14
0.015875;29.59;14
0.015757;29.53;14
0.015636;29.63;14
0.015526;29.59;14
0.015424;29.49;14
0.015320;29.52;14
0.015224;29.59;14
0.015133;29.64;14
0.015039;29.64;14
0.014958;29.65;14
0.014879;29.72;14
0.014801;29.76;14
0.014726;29.61;14
0.031005;29.98;14
0.027789;29.94;14
0.026201;30.03;14
0.025176;30.01;14
0.024414;30.05;14
0.023807;29.99;14
0.023305;29.92;14
0.022870;29.91;14
0.022491;29.89;14
0.022149;29.92;14
0.021837;29.94;14
0.021549;29.81;14
0.021279;29.84;14
0.021027;29.95;14
0.020789;29.91;14
0.020562;29.74;14
0.020346;29.82;14
0.020140;29.88;14
0.019943;29.84;14
0.019755;29.94;14
0.019574;29.95;14
0.019401;29.96;14
0.019236;29.74;14
0.019077;29.88;14
0.018927;29.78;14
0.018782;29.78;14
0.018644;29.82;14
0.018511;29.82;14
0.018384;29.61;14
0.018264;29.39;14
0.018148;29.36;14
0.018039;29.55;14
0.017936;29.53;14
0.017834;29.56;14
0.017740;29.69;14
0.017648;29.48;14
0.017561;29.33;14
0.017479;29.43;14
0.017400;29.35;14
0.017325;29.33;14
0.017254;29.42;14
0.017186;29.31;14
0.017121;29.68;14
0.017059;29.60;14
0.017000;29.57;14
0.016946;29.66;14
0.016892;29.60;14
0.016843;29.47;14
0.016796;29.63;14
0.016749;29.37;14
0.024570;29.95;15
0.021653;30.19;15
0.019898;30.43;15
0.018635;30.07;15
0.017668;30.23;15
0.016886;30.35;15
0.016228;30.27;15
0.015658;29.99;15
0.015162;29.83;15
0.014723;29.64;15
0.014332;29.56;15
0.013984;29.54;15
0.013671;29.45;15
0.013389;29.59;15
0.013133;29.61;15
0.012902;29.52;15
0.012690;29.56;15
0.012496;29.48;15
0.012316;29.51;15
0.012149;29.56;15
0.011994;29.46;15
0.011846;29.54;15
0.011708;29.42;15
0.011574;29.53;15
0.011448;29.55;15
0.011326;29.37;15
0.011210;29.45;15
0.011100;30.15;15
0.010992;29.49;15
0.010890;30.01;15
0.010789;29.43;15
0.010693;30.15;15
0.010602;29.72;15
0.010515;30.15;15
0.010430;29.78;15
0.010350;30.23;15
0.010275;29.71;15
0.010202;29.54;15
0.010132;29.60;15
0.010067;29.65;15
0.010006;29.78;15
0.009947;29.69;15
0.009891;29.70;15
0.009838;29.67;15
0.009788;29.73;15
0.009739;29.72;15
0.009694;29.56;15
0.009651;29.56;15
0.009612;29.52;15
0.009573;29.59;15
0.024398;30.38;15
0.021159;31.67;15
0.019542;32.41;15
0.018508;30.54;15
0.017756;30.49;15
0.017157;30.43;15
0.016649;30.43;15
0.016210;30.31;15
0.015821;30.40;15
0.015468;30.55;15
0.015149;30.47;15
0.014853;30.40;15
0.014582;30.50;15
0.014330;30.35;15
0.014096;30.37;15
0.013879;30.32;15
0.013677;30.26;15
0.013490;30.30;15
0.013316;30.36;15
0.013153;30.51;15
0.013002;30.48;15
0.012861;30.26;15
0.012729;29.94;15
0.012605;29.91;15
0.012490;29.97;15
0.012381;29.86;15
0.012279;29.86;15
0.012184;30.00;15
0.012093;29.86;15
0.012007;29.93;15
0.011927;29.94;15
0.011850;30.09;15
0.011779;30.22;15
0.011710;30.32;15
0.011645;30.15;15
0.011585;30.25;15
0.011526;30.27;15
0.011471;30.12;15
0.011419;30.29;15
0.011369;30.20;15
0.011322;29.78;15
0.011277;29.54;15
0.011233;29.56;15
0.011194;29.66;15
0.011154;29.69;15
0.011117;29.75;15
0.011081;29.70;15
0.011048;29.74;15
0.011015;29.70;15
0.010984;29.86;15
0.014662;30.40;16
0.012740;30.49;16
0.011738;30.44;16
0.011038;30.36;16
0.010494;30.12;16
0.010048;30.05;16
0.009671;30.26;16
0.009345;30.31;16
0.009061;30.32;16
0.008814;30.30;16
0.008592;30.64;16
0.008397;30.10;16
0.008222;29.95;16
0.008064;30.01;16
0.007920;30.00;16
0.007787;29.81;16
0.007665;30.10;16
0.007552;30.12;16
0.007445;30.19;16
0.007345;30.33;16
0.007251;30.14;16
0.007161;30.24;16
0.007077;30.15;16
0.006998;30.34;16
0.006923;30.23;16
0.006853;30.02;16
0.006786;30.04;16
0.006723;30.03;16
0.006662;30.07;16
0.006606;30.05;16
0.006552;29.83;16
0.006503;29.86;16
0.006456;29.92;16
0.006412;30.04;16
0.006368;30.15;16
0.006331;30.09;16
0.006295;29.96;16
0.006259;29.71;16
0.006227;29.91;16
0.006196;29.73;16
0.006168;29.60;16
0.006141;29.57;16
0.006117;29.79;16
0.006093;29.96;16
0.006073;30.02;16
0.006053;29.98;16
0.006033;30.25;16
0.006016;30.35;16
0.005999;30.13;16
0.005984;30.39;16
0.014913;30.48;16
0.013099;31.14;16
0.012235;31.50;16
0.011668;31.44;16
0.011242;31.51;16
0.010891;31.26;16
0.010591;31.21;16
0.010327;31.15;16
0.010092;31.18;16
0.009879;31.15;16
0.009687;31.05;16
0.009513;29.92;16
0.009352;29.98;16
0.009204;29.92;16
0.009068;29.81;16
0.008941;29.88;16
0.008824;29.94;16
0.008714;29.87;16
0.008612;29.88;16
0.008516;29.90;16
0.008426;29.93;16
0.008342;29.71;16
0.008262;29.44;16
0.008186;29.89;16
0.008116;29.73;16
0.008048;29.69;16
0.007984;29.73;16
0.007924;29.85;16
0.007868;29.83;16
0.007814;29.81;16
0.007763;29.77;16
0.007715;29.96;16
0.007669;29.96;16
0.007627;29.95;16
0.007586;29.96;16
0.007548;29.95;16
0.007512;29.67;16
0.007478;29.79;16
0.007445;29.67;16
0.007414;29.78;16
0.007386;29.70;16
0.007358;29.60;16
0.007333;29.73;16
0.007308;29.78;16
0.007284;29.64;16
0.007263;29.63;16
0.007242;29.64;16
0.007222;29.61;16
0.007202;29.74;16
0.007184;29.67;16
0.013992;30.01;17
0.011610;29.98;17
0.010314;30.23;17
0.009490;30.12;17
0.008907;30.07;17
0.008450;30.03;17
0.008066;30.15;17
0.007737;30.00;17
0.007449;30.09;17
0.007192;30.02;17
0.006957;30.79;17
0.006744;31.26;17
0.006554;31.22;17
0.006380;30.94;17
0.006222;30.91;17
0.006077;30.86;17
0.005941;30.77;17
0.005817;30.80;17
0.005701;30.59;17
0.005593;30.58;17
0.005492;30.61;17
0.005397;30.67;17
0.005308;30.76;17
0.005223;30.86;17
0.005144;30.82;17
0.005069;30.61;17
0.004998;30.52;17
0.004932;30.57;17
0.004869;30.53;17
0.004810;30.52;17
0.004754;30.55;17
0.004702;30.36;17
0.004652;30.17;17
0.004606;30.10;17
0.004563;30.10;17
0.004522;30.12;17
0.004483;30.11;17
0.004446;30.19;17
0.004414;30.45;17
0.004382;30.42;17
0.004352;30.57;17
0.004324;30.57;17
0.004299;30.39;17
0.004274;30.35;17
0.004252;30.26;17
0.004231;30.48;17
0.004211;30.68;17
0.004193;30.40;17
0.004175;30.58;17
0.004159;30.36;17
0.006725;30.23;17
0.005726;30.47;17
0.005201;30.67;17
0.004853;30.87;17
0.004592;30.78;17
0.004384;30.73;17
0.004211;30.81;17
0.004064;30.65;17
0.003936;30.77;17
0.003822;30.67;17
0.003722;30.66;17
0.003632;29.89;17
0.003550;30.03;17
0.003476;30.02;17
0.003409;30.04;17
0.003347;30.57;17
0.003290;29.92;17
0.003238;30.51;17
0.003190;29.97;17
0.003146;30.50;17
0.003105;29.90;17
0.003067;30.46;17
0.003032;29.98;17
0.003000;30.38;17
0.002970;29.81;17
0.002942;29.94;17
0.002917;29.86;17
0.002894;29.87;17
0.002872;29.79;17
0.002852;29.54;17
0.002834;29.55;17
0.002817;29.74;17
0.002802;29.58;17
0.002788;29.57;17
0.002775;29.70;17
0.002763;29.64;17
0.002752;29.66;17
0.002741;29.64;17
0.002732;29.68;17
0.002723;29.55;17
0.002714;29.69;17
0.002706;29.57;17
0.002699;29.55;17
0.002692;29.59;17
0.002685;29.54;17
0.002678;29.51;17
0.002672;29.51;17
0.002666;29.48;17
0.002660;29.59;17
0.002654;29.58;17
0.005596;29.74;18
0.004656;29.96;18
0.004223;29.99;18
0.003941;29.95;18
0.003732;29.85;18
0.003565;29.97;18
0.003428;29.85;18
0.003312;29.86;18
0.003211;29.97;18
0.003125;29.85;18
0.003048;29.84;18
0.002980;29.87;18
0.002918;29.84;18
0.002863;29.80;18
0.002812;29.89;18
0.002766;29.91;18
0.002724;29.78;18
0.002685;29.97;18
0.002651;29.91;18
0.002619;29.98;18
0.002589;29.79;18
0.002562;29.81;18
0.002538;29.80;18
0.002516;29.97;18
0.002495;30.09;18
0.002477;29.97;18
0.002459;30.02;18
0.002444;29.81;18
0.002430;29.88;18
0.002417;29.92;18
0.002405;29.85;18
0.002394;29.95;18
0.002384;29.89;18
0.002375;29.90;18
0.002366;29.95;18
0.002358;29.94;18
0.002351;29.64;18
0.002343;29.70;18
0.002337;29.49;18
0.002330;29.78;18
0.002324;29.74;18
0.002318;29.73;18
0.002313;29.79;18
0.002307;29.79;18
0.002302;29.71;18
0.002297;29.66;18
0.002291;29.65;18
0.002287;29.69;18
0.002282;29.62;18
0.002277;29.66;18
0.003165;29.95;18
0.002869;29.95;18
0.002694;29.96;18
0.002569;29.82;18
0.002473;30.68;18
0.002395;29.85;18
0.002331;30.09;18
0.002277;30.02;18
0.002232;30.15;18
0.002193;29.95;18
0.002159;29.99;18
0.002130;29.85;18
0.002105;29.81;18
0.002083;29.85;18
0.002064;29.88;18
0.002047;29.75;18
0.002032;29.92;18
0.002019;29.80;18
0.002008;29.73;18
0.001998;29.73;18
0.001989;29.66;18
0.001981;29.69;18
0.001974;29.70;18
0.001967;29.52;18
0.001961;29.63;18
0.001956;29.64;18
0.001951;29.67;18
0.001947;29.57;18
0.001943;29.61;18
0.001939;29.74;18
0.001936;29.75;18
0.001932;29.69;18
0.001929;29.75;18
0.001926;29.84;18
0.001923;29.76;18
0.001921;30.38;18
0.001918;29.76;18
0.001916;30.32;18
0.001913;29.67;18
0.001911;30.28;18
0.001909;29.72;18
0.001906;30.40;18
0.001904;29.78;18
0.001902;31.26;18
0.001900;30.89;18
0.001898;30.73;18
0.001897;30.67;18
0.001895;30.64;18
0.001893;30.70;18
0.001891;30.20;18
0.002727;30.12;19
0.002468;30.12;19
0.002311;30.01;19
0.002196;29.99;19
0.002107;30.21;19
0.002037;30.95;19
0.001981;31.08;19
0.001935;31.00;19
0.001897;31.12;19
0.001866;30.58;19
0.001838;30.06;19
0.001815;30.32;19
0.001795;29.97;19
0.001778;30.17;19
0.001763;30.46;19
0.001750;30.73;19
0.001738;30.34;19
0.001729;30.52;19
0.001720;30.59;19
0.001713;30.60;19
0.001706;29.78;19
0.001701;30.19;19
0.001696;29.54;19
0.001691;29.60;19
0.001687;29.62;19
0.001683;29.89;19
0.001680;29.76;19
0.001677;29.75;19
0.001674;30.49;19
0.001671;30.53;19
0.001668;29.82;19
0.001665;29.59;19
0.001663;29.41;19
0.001660;29.31;19
0.001658;29.30;19
0.001656;29.33;19
0.001654;29.25;19
0.001652;29.18;19
0.001650;29.22;19
0.001648;29.23;19
0.001646;29.32;19
0.001644;29.21;19
0.001642;29.17;19
0.001641;29.23;19
0.001639;29.44;19
0.001638;29.68;19
0.001636;29.61;19
0.001635;29.63;19
0.001633;29.55;19
0.001632;29.71;19
0.002250;30.06;19
0.002131;30.17;19
0.002063;30.25;19
0.002017;30.15;19
0.001982;30.17;19
0.001956;29.99;19
0.001936;30.07;19
0.001920;30.09;19
0.001908;30.02;19
0.001898;30.03;19
0.001889;30.04;19
0.001883;30.11;19
0.001877;30.01;19
0.001873;30.12;19
0.001869;30.17;19
0.001866;29.96;19
0.001863;30.00;19
0.001860;29.89;19
0.001858;30.06;19
0.001856;29.98;19
0.001854;29.92;19
0.001852;29.96;19
0.001851;29.96;19
0.001849;29.99;19
0.001848;29.91;19
0.001846;29.90;19
0.001845;29.96;19
0.001844;30.04;19
0.001842;29.93;19
0.001841;29.97;19
0.001840;29.95;19
0.001839;29.79;19
0.001838;29.84;19
0.001837;29.91;19
0.001836;29.83;19
0.001835;29.87;19
0.001834;29.85;19
0.001833;29.87;19
0.001833;29.86;19
0.001832;29.84;19
0.001831;29.73;19
0.001830;29.83;19
0.001830;29.92;19
0.001829;29.85;19
0.001828;30.10;19
0.001828;30.17;19
0.001827;29.97;19
0.001826;30.19;19
0.001826;30.10;19
0.001825;30.15;19
