loss;elapsed time;iteration
0.215144;159.89;0
0.151609;160.81;0
0.115519;157.71;0
0.092563;161.41;0
0.075427;155.21;0
0.062579;155.71;0
0.053715;155.52;0
0.047022;155.49;0
0.041430;154.47;0
0.036946;155.65;0
0.033218;154.98;0
0.030029;156.48;0
0.027328;154.40;0
0.024990;155.26;0
0.022907;153.97;0
0.021022;156.08;0
0.019265;156.99;0
0.017649;155.45;0
0.016164;157.04;0
0.014835;154.79;0
0.013626;156.28;0
0.012518;155.61;0
0.011499;155.93;0
0.010563;158.13;0
0.009749;159.34;0
0.009047;159.37;0
0.008418;159.56;0
0.007830;156.51;0
0.007290;156.50;0
0.006791;157.54;0
0.006332;158.37;0
0.005911;155.75;0
0.005519;166.84;0
0.005153;162.30;0
0.004822;169.04;0
0.004516;169.61;0
0.004236;170.28;0
0.003982;172.50;0
0.003754;172.21;0
0.003552;172.19;0
0.003374;167.27;0
0.003218;166.84;0
0.003081;163.03;0
0.002960;159.21;0
0.002853;158.37;0
0.002758;164.24;0
0.002672;159.76;0
0.002596;162.76;0
0.002529;163.02;0
0.002469;168.60;0
0.002416;165.78;0
0.002369;161.92;0
0.002327;163.00;0
0.002290;160.88;0
0.002256;161.59;0
0.002226;160.75;0
0.002199;160.02;0
0.002176;159.90;0
0.002155;160.01;0
0.002137;158.24;0
0.002120;159.60;0
0.002106;157.45;0
0.002093;155.97;0
0.002082;155.92;0
0.002072;155.95;0
0.002063;158.03;0
0.002055;157.32;0
0.002048;156.07;0
0.002042;157.01;0
0.002037;156.83;0
0.002032;155.92;0
0.002028;156.67;0
0.002024;156.13;0
0.002021;155.17;0
0.002018;154.83;0
0.002016;155.16;0
0.002014;156.17;0
0.002012;155.06;0
0.002010;155.09;0
0.002009;155.37;0
0.002008;156.77;0
0.002007;155.60;0
0.002006;155.02;0
0.002005;155.79;0
0.002004;156.33;0
0.002003;154.01;0
0.002003;153.72;0
0.002002;156.16;0
0.002002;156.79;0
0.002001;158.16;0
0.002001;155.08;0
0.002000;155.28;0
0.002000;154.44;0
0.002000;155.35;0
0.001999;155.78;0
0.001999;154.95;0
0.001999;155.55;0
0.001999;154.25;0
0.001998;155.20;0
0.001998;154.09;0
0.067953;153.68;1
0.037704;152.07;1
0.025132;152.74;1
0.019054;152.84;1
0.014775;153.10;1
0.011926;155.50;1
0.010047;155.59;1
0.008852;154.13;1
0.007896;154.73;1
0.007148;154.59;1
0.006513;153.91;1
0.005984;155.20;1
0.005588;154.33;1
0.005264;155.26;1
0.004962;155.37;1
0.004709;155.97;1
0.004497;155.39;1
0.004302;156.82;1
0.004124;156.42;1
0.003947;155.15;1
0.003806;156.13;1
0.003669;153.37;1
0.003534;154.76;1
0.003414;155.68;1
0.003300;153.97;1
0.003198;154.43;1
0.003110;154.86;1
0.003014;154.30;1
0.002933;155.38;1
0.002857;155.40;1
0.002778;157.39;1
0.002699;155.88;1
0.002631;155.43;1
0.002556;155.86;1
0.002484;156.38;1
0.002429;155.92;1
0.002370;156.83;1
0.002330;155.62;1
0.002289;157.11;1
0.002253;156.70;1
0.002228;156.42;1
0.002205;156.79;1
0.002185;153.13;1
0.002165;155.16;1
0.002146;154.75;1
0.002133;155.48;1
0.002120;154.57;1
0.002109;155.72;1
0.002098;155.25;1
0.002092;154.57;1
0.002071;152.96;1
0.002070;152.71;1
0.002069;154.14;1
0.002069;154.64;1
0.002069;154.62;1
0.002068;156.14;1
0.002068;154.99;1
0.002068;154.82;1
0.002068;154.04;1
0.002067;154.11;1
0.002067;153.86;1
0.002067;158.95;1
0.002067;162.80;1
0.002067;159.78;1
0.002067;154.08;1
0.002066;153.01;1
0.002066;154.81;1
0.002066;154.10;1
0.002066;155.12;1
0.002066;154.47;1
0.002066;154.81;1
0.002065;155.99;1
0.002065;155.54;1
0.002065;155.36;1
0.002065;155.60;1
0.002065;155.32;1
0.002065;155.33;1
0.002065;155.77;1
0.002065;155.02;1
0.002064;155.88;1
0.002064;154.85;1
0.002064;153.88;1
0.002064;155.26;1
0.002064;154.63;1
0.002064;156.07;1
0.002064;156.77;1
0.002064;156.25;1
0.002064;156.23;1
0.002064;155.46;1
0.002063;155.75;1
0.002063;155.23;1
0.002063;154.31;1
0.002063;155.46;1
0.002063;156.06;1
0.002063;155.68;1
0.002063;156.30;1
0.002063;155.70;1
0.002063;154.13;1
0.002063;156.05;1
0.002062;156.90;1
0.002056;155.65;2
0.002051;154.58;2
0.002047;154.12;2
0.002042;155.00;2
0.002039;154.66;2
0.002036;155.18;2
0.002033;154.82;2
0.002031;154.32;2
0.002029;154.74;2
0.002026;154.95;2
0.002025;155.77;2
0.002024;154.79;2
0.002022;156.07;2
0.002021;155.00;2
0.002020;154.99;2
0.002019;156.14;2
0.002018;154.87;2
0.002018;155.74;2
0.002017;154.59;2
0.002016;154.56;2
0.002016;154.01;2
0.002015;154.31;2
0.002015;155.31;2
0.002015;155.45;2
0.002014;154.38;2
0.002014;154.20;2
0.002013;153.34;2
0.002013;154.30;2
0.002012;154.06;2
0.002012;154.05;2
0.002012;154.94;2
0.002012;154.25;2
0.002011;155.65;2
0.002011;156.00;2
0.002011;157.36;2
0.002011;155.09;2
0.002010;155.06;2
0.002010;154.77;2
0.002010;154.70;2
0.002010;155.12;2
0.002010;154.91;2
0.002010;154.32;2
0.002010;154.16;2
0.002009;155.23;2
0.002009;154.53;2
0.002009;156.98;2
0.002009;154.87;2
0.002009;154.59;2
0.002009;154.97;2
0.002009;154.85;2
0.001994;153.81;2
0.001994;153.84;2
0.001994;153.60;2
0.001994;153.98;2
0.001994;155.48;2
0.001994;154.24;2
0.001994;153.73;2
0.001994;154.41;2
0.001994;154.01;2
0.001993;155.02;2
0.001993;154.97;2
0.001993;154.90;2
0.001993;153.89;2
0.001993;155.04;2
0.001993;153.96;2
0.001993;155.15;2
0.001993;155.96;2
0.001993;155.15;2
0.001993;156.76;2
0.001993;157.43;2
0.001993;154.12;2
0.001993;155.39;2
0.001993;156.67;2
0.001992;155.65;2
0.001992;156.37;2
0.001992;156.25;2
0.001992;154.27;2
0.001992;154.73;2
0.001992;155.43;2
0.001992;155.41;2
0.001992;155.73;2
0.001992;155.53;2
0.001992;154.81;2
0.001992;153.97;2
0.001992;154.35;2
0.001992;154.55;2
0.001992;156.27;2
0.001992;156.24;2
0.001991;154.56;2
0.001991;155.96;2
0.001991;155.55;2
0.001991;156.46;2
0.001991;154.60;2
0.001991;155.88;2
0.001991;155.05;2
0.001991;155.47;2
0.001991;155.35;2
0.001991;154.16;2
0.001991;155.30;2
0.001991;155.65;2
0.002012;154.19;3
0.002011;154.91;3
0.002011;154.96;3
0.002011;156.26;3
0.002011;154.44;3
0.002011;154.46;3
0.002011;153.37;3
0.002011;154.71;3
0.002011;153.97;3
0.002011;153.72;3
0.002011;155.02;3
0.002011;154.92;3
0.002011;155.38;3
0.002011;154.52;3
0.002011;155.88;3
0.002011;155.42;3
0.002011;155.64;3
0.002011;153.00;3
0.002011;155.48;3
0.002010;154.32;3
0.002010;154.48;3
0.002010;153.78;3
0.002010;154.96;3
0.002010;154.37;3
0.002010;154.27;3
0.002010;155.43;3
0.002010;153.94;3
0.002010;154.80;3
0.002010;155.47;3
0.002010;154.62;3
0.002010;155.84;3
0.002010;155.28;3
0.002010;155.91;3
0.002010;156.21;3
0.002010;156.40;3
0.002010;155.57;3
0.002010;155.71;3
0.002010;155.99;3
0.002010;158.39;3
0.002010;157.47;3
0.002010;155.52;3
0.002010;155.24;3
0.002010;155.87;3
0.002010;156.34;3
0.002010;156.13;3
0.002010;155.60;3
0.002010;155.34;3
0.002010;154.68;3
0.002010;155.19;3
0.002010;155.16;3
0.001991;154.87;3
0.001991;154.53;3
0.001991;156.21;3
0.001991;155.19;3
0.001991;154.44;3
0.001991;155.10;3
0.001991;154.56;3
0.001991;153.82;3
0.001990;154.86;3
0.001990;153.98;3
0.001990;156.47;3
0.001990;155.22;3
0.001990;156.65;3
0.001990;154.76;3
0.001990;155.10;3
0.001990;153.41;3
0.001990;153.67;3
0.001990;154.39;3
0.001990;155.97;3
0.001990;154.88;3
0.001990;154.19;3
0.001990;155.57;3
0.001990;155.08;3
0.001990;154.09;3
0.001990;154.37;3
0.001990;154.81;3
0.001989;154.91;3
0.001989;154.67;3
0.001989;154.81;3
0.001989;155.14;3
0.001989;155.52;3
0.001989;153.92;3
0.001989;154.57;3
0.001989;156.19;3
0.001989;157.14;3
0.001989;155.36;3
0.001989;155.60;3
0.001989;155.05;3
0.001989;156.13;3
0.001989;155.75;3
0.001989;155.61;3
0.001989;156.16;3
0.001989;156.41;3
0.001989;156.46;3
0.001989;156.08;3
0.001989;155.38;3
0.001989;155.57;3
0.001988;153.99;3
0.001988;155.09;3
0.001988;155.03;3
0.002010;154.73;4
0.002010;155.82;4
0.002010;154.59;4
0.002010;155.82;4
0.002010;154.56;4
0.002010;155.09;4
0.002010;156.21;4
0.002010;155.92;4
0.002010;155.80;4
0.002010;155.52;4
0.002010;155.46;4
0.002010;154.63;4
0.002009;155.31;4
0.002009;154.97;4
0.002009;155.45;4
0.002009;156.22;4
0.002009;155.23;4
0.002009;156.55;4
0.002009;155.33;4
0.002009;155.76;4
0.002009;155.84;4
0.002009;155.81;4
0.002009;156.89;4
0.002009;156.97;4
0.002009;154.73;4
0.002009;153.74;4
0.002009;155.85;4
0.002009;155.07;4
0.002009;154.55;4
0.002009;153.98;4
0.002009;154.75;4
0.002009;155.71;4
0.002009;155.76;4
0.002009;155.63;4
0.002009;154.78;4
0.002009;154.62;4
0.002009;153.92;4
0.002009;154.22;4
0.002009;154.54;4
0.002009;155.01;4
0.002009;155.10;4
0.002009;155.41;4
0.002009;155.13;4
0.002009;157.29;4
0.002009;156.31;4
0.002009;155.33;4
0.002009;154.45;4
0.002009;154.41;4
0.002009;155.16;4
0.002009;154.56;4
0.001998;155.27;4
0.001998;155.29;4
0.001998;154.42;4
0.001998;156.81;4
0.001997;156.74;4
0.001997;156.91;4
0.001997;156.08;4
0.001997;154.38;4
0.001997;156.43;4
0.001997;155.07;4
0.001997;153.69;4
0.001997;156.27;4
0.001997;154.71;4
0.001997;154.28;4
0.001997;155.97;4
0.001997;156.65;4
0.001997;154.17;4
0.001997;154.02;4
0.001997;153.94;4
0.001997;154.85;4
0.001997;153.74;4
0.001997;153.59;4
0.001997;159.50;4
0.001997;153.75;4
0.001997;154.44;4
0.001997;154.23;4
0.001997;154.84;4
0.001997;156.04;4
0.001996;154.72;4
0.001996;156.74;4
0.001996;154.57;4
0.001996;156.79;4
0.001996;156.38;4
0.001996;155.62;4
0.001996;155.78;4
0.001996;155.71;4
0.001996;156.62;4
0.001996;156.89;4
0.001996;155.75;4
0.001996;155.79;4
0.001996;154.68;4
0.001996;156.55;4
0.001996;156.15;4
0.001996;156.03;4
0.001996;154.68;4
0.001996;156.47;4
0.001996;155.56;4
0.001996;156.22;4
0.001996;156.60;4
0.001996;155.10;4
0.002011;156.01;5
0.002011;156.17;5
0.002011;154.40;5
0.002011;155.20;5
0.002011;154.78;5
0.002011;153.77;5
0.002011;154.09;5
0.002011;154.00;5
0.002011;154.13;5
0.002011;153.16;5
0.002010;153.52;5
0.002010;154.43;5
0.002010;154.53;5
0.002010;153.58;5
0.002010;154.26;5
0.002010;153.94;5
0.002010;154.18;5
0.002010;154.59;5
0.002010;153.22;5
0.002010;153.78;5
0.002010;154.13;5
0.002010;154.00;5
0.002010;154.63;5
0.002010;155.74;5
0.002010;155.32;5
0.002010;154.55;5
0.002010;153.99;5
0.002010;154.71;5
0.002010;155.03;5
0.002010;154.13;5
0.002010;155.85;5
0.002010;157.25;5
0.002010;154.81;5
0.002010;155.45;5
0.002010;155.15;5
0.002010;153.71;5
0.002010;157.27;5
0.002010;156.04;5
0.002010;157.14;5
0.002010;155.38;5
0.002010;154.66;5
0.002010;155.81;5
0.002010;156.72;5
0.002010;156.57;5
0.002010;156.17;5
0.002010;156.17;5
0.002010;157.38;5
0.002010;156.00;5
0.002010;154.75;5
0.002009;153.94;5
0.001993;152.93;5
0.001993;153.48;5
0.001993;153.69;5
0.001993;152.54;5
0.001993;153.75;5
0.001993;152.82;5
0.001993;152.68;5
0.001993;154.79;5
0.001993;153.83;5
0.001993;155.36;5
0.001993;155.17;5
0.001993;155.09;5
0.001993;155.67;5
0.001993;155.26;5
0.001993;154.34;5
0.001993;156.54;5
0.001993;154.88;5
0.001993;154.75;5
0.001993;155.78;5
0.001993;157.15;5
0.001993;157.16;5
0.001993;155.70;5
0.001993;156.56;5
0.001993;156.96;5
0.001993;155.39;5
0.001993;153.17;5
0.001992;156.76;5
0.001992;155.30;5
0.001992;155.71;5
0.001992;155.88;5
0.001992;155.65;5
0.001992;155.74;5
0.001992;154.70;5
0.001992;154.87;5
0.001992;154.92;5
0.001992;155.90;5
0.001992;155.40;5
0.001992;156.32;5
0.001992;157.33;5
0.001992;157.01;5
0.001992;155.05;5
0.001992;154.83;5
0.001992;155.48;5
0.001992;155.89;5
0.001992;153.44;5
0.001992;154.51;5
0.001992;154.87;5
0.001992;155.95;5
0.001992;155.00;5
0.001992;156.31;5
0.002011;156.38;6
0.002011;155.39;6
0.002011;156.31;6
0.002011;155.51;6
0.002011;156.05;6
0.002011;156.22;6
0.002011;155.85;6
0.002011;156.13;6
0.002011;155.14;6
0.002011;155.08;6
0.002011;156.65;6
0.002010;156.03;6
0.002010;153.98;6
0.002010;156.24;6
0.002010;156.54;6
0.002010;157.33;6
0.002010;157.00;6
0.002010;156.23;6
0.002010;156.44;6
0.002010;157.73;6
0.002010;156.47;6
0.002010;156.06;6
0.002010;156.47;6
0.002010;156.00;6
0.002010;155.69;6
0.002010;157.16;6
0.002010;155.96;6
0.002010;156.70;6
0.002010;156.99;6
0.002010;154.81;6
0.002010;154.25;6
0.002010;155.15;6
0.002010;154.95;6
0.002010;155.07;6
0.002010;154.85;6
0.002010;155.35;6
0.002010;156.23;6
0.002010;156.71;6
0.002009;155.19;6
0.002009;156.89;6
0.002009;156.37;6
0.002009;155.18;6
0.002009;155.87;6
0.002009;155.32;6
0.002009;155.78;6
0.002009;153.24;6
0.002009;154.99;6
0.002009;154.90;6
0.002009;154.65;6
0.002009;154.72;6
0.001988;154.65;6
0.001988;154.57;6
0.001988;154.13;6
0.001988;153.76;6
0.001988;154.34;6
0.001988;153.60;6
0.001988;154.29;6
0.001988;153.90;6
0.001988;153.86;6
0.001988;155.62;6
0.001988;154.20;6
0.001988;156.37;6
0.001988;156.36;6
0.001988;154.71;6
0.001988;153.77;6
0.001988;154.93;6
0.001988;155.49;6
0.001988;154.99;6
0.001988;155.16;6
0.001988;154.69;6
0.001988;155.39;6
0.001988;154.17;6
0.001988;155.39;6
0.001987;155.70;6
0.001987;154.79;6
0.001987;155.45;6
0.001987;155.68;6
0.001987;155.64;6
0.001987;155.43;6
0.001987;156.25;6
0.001987;156.46;6
0.001987;157.08;6
0.001987;155.74;6
0.001987;155.91;6
0.001987;154.55;6
0.001987;157.00;6
0.001987;155.38;6
0.001987;154.72;6
0.001987;154.68;6
0.001987;155.27;6
0.001987;156.87;6
0.001987;156.73;6
0.001987;156.95;6
0.001987;155.73;6
0.001987;156.53;6
0.001987;155.92;6
0.001987;157.81;6
0.001987;155.34;6
0.001987;155.96;6
0.001987;156.59;6
0.002013;154.06;7
0.002013;153.88;7
0.002013;154.09;7
0.002013;154.55;7
0.002013;153.41;7
0.002013;154.78;7
0.002013;154.40;7
0.002013;154.10;7
0.002013;155.47;7
0.002013;156.67;7
0.002013;155.68;7
0.002013;155.87;7
0.002013;156.39;7
0.002013;156.47;7
0.002013;155.26;7
0.002013;154.27;7
0.002013;155.48;7
0.002013;156.93;7
0.002013;154.20;7
0.002013;154.28;7
0.002013;155.08;7
0.002012;157.90;7
0.002012;155.35;7
0.002012;154.40;7
0.002012;154.14;7
0.002012;154.61;7
0.002012;153.43;7
0.002012;155.04;7
0.002012;154.53;7
0.002012;155.42;7
0.002012;154.66;7
0.002012;155.31;7
0.002012;154.96;7
0.002012;154.25;7
0.002012;154.84;7
0.002012;153.94;7
0.002012;154.34;7
0.002012;154.67;7
0.002012;154.60;7
0.002012;154.52;7
0.002012;154.64;7
0.002012;155.78;7
0.002012;153.94;7
0.002012;154.54;7
0.002012;154.47;7
0.002012;154.25;7
0.002012;152.96;7
0.002012;155.67;7
0.002012;153.45;7
0.002012;154.54;7
0.001985;156.03;7
0.001985;154.94;7
0.001985;154.98;7
0.001985;154.94;7
0.001985;155.72;7
0.001985;156.28;7
0.001985;154.67;7
0.001985;153.60;7
0.001985;154.58;7
0.001985;155.79;7
0.001985;154.60;7
0.001985;155.51;7
0.001985;156.40;7
0.001985;155.31;7
0.001985;154.66;7
0.001985;154.60;7
0.001985;154.46;7
0.001985;155.40;7
0.001985;155.23;7
0.001985;153.67;7
0.001985;153.21;7
0.001985;154.38;7
0.001985;153.48;7
0.001985;153.29;7
0.001985;154.95;7
0.001985;153.11;7
0.001985;152.71;7
0.001985;154.05;7
0.001985;153.14;7
0.001985;153.46;7
0.001985;154.19;7
0.001985;154.19;7
0.001985;154.39;7
0.001985;154.52;7
0.001985;154.02;7
0.001985;154.20;7
0.001985;154.49;7
0.001985;154.62;7
0.001985;154.51;7
0.001985;155.88;7
0.001984;154.03;7
0.001984;154.00;7
0.001984;154.56;7
0.001984;155.20;7
0.001984;155.00;7
0.001984;155.38;7
0.001984;155.36;7
0.001984;153.83;7
0.001984;153.46;7
0.001984;155.36;7
0.002011;155.11;8
0.002011;154.18;8
0.002011;154.72;8
0.002011;153.71;8
0.002011;153.49;8
0.002011;154.08;8
0.002011;155.74;8
0.002011;153.46;8
0.002011;152.88;8
0.002011;154.61;8
0.002011;154.74;8
0.002011;153.97;8
0.002011;154.79;8
0.002011;153.79;8
0.002011;154.68;8
0.002011;154.00;8
0.002011;156.15;8
0.002010;154.25;8
0.002010;154.05;8
0.002010;153.86;8
0.002010;152.75;8
0.002010;152.57;8
0.002010;152.57;8
0.002010;153.30;8
0.002010;154.03;8
0.002010;155.53;8
0.002010;153.91;8
0.002010;154.37;8
0.002010;155.12;8
0.002010;153.54;8
0.002010;153.35;8
0.002010;154.35;8
0.002010;153.33;8
0.002010;153.84;8
0.002010;154.70;8
0.002010;155.11;8
0.002010;153.79;8
0.002010;154.75;8
0.002010;155.11;8
0.002010;154.94;8
0.002010;154.70;8
0.002010;154.03;8
0.002010;155.60;8
0.002010;155.72;8
0.002010;156.95;8
0.002010;155.40;8
0.002010;154.49;8
0.002010;154.16;8
0.002010;155.74;8
0.002010;154.60;8
0.001986;153.15;8
0.001986;155.20;8
0.001986;154.35;8
0.001986;154.60;8
0.001986;154.72;8
0.001986;154.37;8
0.001986;156.03;8
0.001986;154.18;8
0.001986;154.16;8
0.001986;153.62;8
0.001986;153.83;8
0.001986;153.12;8
0.001985;154.27;8
0.001985;153.42;8
0.001985;154.64;8
0.001985;153.43;8
0.001985;155.32;8
0.001985;155.17;8
0.001985;154.50;8
0.001985;154.00;8
0.001985;154.27;8
0.001985;155.32;8
0.001985;153.75;8
0.001985;154.03;8
0.001985;153.11;8
0.001985;153.70;8
0.001985;153.33;8
0.001985;154.06;8
0.001985;154.32;8
0.001985;154.28;8
0.001985;153.27;8
0.001985;153.58;8
0.001985;154.54;8
0.001985;154.89;8
0.001985;154.75;8
0.001985;153.73;8
0.001985;154.86;8
0.001985;155.15;8
0.001985;156.03;8
0.001985;155.12;8
0.001985;156.33;8
0.001985;155.97;8
0.001985;155.62;8
0.001985;156.53;8
0.001985;156.07;8
0.001985;155.33;8
0.001985;153.42;8
0.001985;154.28;8
0.001985;154.71;8
0.001985;157.00;8
0.002004;154.62;9
0.002004;155.13;9
0.002004;154.67;9
0.002003;155.28;9
0.002003;153.98;9
0.002003;156.18;9
0.002003;153.69;9
0.002003;154.68;9
0.002003;153.86;9
0.002003;153.51;9
0.002003;154.10;9
0.002003;153.20;9
0.002003;153.84;9
0.002003;155.00;9
0.002003;152.65;9
0.002003;153.99;9
0.002003;154.05;9
0.002003;155.10;9
0.002003;155.17;9
0.002003;153.79;9
0.002003;154.00;9
0.002003;153.75;9
0.002003;155.88;9
0.002003;155.83;9
0.002003;154.91;9
0.002003;154.70;9
0.002003;153.91;9
0.002003;154.78;9
0.002003;155.01;9
0.002003;154.67;9
0.002003;154.34;9
0.002003;155.18;9
0.002003;154.15;9
0.002003;154.99;9
0.002003;155.62;9
0.002003;154.94;9
0.002003;153.94;9
0.002003;153.23;9
0.002003;154.60;9
0.002003;155.35;9
0.002003;154.86;9
0.002003;155.23;9
0.002003;154.18;9
0.002003;155.50;9
0.002003;153.71;9
0.002003;155.91;9
0.002003;155.57;9
0.002003;153.67;9
0.002003;154.94;9
0.002003;154.73;9
0.001989;153.96;9
0.001989;153.40;9
0.001989;154.26;9
0.001989;154.13;9
0.001989;153.90;9
0.001989;155.02;9
0.001989;152.18;9
0.001989;153.95;9
0.001989;154.47;9
0.001989;154.32;9
0.001989;156.08;9
0.001989;156.35;9
0.001989;154.87;9
0.001989;156.14;9
0.001989;156.34;9
0.001989;155.38;9
0.001989;153.77;9
0.001988;154.85;9
0.001988;154.66;9
0.001988;153.77;9
0.001988;155.04;9
0.001988;152.76;9
0.001988;153.19;9
0.001988;154.66;9
0.001988;154.63;9
0.001988;154.97;9
0.001988;155.90;9
0.001988;154.81;9
0.001988;156.50;9
0.001988;156.00;9
0.001988;157.06;9
0.001988;154.64;9
0.001988;154.32;9
0.001988;154.19;9
0.001988;154.24;9
0.001988;154.45;9
0.001988;154.58;9
0.001988;154.81;9
0.001988;155.94;9
0.001988;155.13;9
0.001988;155.79;9
0.001988;154.30;9
0.001988;154.81;9
0.001988;154.17;9
0.001988;153.48;9
0.001988;153.99;9
0.001988;154.95;9
0.001988;154.91;9
0.001988;154.61;9
0.001988;155.54;9
0.002009;154.13;10
0.002009;153.14;10
0.002009;154.50;10
0.002009;154.65;10
0.002009;154.78;10
0.002009;154.18;10
0.002009;154.27;10
0.002009;154.01;10
0.002009;155.14;10
0.002009;153.96;10
0.002009;154.73;10
0.002009;154.52;10
0.002009;153.49;10
0.002009;152.98;10
0.002009;153.56;10
0.002009;153.53;10
0.002009;154.16;10
0.002009;154.46;10
0.002009;154.53;10
0.002009;154.01;10
0.002009;153.06;10
0.002009;153.17;10
0.002008;154.25;10
0.002008;153.86;10
0.002008;153.58;10
0.002008;154.39;10
0.002008;154.42;10
0.002008;153.07;10
0.002008;154.74;10
0.002008;154.28;10
0.002008;155.66;10
0.002008;155.23;10
0.002008;154.02;10
0.002008;155.34;10
0.002008;154.03;10
0.002008;154.10;10
0.002008;154.13;10
0.002008;154.10;10
0.002008;154.03;10
0.002008;153.72;10
0.002008;153.76;10
0.002008;154.39;10
0.002008;153.43;10
0.002008;154.92;10
0.002008;153.87;10
0.002008;156.83;10
0.002008;157.01;10
0.002008;156.84;10
0.002008;154.94;10
0.002008;150.00;10
0.001991;151.35;10
0.001991;158.32;10
0.001991;155.88;10
0.001991;155.15;10
0.001991;153.93;10
0.001991;148.72;10
0.001991;148.35;10
0.001991;149.48;10
0.001991;148.60;10
0.001991;149.20;10
0.001991;147.72;10
0.001991;147.29;10
0.001991;147.23;10
0.001990;148.89;10
0.001990;149.06;10
0.001990;147.46;10
0.001990;147.70;10
0.001990;147.54;10
0.001990;147.99;10
0.001990;147.17;10
0.001990;146.57;10
0.001990;148.37;10
0.001990;146.48;10
0.001990;147.49;10
0.001990;147.32;10
0.001990;147.02;10
0.001990;146.40;10
0.001990;147.20;10
0.001990;147.76;10
0.001990;148.32;10
0.001990;147.50;10
0.001990;151.18;10
0.001990;151.51;10
0.001990;150.77;10
0.001990;149.37;10
0.001990;148.62;10
0.001990;152.52;10
0.001990;152.55;10
0.001990;152.98;10
0.001990;152.05;10
0.001990;151.17;10
0.001990;153.86;10
0.001990;153.68;10
0.001990;155.07;10
0.001990;159.03;10
0.001990;150.65;10
0.001990;151.20;10
0.001990;149.89;10
0.001990;147.78;10
0.001990;148.56;10
0.002008;147.64;11
0.002008;145.76;11
0.002008;147.47;11
0.002008;148.43;11
0.002008;147.98;11
0.002008;149.20;11
0.002008;153.80;11
0.002008;149.24;11
0.002008;147.59;11
0.002008;147.69;11
0.002008;146.31;11
0.002008;146.79;11
0.002008;146.77;11
0.002008;147.62;11
0.002008;148.14;11
0.002008;149.23;11
0.002008;149.50;11
0.002008;150.11;11
0.002008;149.01;11
0.002008;149.16;11
0.002008;151.02;11
0.002008;151.22;11
0.002008;150.02;11
0.002008;149.11;11
0.002008;149.06;11
0.002008;151.88;11
0.002008;158.25;11
0.002008;154.33;11
0.002008;153.88;11
0.002007;156.15;11
0.002007;153.83;11
0.002007;152.70;11
0.002007;151.41;11
0.002007;155.86;11
0.002007;153.67;11
0.002007;152.92;11
0.002007;149.39;11
0.002007;157.91;11
0.002007;153.12;11
0.002007;159.55;11
0.002007;161.96;11
0.002007;159.51;11
0.002007;158.56;11
0.002007;158.17;11
0.002007;160.00;11
0.002007;161.85;11
0.002007;159.31;11
0.002007;158.78;11
0.002007;158.06;11
0.002007;159.62;11
0.001987;155.39;11
0.001987;155.89;11
0.001987;156.30;11
0.001987;155.23;11
0.001987;154.18;11
0.001987;154.49;11
0.001986;155.99;11
0.001986;155.36;11
0.001986;155.65;11
0.001986;153.21;11
0.001986;151.66;11
0.001986;151.70;11
0.001986;151.49;11
0.001986;151.61;11
0.001986;151.89;11
0.001986;151.55;11
0.001986;150.93;11
0.001986;151.85;11
0.001986;152.05;11
0.001986;151.14;11
0.001986;151.75;11
0.001986;154.90;11
0.001986;152.67;11
0.001986;152.55;11
0.001986;152.46;11
0.001986;155.61;11
0.001986;154.26;11
0.001986;153.56;11
0.001986;153.94;11
0.001986;152.34;11
0.001986;152.22;11
0.001986;151.92;11
0.001986;151.12;11
0.001986;151.56;11
0.001986;152.33;11
0.001986;153.19;11
0.001986;152.33;11
0.001986;152.43;11
0.001986;153.06;11
0.001986;151.91;11
0.001986;151.80;11
0.001986;152.14;11
0.001986;151.74;11
0.001986;151.87;11
0.001986;152.59;11
0.001986;155.97;11
0.001986;161.57;11
0.001986;163.03;11
0.001986;164.98;11
0.001986;160.88;11
0.002007;158.08;12
0.002007;158.17;12
0.002007;161.94;12
0.002007;160.87;12
0.002007;159.37;12
0.002007;157.11;12
0.002007;156.54;12
0.002007;161.65;12
0.002007;158.82;12
0.002007;157.57;12
0.002007;157.46;12
0.002007;156.75;12
0.002007;158.13;12
0.002007;159.72;12
0.002007;159.60;12
0.002007;156.59;12
0.002007;158.44;12
0.002007;160.35;12
0.002007;159.36;12
0.002007;158.78;12
0.002007;161.22;12
0.002007;163.64;12
0.002007;161.71;12
0.002007;159.95;12
0.002007;158.92;12
0.002007;149.32;12
0.002007;148.77;12
0.002007;151.88;12
0.002007;150.84;12
0.002007;147.45;12
0.002007;148.72;12
0.002007;148.87;12
0.002007;147.88;12
0.002007;147.02;12
0.002007;149.35;12
0.002007;149.71;12
0.002007;149.27;12
0.002007;150.20;12
0.002007;149.58;12
0.002007;151.08;12
0.002007;148.34;12
0.002007;147.45;12
0.002007;147.38;12
0.002007;147.36;12
0.002007;147.87;12
0.002007;150.00;12
0.002007;149.59;12
0.002007;146.89;12
0.002007;148.26;12
0.002007;147.85;12
0.001989;147.27;12
0.001989;145.75;12
0.001989;146.89;12
0.001989;147.88;12
0.001988;145.86;12
0.001988;145.83;12
0.001988;146.48;12
0.001988;145.80;12
0.001988;147.40;12
0.001988;148.52;12
0.001988;149.30;12
0.001988;151.26;12
0.001988;149.99;12
0.001988;147.68;12
0.001988;147.42;12
0.001988;147.80;12
0.001988;147.41;12
0.001988;146.95;12
0.001988;147.34;12
0.001988;149.35;12
0.001988;150.05;12
0.001988;146.28;12
0.001988;147.58;12
0.001988;146.92;12
0.001988;146.45;12
0.001988;146.81;12
0.001988;147.07;12
0.001988;147.13;12
0.001988;147.81;12
0.001988;149.42;12
0.001988;147.43;12
0.001988;147.34;12
0.001988;151.22;12
0.001988;157.05;12
0.001988;155.55;12
0.001988;155.25;12
0.001988;153.93;12
0.001988;154.59;12
0.001988;155.06;12
0.001988;154.81;12
0.001988;154.74;12
0.001988;154.19;12
0.001988;152.89;12
0.001988;157.12;12
0.001988;154.20;12
0.001988;153.70;12
0.001988;153.48;12
0.001988;153.83;12
0.001988;153.09;12
0.001988;154.43;12
0.002012;153.66;13
0.002012;151.69;13
0.002012;151.86;13
0.002011;153.11;13
0.002011;154.00;13
0.002011;152.81;13
0.002011;153.44;13
0.002011;153.64;13
0.002011;152.24;13
0.002011;152.18;13
0.002011;151.47;13
0.002011;153.01;13
0.002011;151.85;13
0.002011;152.61;13
0.002011;153.69;13
0.002011;152.81;13
0.002011;154.26;13
0.002011;153.53;13
0.002011;155.21;13
0.002011;154.49;13
0.002011;156.17;13
0.002011;154.10;13
0.002011;152.95;13
0.002011;154.82;13
0.002011;155.28;13
0.002011;153.79;13
0.002011;154.67;13
0.002011;154.94;13
0.002011;153.87;13
0.002011;155.13;13
0.002011;152.36;13
0.002011;152.04;13
0.002011;152.98;13
0.002011;153.22;13
0.002011;153.12;13
0.002011;152.56;13
0.002011;154.41;13
0.002011;153.25;13
0.002011;152.41;13
0.002011;153.87;13
0.002011;155.38;13
0.002011;155.06;13
0.002011;156.12;13
0.002011;153.82;13
0.002011;155.28;13
0.002011;153.68;13
0.002011;152.88;13
0.002011;152.73;13
0.002011;152.03;13
0.002011;153.99;13
0.001989;153.50;13
0.001989;152.29;13
0.001989;154.56;13
0.001989;152.42;13
0.001989;154.24;13
0.001989;153.37;13
0.001989;152.50;13
0.001989;153.35;13
0.001989;153.22;13
0.001989;154.24;13
0.001989;153.18;13
0.001989;153.06;13
0.001989;153.65;13
0.001989;155.66;13
0.001989;154.52;13
0.001989;155.03;13
0.001989;155.25;13
0.001989;153.18;13
0.001989;152.71;13
0.001989;153.56;13
0.001989;152.18;13
0.001989;153.84;13
0.001989;154.04;13
0.001989;151.12;13
0.001989;152.56;13
0.001989;154.80;13
0.001989;153.81;13
0.001989;154.09;13
0.001989;153.79;13
0.001989;152.96;13
0.001989;154.95;13
0.001989;154.54;13
0.001989;154.12;13
0.001989;154.30;13
0.001989;153.95;13
0.001989;159.21;13
0.001988;160.75;13
0.001988;162.47;13
0.001988;160.84;13
0.001988;155.93;13
0.001988;155.68;13
0.001988;162.88;13
0.001988;155.58;13
0.001988;157.52;13
0.001988;155.69;13
0.001988;154.02;13
0.001988;153.54;13
0.001988;152.87;13
0.001988;152.43;13
0.001988;153.02;13
0.002008;151.56;14
0.002008;155.16;14
0.002008;156.05;14
0.002008;155.42;14
0.002008;155.30;14
0.002008;155.04;14
0.002008;154.58;14
0.002008;154.64;14
0.002008;153.91;14
0.002008;155.71;14
0.002008;155.89;14
0.002008;156.53;14
0.002008;152.96;14
0.002008;152.61;14
0.002008;152.46;14
0.002008;153.03;14
0.002008;152.00;14
0.002008;155.76;14
0.002007;153.27;14
0.002007;152.22;14
0.002007;152.57;14
0.002007;155.04;14
0.002007;152.83;14
0.002007;153.71;14
0.002007;153.72;14
0.002007;153.76;14
0.002007;153.16;14
0.002007;153.19;14
0.002007;153.65;14
0.002007;154.07;14
0.002007;155.93;14
0.002007;156.75;14
0.002007;156.35;14
0.002007;155.24;14
0.002007;154.48;14
0.002007;153.83;14
0.002007;154.85;14
0.002007;155.74;14
0.002007;155.46;14
0.002007;153.77;14
0.002007;154.04;14
0.002007;154.24;14
0.002007;153.90;14
0.002007;153.71;14
0.002007;152.64;14
0.002007;155.04;14
0.002007;154.87;14
0.002007;155.15;14
0.002007;154.03;14
0.002007;153.71;14
0.001981;152.83;14
0.001981;152.86;14
0.001981;153.16;14
0.001981;155.12;14
0.001981;153.62;14
0.001981;153.47;14
0.001981;153.70;14
0.001981;154.23;14
0.001981;153.14;14
0.001981;152.27;14
0.001981;151.42;14
0.001981;152.55;14
0.001981;153.43;14
0.001981;154.77;14
0.001981;154.03;14
0.001981;152.71;14
0.001981;154.63;14
0.001981;154.47;14
0.001981;153.81;14
0.001981;154.31;14
0.001981;155.43;14
0.001981;155.08;14
0.001981;154.12;14
0.001981;153.59;14
0.001981;154.33;14
0.001981;153.71;14
0.001981;153.99;14
0.001981;154.24;14
0.001981;156.03;14
0.001981;156.26;14
0.001981;156.23;14
0.001981;154.36;14
0.001981;153.37;14
0.001981;155.16;14
0.001981;153.73;14
0.001981;155.72;14
0.001981;154.54;14
0.001981;154.26;14
0.001981;153.92;14
0.001981;155.10;14
0.001981;153.72;14
0.001981;154.15;14
0.001981;154.97;14
0.001981;155.50;14
0.001981;155.62;14
0.001981;156.58;14
0.001981;153.94;14
0.001981;153.43;14
0.001981;154.87;14
0.001980;155.18;14
0.002010;153.39;15
0.002010;153.86;15
0.002010;153.73;15
0.002010;154.40;15
0.002010;155.34;15
0.002010;152.72;15
0.002010;154.81;15
0.002010;154.55;15
0.002010;154.17;15
0.002010;153.70;15
0.002010;152.78;15
0.002010;152.10;15
0.002010;153.67;15
0.002010;152.31;15
0.002010;152.70;15
0.002010;152.56;15
0.002010;155.29;15
0.002010;151.79;15
0.002010;150.92;15
0.002010;152.21;15
0.002010;152.59;15
0.002010;152.65;15
0.002010;153.72;15
0.002010;153.56;15
0.002010;154.03;15
0.002010;152.46;15
0.002010;154.29;15
0.002010;154.66;15
0.002010;152.79;15
0.002010;153.37;15
0.002010;153.47;15
0.002010;155.19;15
0.002010;152.54;15
0.002010;154.94;15
0.002010;155.54;15
0.002010;153.83;15
0.002010;155.46;15
0.002010;152.77;15
0.002010;155.36;15
0.002010;153.49;15
0.002010;153.67;15
0.002010;153.81;15
0.002010;153.93;15
0.002010;154.57;15
0.002010;154.84;15
0.002010;155.87;15
0.002010;156.24;15
0.002010;152.85;15
0.002010;154.33;15
0.002010;152.79;15
0.001989;153.77;15
0.001989;152.09;15
0.001989;152.57;15
0.001989;154.13;15
0.001989;154.72;15
0.001989;153.97;15
0.001989;152.51;15
0.001989;152.54;15
0.001989;151.74;15
0.001989;153.58;15
0.001989;153.54;15
0.001989;153.83;15
0.001989;153.10;15
0.001989;154.67;15
0.001989;153.64;15
0.001989;154.64;15
0.001989;154.53;15
0.001989;156.06;15
0.001989;154.81;15
0.001989;154.04;15
0.001989;153.79;15
0.001989;152.78;15
0.001989;154.98;15
0.001989;155.36;15
0.001989;154.59;15
0.001989;152.83;15
0.001989;153.48;15
0.001989;154.27;15
0.001989;154.35;15
0.001989;153.04;15
0.001989;152.85;15
0.001989;153.16;15
0.001988;153.84;15
0.001988;153.20;15
0.001988;153.09;15
0.001988;153.31;15
0.001988;153.45;15
0.001988;152.85;15
0.001988;154.68;15
0.001988;154.73;15
0.001988;155.14;15
0.001988;153.44;15
0.001988;154.91;15
0.001988;154.79;15
0.001988;154.86;15
0.001988;156.13;15
0.001988;155.82;15
0.001988;155.83;15
0.001988;154.43;15
0.001988;155.50;15
0.002008;153.29;16
0.002008;153.60;16
0.002008;154.27;16
0.002008;154.53;16
0.002008;152.91;16
0.002008;152.59;16
0.002008;153.11;16
0.002008;155.04;16
0.002008;154.99;16
0.002008;165.74;16
0.002008;173.88;16
0.002008;179.93;16
0.002008;182.29;16
0.002008;185.65;16
0.002008;180.66;16
0.002008;160.26;16
0.002008;158.24;16
0.002008;158.40;16
0.002008;158.54;16
0.002008;158.31;16
0.002008;157.46;16
0.002008;156.03;16
0.002008;156.14;16
0.002008;158.28;16
0.002008;171.14;16
0.002008;165.42;16
0.002008;163.56;16
0.002008;160.88;16
0.002008;159.51;16
0.002008;159.27;16
0.002008;160.50;16
0.002008;160.37;16
0.002008;158.35;16
0.002007;157.31;16
0.002007;157.22;16
0.002007;156.40;16
0.002007;158.08;16
0.002007;156.24;16
0.002007;159.51;16
0.002007;158.66;16
0.002007;159.05;16
0.002007;159.83;16
0.002007;157.82;16
0.002007;156.64;16
0.002007;157.15;16
0.002007;157.02;16
0.002007;158.35;16
0.002007;157.99;16
0.002007;156.95;16
0.002007;156.14;16
0.001982;158.65;16
0.001982;157.75;16
0.001982;158.39;16
0.001982;156.24;16
0.001982;155.36;16
0.001982;155.45;16
0.001982;154.24;16
0.001982;154.94;16
0.001982;155.10;16
0.001982;153.74;16
0.001982;154.70;16
0.001982;153.97;16
0.001982;154.26;16
0.001982;156.28;16
0.001982;157.38;16
0.001982;156.94;16
0.001982;155.23;16
0.001982;155.40;16
0.001982;155.14;16
0.001982;153.33;16
0.001982;154.79;16
0.001982;153.40;16
0.001982;154.37;16
0.001982;154.10;16
0.001982;154.39;16
0.001982;154.99;16
0.001982;156.04;16
0.001982;154.00;16
0.001982;155.96;16
0.001982;157.27;16
0.001981;156.70;16
0.001981;154.82;16
0.001981;154.08;16
0.001981;154.36;16
0.001981;154.67;16
