loss;elapsed_time;iteration
0.096494;35.32;0
0.059321;34.52;0
0.036507;34.53;0
0.025673;34.52;0
0.018488;34.52;0
0.013841;34.60;0
0.010819;34.60;0
0.008771;34.54;0
0.007329;34.49;0
0.006280;34.46;0
0.005491;34.47;0
0.004883;34.46;0
0.004403;34.49;0
0.004015;34.49;0
0.003700;34.49;0
0.003441;34.46;0
0.003227;34.47;0
0.003049;34.50;0
0.002900;34.46;0
0.002775;34.46;0
0.002670;34.49;0
0.002581;34.46;0
0.002505;34.47;0
0.002439;34.47;0
0.002383;34.50;0
0.002334;34.46;0
0.002292;34.47;0
0.002256;34.47;0
0.002224;34.47;0
0.002197;34.49;0
0.002173;34.46;0
0.002152;34.48;0
0.002133;34.47;0
0.002117;34.47;0
0.002103;34.47;0
0.002090;34.50;0
0.002079;34.47;0
0.002069;34.48;0
0.002060;34.47;0
0.002053;34.48;0
0.002046;34.49;0
0.002040;34.47;0
0.002035;34.47;0
0.002030;34.47;0
0.002026;34.49;0
0.002022;34.47;0
0.002019;34.49;0
0.002016;34.52;0
0.002014;34.48;0
0.002012;34.48;0
0.002010;34.36;0
0.002008;34.27;0
0.002006;34.25;0
0.002005;34.27;0
0.002004;34.27;0
0.002003;34.27;0
0.002002;34.27;0
0.002001;34.27;0
0.002000;34.26;0
0.001999;34.26;0
0.001999;34.26;0
0.001998;34.27;0
0.001998;34.27;0
0.001997;34.27;0
0.001997;34.27;0
0.001996;34.26;0
0.001996;34.28;0
0.001996;34.25;0
0.001995;34.31;0
0.001995;34.29;0
0.001995;34.29;0
0.001994;34.30;0
0.001994;34.30;0
0.001994;34.29;0
0.001994;34.29;0
0.001993;34.29;0
0.001993;34.29;0
0.001993;34.30;0
0.001993;34.29;0
0.001992;34.31;0
0.001992;34.30;0
0.001992;34.29;0
0.001992;34.29;0
0.001991;34.29;0
0.001991;34.29;0
0.001991;34.29;0
0.001991;34.30;0
0.001990;34.31;0
0.001990;34.29;0
0.001990;34.30;0
0.001990;34.31;0
0.001989;34.30;0
0.001989;34.29;0
0.001989;34.30;0
0.001989;34.29;0
0.001989;34.29;0
0.001988;34.29;0
0.001988;34.29;0
0.001988;34.31;0
0.001988;34.29;0
0.136243;34.45;1
0.109672;34.26;1
0.100993;34.25;1
0.093921;34.26;1
0.086915;34.25;1
0.079603;34.25;1
0.072048;34.30;1
0.064418;34.29;1
0.056894;34.29;1
0.049663;34.29;1
0.042963;34.30;1
0.036729;34.29;1
0.030766;34.30;1
0.025534;34.30;1
0.021365;34.29;1
0.018158;34.29;1
0.015686;34.29;1
0.013711;34.30;1
0.012084;34.29;1
0.010710;34.29;1
0.009539;34.29;1
0.008535;34.31;1
0.007671;34.30;1
0.006928;34.29;1
0.006289;34.29;1
0.005742;34.29;1
0.005271;34.29;1
0.004865;34.29;1
0.004513;34.74;1
0.004208;35.07;1
0.003944;35.03;1
0.003715;34.52;1
0.003516;34.51;1
0.003341;34.54;1
0.003188;34.51;1
0.003054;34.52;1
0.002935;34.51;1
0.002830;34.51;1
0.002737;34.54;1
0.002655;34.52;1
0.002583;34.51;1
0.002519;34.52;1
0.002463;34.51;1
0.002413;34.54;1
0.002368;34.51;1
0.002328;34.51;1
0.002293;34.52;1
0.002262;34.51;1
0.002234;34.51;1
0.002209;34.54;1
0.002163;34.71;1
0.002160;34.51;1
0.002158;34.52;1
0.002157;34.53;1
0.002155;34.50;1
0.002154;34.51;1
0.002153;34.50;1
0.002152;34.50;1
0.002151;34.53;1
0.002150;34.51;1
0.002149;34.50;1
0.002148;34.50;1
0.002148;34.51;1
0.002147;34.53;1
0.002146;34.51;1
0.002145;34.50;1
0.002145;34.51;1
0.002144;34.51;1
0.002143;34.52;1
0.002142;34.51;1
0.002142;34.51;1
0.002141;34.51;1
0.002140;34.54;1
0.002140;34.31;1
0.002139;34.29;1
0.002139;34.29;1
0.002138;34.29;1
0.002137;34.29;1
0.002137;34.29;1
0.002136;34.30;1
0.002136;34.29;1
0.002135;34.29;1
0.002135;34.29;1
0.002134;34.28;1
0.002134;34.29;1
0.002133;34.29;1
0.002133;34.29;1
0.002132;34.29;1
0.002131;34.29;1
0.002131;34.29;1
0.002130;34.29;1
0.002130;34.29;1
0.002129;34.29;1
0.002129;34.30;1
0.002129;34.29;1
0.002128;34.30;1
0.002128;34.29;1
0.002127;34.29;1
0.002127;34.29;1
0.002126;34.29;1
0.002170;34.46;2
0.002155;34.26;2
0.002142;34.26;2
0.002131;34.26;2
0.002121;34.25;2
0.002112;34.25;2
0.002103;34.26;2
0.002096;34.26;2
0.002089;34.26;2
0.002084;34.26;2
0.002078;34.27;2
0.002073;34.26;2
0.002069;34.27;2
0.002065;34.26;2
0.002062;34.26;2
0.002059;34.26;2
0.002056;34.26;2
0.002054;34.26;2
0.002052;34.28;2
0.002050;34.26;2
0.002048;34.26;2
0.002046;34.27;2
0.002045;34.26;2
0.002044;34.26;2
0.002042;34.26;2
0.002041;34.26;2
0.002040;34.26;2
0.002039;34.27;2
0.002039;34.26;2
0.002038;34.26;2
0.002037;34.26;2
0.002037;34.26;2
0.002036;34.26;2
0.002036;34.27;2
0.002035;34.27;2
0.002035;34.26;2
0.002034;34.26;2
0.002034;34.26;2
0.002033;34.26;2
0.002033;34.27;2
0.002033;34.27;2
0.002033;34.26;2
0.002032;34.26;2
0.002032;34.26;2
0.002032;34.26;2
0.002032;34.26;2
0.002031;34.27;2
0.002031;34.27;2
0.002031;34.27;2
0.002031;34.27;2
0.001991;34.46;2
0.001990;34.26;2
0.001990;34.25;2
0.001989;34.26;2
0.001989;34.27;2
0.001989;34.26;2
0.001989;34.26;2
0.001988;34.26;2
0.001988;34.26;2
0.001988;34.26;2
0.001988;34.26;2
0.001988;34.26;2
0.001987;34.26;2
0.001987;34.26;2
0.001987;34.26;2
0.001987;34.26;2
0.001987;34.26;2
0.001987;34.26;2
0.001986;34.27;2
0.001986;34.26;2
0.001986;34.27;2
0.001986;34.26;2
0.001986;34.26;2
0.001986;34.27;2
0.001985;34.26;2
0.001985;34.26;2
0.001985;34.26;2
0.001985;34.26;2
0.001985;34.26;2
0.001985;34.26;2
0.001984;34.27;2
0.001984;34.26;2
0.001984;34.26;2
0.001984;34.27;2
0.001984;34.26;2
0.001984;34.26;2
0.001983;34.27;2
0.001983;34.26;2
0.001983;34.26;2
0.001983;34.26;2
0.001983;34.27;2
0.001983;34.26;2
0.001982;34.26;2
0.001982;34.27;2
0.001982;34.51;2
0.001982;34.44;2
0.001982;34.44;2
0.001982;34.44;2
0.001982;34.43;2
0.001981;34.45;2
0.002026;34.69;3
0.002026;34.48;3
0.002025;34.48;3
0.002025;34.48;3
0.002025;34.51;3
0.002025;34.48;3
0.002025;34.48;3
0.002024;34.49;3
0.002024;34.49;3
0.002024;34.50;3
0.002024;34.48;3
0.002024;34.49;3
0.002024;34.48;3
0.002024;34.48;3
0.002024;34.51;3
0.002024;34.49;3
0.002024;34.48;3
0.002024;34.50;3
0.002023;34.49;3
0.002023;34.51;3
0.002023;34.48;3
0.002023;34.49;3
0.002023;34.48;3
0.002023;34.48;3
0.002023;34.49;3
0.002023;34.51;3
0.002023;34.49;3
0.002023;34.49;3
0.002023;34.48;3
0.002023;34.49;3
0.002023;34.51;3
0.002023;34.49;3
0.002023;34.48;3
0.002023;34.43;3
0.002023;34.45;3
0.002023;34.45;3
0.002023;34.43;3
0.002022;34.39;3
0.002022;34.22;3
0.002022;34.21;3
0.002022;34.22;3
0.002022;34.21;3
0.002022;34.22;3
0.002022;34.21;3
0.002022;34.21;3
0.002022;34.21;3
0.002022;34.22;3
0.002022;34.21;3
0.002022;34.21;3
0.002022;34.21;3
0.001977;34.46;3
0.001976;34.26;3
0.001976;34.26;3
0.001976;34.77;3
0.001976;34.52;3
0.001976;34.48;3
0.001975;34.47;3
0.001975;34.43;3
0.001975;34.44;3
0.001975;34.46;3
0.001975;34.44;3
0.001974;34.44;3
0.001974;34.45;3
0.001974;34.43;3
0.001974;34.45;3
0.001974;34.43;3
0.001974;34.43;3
0.001973;34.44;3
0.001973;34.43;3
0.001973;34.46;3
0.001973;34.46;3
0.001973;34.43;3
0.001973;34.43;3
0.001972;34.44;3
0.001972;34.46;3
0.001972;34.46;3
0.001972;34.46;3
0.001972;34.46;3
0.001972;34.45;3
0.001971;34.45;3
0.001971;34.46;3
0.001971;34.45;3
0.001971;34.44;3
0.001971;34.44;3
0.001970;34.49;3
0.001970;34.47;3
0.001970;34.44;3
0.001970;34.44;3
0.001970;34.44;3
0.001970;34.43;3
0.001969;34.46;3
0.001969;34.45;3
0.001969;34.45;3
0.001969;34.45;3
0.001969;34.45;3
0.001968;34.48;3
0.001968;34.46;3
0.001968;34.31;3
0.001968;34.23;3
0.001968;34.23;3
0.002008;34.46;4
0.002008;34.22;4
0.002008;34.21;4
0.002008;34.21;4
0.002008;34.21;4
0.002008;34.21;4
0.002008;34.21;4
0.002008;34.22;4
0.002007;34.21;4
0.002007;34.21;4
0.002007;34.22;4
0.002007;34.21;4
0.002007;34.22;4
0.002007;34.22;4
0.002007;34.21;4
0.002007;34.21;4
0.002007;34.22;4
0.002007;34.21;4
0.002007;34.22;4
0.002007;34.21;4
0.002007;34.22;4
0.002007;34.22;4
0.002007;34.22;4
0.002007;34.23;4
0.002007;34.22;4
0.002007;34.21;4
0.002007;34.22;4
0.002007;34.21;4
0.002007;34.24;4
0.002007;34.25;4
0.002006;34.21;4
0.002006;34.21;4
0.002006;34.25;4
0.002006;34.22;4
0.002006;34.22;4
0.002006;34.22;4
0.002006;34.21;4
0.002006;34.22;4
0.002006;34.22;4
0.002006;34.22;4
0.002006;34.22;4
0.002006;34.22;4
0.002006;34.22;4
0.002006;34.23;4
0.002006;34.22;4
0.002006;34.22;4
0.002006;34.23;4
0.002006;34.23;4
0.002006;34.22;4
0.002006;34.23;4
0.001966;34.46;4
0.001966;34.23;4
0.001965;34.21;4
0.001965;34.23;4
0.001965;34.21;4
0.001965;34.22;4
0.001965;34.22;4
0.001964;34.21;4
0.001964;34.21;4
0.001964;34.22;4
0.001964;34.22;4
0.001964;34.24;4
0.001963;34.22;4
0.001963;34.22;4
0.001963;34.23;4
0.001963;34.23;4
0.001963;34.22;4
0.001962;34.21;4
0.001962;34.22;4
0.001962;34.21;4
0.001962;34.21;4
0.001962;34.23;4
0.001961;34.22;4
0.001961;34.22;4
0.001961;34.21;4
0.001961;34.22;4
0.001961;34.21;4
0.001961;34.24;4
0.001960;34.22;4
0.001960;34.24;4
0.001960;34.21;4
0.001960;34.22;4
0.001960;34.24;4
0.001959;34.21;4
0.001959;35.63;4
0.001959;34.54;4
0.001959;34.24;4
0.001959;34.24;4
0.001959;34.23;4
0.001958;34.22;4
0.001958;34.23;4
0.001958;34.22;4
0.001958;34.24;4
0.001958;34.23;4
0.001958;34.23;4
0.001958;34.24;4
0.001957;34.49;4
0.001957;34.48;4
0.001957;34.43;4
0.001957;34.48;4
0.001992;34.70;5
0.001992;34.48;5
0.001992;34.43;5
0.001992;34.44;5
0.001992;34.44;5
0.001992;34.44;5
0.001992;34.46;5
0.001991;34.46;5
0.001991;34.44;5
0.001991;34.44;5
0.001991;34.43;5
0.001991;34.49;5
0.001991;34.46;5
0.001991;34.44;5
0.001991;34.45;5
0.001991;34.45;5
0.001991;34.47;5
0.001991;34.44;5
0.001991;34.47;5
0.001991;34.47;5
0.001991;34.44;5
0.001991;34.44;5
0.001991;34.47;5
0.001991;34.47;5
0.001991;34.46;5
0.001991;34.44;5
0.001991;34.44;5
0.001991;34.49;5
0.001991;34.44;5
0.001991;34.44;5
0.001991;34.44;5
0.001991;34.45;5
0.001990;34.46;5
0.001990;34.46;5
0.001990;34.46;5
0.001990;34.45;5
0.001990;34.46;5
0.001990;34.46;5
0.001990;34.44;5
0.001990;34.34;5
0.001990;34.26;5
0.001990;34.25;5
0.001990;34.26;5
0.001990;34.26;5
0.001990;34.26;5
0.001990;34.25;5
0.001990;34.26;5
0.001990;34.26;5
0.001990;34.26;5
0.001990;34.26;5
0.001957;34.47;5
0.001957;34.23;5
0.001957;34.21;5
0.001957;34.23;5
0.001957;34.23;5
0.001956;34.24;5
0.001956;34.24;5
0.001956;34.22;5
0.001956;34.23;5
0.001956;34.23;5
0.001956;34.25;5
0.001956;34.23;5
0.001955;34.25;5
0.001955;34.24;5
0.001955;34.23;5
0.001955;34.22;5
0.001955;34.23;5
0.001955;34.27;5
0.001955;34.24;5
0.001954;34.26;5
0.001954;34.24;5
0.001954;34.22;5
0.001954;34.23;5
0.001954;34.23;5
0.001954;34.23;5
0.001954;34.23;5
0.001954;34.22;5
0.001953;34.26;5
0.001953;34.26;5
0.001953;34.25;5
0.001953;34.27;5
0.001953;34.25;5
0.001953;34.26;5
0.001953;34.26;5
0.001953;34.26;5
0.001952;34.26;5
0.001952;34.25;5
0.001952;34.27;5
0.001952;34.26;5
0.001952;34.27;5
0.001952;34.27;5
0.001952;34.26;5
0.001952;34.27;5
0.001951;34.26;5
0.001951;34.26;5
0.001951;34.26;5
0.001951;34.26;5
0.001951;34.27;5
0.001951;34.25;5
0.001951;34.25;5
0.001978;34.48;6
0.001977;34.23;6
0.001977;34.23;6
0.001977;34.24;6
0.001977;34.24;6
0.001977;34.24;6
0.001977;34.23;6
0.001977;34.24;6
0.001977;34.23;6
0.001977;34.24;6
0.001977;34.24;6
0.001977;34.24;6
0.001977;34.24;6
0.001977;34.24;6
0.001977;34.24;6
0.001977;34.22;6
0.001977;34.27;6
0.001977;34.25;6
0.001977;34.26;6
0.001976;34.26;6
0.001976;34.25;6
0.001976;34.27;6
0.001976;34.26;6
0.001976;34.26;6
0.001976;34.26;6
0.001976;34.26;6
0.001976;34.25;6
0.001976;34.26;6
0.001976;34.26;6
0.001976;34.27;6
0.001976;34.26;6
0.001976;34.26;6
0.001976;34.26;6
0.001976;34.26;6
0.001976;34.26;6
0.001976;34.27;6
0.001976;34.26;6
0.001976;34.26;6
0.001976;34.27;6
0.001976;34.26;6
0.001976;34.26;6
0.001975;34.26;6
0.001975;34.26;6
0.001975;34.26;6
0.001975;34.26;6
0.001975;34.27;6
0.001975;34.27;6
0.001975;34.27;6
0.001975;34.26;6
0.001975;34.27;6
0.001954;34.46;6
0.001953;34.26;6
0.001953;34.26;6
0.001953;34.25;6
0.001953;34.26;6
0.001953;34.26;6
0.001953;34.26;6
0.001953;34.26;6
0.001952;34.26;6
0.001952;34.27;6
0.001952;34.26;6
0.001952;34.26;6
0.001952;34.26;6
0.001952;34.26;6
0.001952;34.26;6
0.001952;34.26;6
0.001952;34.26;6
0.001952;34.26;6
0.001951;34.26;6
0.001951;34.27;6
0.001951;34.27;6
0.001951;34.26;6
0.001951;34.26;6
0.001951;34.26;6
0.001951;34.26;6
0.001951;34.26;6
0.001951;34.26;6
0.001951;34.26;6
0.001950;34.26;6
0.001950;34.27;6
0.001950;34.26;6
0.001950;34.26;6
0.001950;34.26;6
0.001950;34.26;6
0.001950;34.26;6
0.001950;34.27;6
0.001950;34.26;6
0.001950;34.26;6
0.001950;34.26;6
0.001950;34.48;6
0.001950;34.27;6
0.001949;34.26;6
0.001949;34.26;6
0.001949;34.26;6
0.001949;34.26;6
0.001949;34.26;6
0.001949;34.27;6
0.001949;34.26;6
0.001949;34.27;6
0.001949;34.26;6
0.001956;34.47;7
0.001956;34.26;7
0.001955;34.26;7
0.001955;34.28;7
0.001955;34.26;7
0.001955;34.27;7
0.001955;34.27;7
0.001955;34.27;7
0.001955;34.26;7
0.001955;34.26;7
0.001955;34.26;7
0.001955;34.26;7
0.001955;34.26;7
0.001955;34.27;7
0.001955;34.26;7
0.001955;34.26;7
0.001955;34.26;7
0.001955;34.26;7
0.001955;34.26;7
0.001954;34.26;7
0.001954;34.28;7
0.001954;34.26;7
0.001954;34.28;7
0.001954;34.26;7
0.001954;34.27;7
0.001954;34.26;7
0.001954;34.26;7
0.001954;34.26;7
0.001954;34.26;7
0.001954;34.26;7
0.001954;34.27;7
0.001954;34.26;7
0.001954;34.27;7
0.001954;34.26;7
0.001954;34.26;7
0.001954;34.27;7
0.001954;34.26;7
0.001954;34.27;7
0.001954;34.21;7
0.001953;34.21;7
0.001953;34.23;7
0.001953;34.22;7
0.001953;34.21;7
0.001953;34.22;7
0.001953;34.21;7
0.001953;34.22;7
0.001953;34.22;7
0.001953;34.24;7
0.001953;34.23;7
0.001953;34.22;7
0.001941;34.46;7
0.001941;34.26;7
0.001941;34.26;7
0.001940;34.26;7
0.001940;34.27;7
0.001940;34.26;7
0.001940;34.27;7
0.001940;34.26;7
0.001940;34.28;7
0.001940;34.27;7
0.001940;34.27;7
0.001940;34.26;7
0.001940;34.27;7
0.001940;34.26;7
0.001940;34.26;7
0.001940;34.27;7
0.001940;34.27;7
0.001939;34.26;7
0.001939;34.27;7
0.001939;34.27;7
0.001939;34.26;7
0.001939;34.26;7
0.001939;34.27;7
0.001939;34.27;7
0.001939;34.22;7
0.001939;34.21;7
0.001939;34.21;7
0.001939;34.20;7
0.001939;34.20;7
0.001939;34.22;7
0.001939;34.22;7
0.001939;34.21;7
0.001939;34.22;7
0.001939;34.22;7
0.001938;34.21;7
0.001938;34.21;7
0.001938;34.22;7
0.001938;34.21;7
0.001938;34.21;7
0.001938;34.23;7
0.001938;34.21;7
0.001938;34.23;7
0.001938;34.24;7
0.001938;34.22;7
0.001938;34.21;7
0.001938;34.21;7
0.001938;34.22;7
0.001938;34.25;7
0.001938;34.22;7
0.001938;34.22;7
0.001949;34.47;8
0.001949;34.21;8
0.001949;34.21;8
0.001949;34.21;8
0.001949;34.22;8
0.001948;34.21;8
0.001948;34.21;8
0.001948;34.21;8
0.001948;34.21;8
0.001948;34.21;8
0.001948;34.23;8
0.001948;34.52;8
0.001948;34.44;8
0.001948;34.43;8
0.001948;34.43;8
0.001948;34.44;8
0.001948;34.48;8
0.001948;34.46;8
0.001948;34.44;8
0.001948;34.44;8
0.001948;34.43;8
0.001948;34.44;8
0.001948;34.48;8
0.001947;34.45;8
0.001947;34.44;8
0.001947;34.46;8
0.001947;34.43;8
0.001947;34.46;8
0.001947;34.45;8
0.001947;34.47;8
0.001947;34.44;8
0.001947;34.45;8
0.001947;34.46;8
0.001947;34.44;8
0.001947;34.45;8
0.001947;34.45;8
0.001947;34.43;8
0.001947;34.47;8
0.001947;34.43;8
0.001947;34.44;8
0.001947;34.44;8
0.001947;34.45;8
0.001947;34.47;8
0.001947;34.44;8
0.001947;34.45;8
0.001947;34.45;8
0.001947;34.44;8
0.001947;34.45;8
0.001946;34.46;8
0.001946;34.44;8
0.001926;34.69;8
0.001926;34.44;8
0.001926;34.50;8
0.001926;34.44;8
0.001926;34.44;8
0.001926;34.44;8
0.001926;34.46;8
0.001926;34.45;8
0.001926;34.44;8
0.001926;34.35;8
0.001926;34.22;8
0.001925;34.23;8
0.001925;34.22;8
0.001925;34.22;8
0.001925;34.23;8
0.001925;34.22;8
0.001925;34.22;8
0.001925;34.23;8
0.001925;34.23;8
0.001925;34.22;8
0.001925;34.23;8
0.001925;34.24;8
0.001925;34.24;8
0.001925;34.22;8
0.001925;34.22;8
0.001925;34.20;8
0.001925;34.28;8
0.001925;34.25;8
0.001925;34.26;8
0.001925;34.25;8
0.001925;34.27;8
0.001925;34.26;8
0.001925;34.25;8
0.001925;34.25;8
0.001924;34.25;8
0.001924;34.25;8
0.001924;34.25;8
0.001924;34.25;8
0.001924;34.25;8
0.001924;34.25;8
0.001924;34.56;8
0.001924;34.47;8
0.001924;34.48;8
0.001924;34.47;8
0.001924;34.50;8
0.001924;34.51;8
0.001924;34.43;8
0.001924;34.69;8
0.001924;36.23;8
0.001924;35.77;8
0.001938;34.99;9
0.001938;34.46;9
0.001938;34.47;9
0.001938;34.47;9
0.001938;34.46;9
0.001938;34.53;9
0.001938;34.39;9
0.001938;34.42;9
0.001937;34.48;9
0.001937;34.57;9
0.001937;34.57;9
0.001937;34.47;9
0.001937;34.61;9
0.001937;36.65;9
0.001937;36.69;9
0.001937;36.79;9
0.001937;36.77;9
0.001937;36.74;9
0.001937;36.71;9
0.001937;36.58;9
0.001937;35.54;9
0.001937;34.63;9
0.001937;34.46;9
0.001937;34.48;9
0.001937;34.45;9
0.001937;34.47;9
0.001937;34.45;9
0.001937;34.46;9
0.001937;34.46;9
0.001937;34.45;9
0.001937;34.48;9
0.001937;34.45;9
0.001937;34.45;9
0.001936;34.45;9
0.001936;34.57;9
0.001936;35.33;9
0.001936;35.47;9
0.001936;34.85;9
0.001936;35.07;9
0.001936;34.84;9
0.001936;34.41;9
0.001936;34.64;9
0.001936;34.71;9
0.001936;34.77;9
0.001936;35.53;9
0.001936;34.53;9
0.001936;34.46;9
0.001936;34.53;9
0.001936;34.65;9
0.001936;34.61;9
0.001919;35.18;9
0.001919;34.71;9
0.001919;34.62;9
0.001919;34.53;9
0.001919;34.86;9
0.001919;34.64;9
0.001918;34.72;9
0.001918;34.56;9
0.001918;34.84;9
0.001918;34.64;9
0.001918;34.66;9
0.001918;34.40;9
0.001918;34.41;9
0.001918;34.40;9
0.001918;34.40;9
0.001918;34.40;9
0.001918;34.40;9
0.001918;34.40;9
0.001918;34.40;9
0.001918;34.40;9
0.001918;34.40;9
0.001918;34.40;9
0.001918;34.40;9
0.001918;34.40;9
0.001918;34.40;9
0.001918;34.40;9
0.001918;34.41;9
0.001918;34.40;9
0.001918;34.69;9
0.001918;34.41;9
0.001918;34.40;9
0.001918;34.40;9
0.001918;34.40;9
0.001918;34.43;9
0.001918;34.40;9
0.001918;34.41;9
0.001918;34.41;9
0.001918;34.40;9
0.001918;34.43;9
0.001918;34.41;9
0.001917;34.40;9
0.001917;34.40;9
0.001917;34.41;9
0.001917;34.42;9
0.001917;34.40;9
0.001917;34.40;9
0.001917;34.41;9
0.001917;34.45;9
0.001917;34.40;9
0.001917;34.43;9
0.001931;34.61;10
0.001931;34.41;10
0.001931;34.40;10
0.001931;34.32;10
0.001930;34.23;10
0.001930;34.24;10
0.001930;34.24;10
0.001930;34.24;10
0.001930;34.25;10
0.001930;34.24;10
0.001930;34.24;10
0.001930;34.25;10
0.001930;34.24;10
0.001930;34.25;10
0.001930;34.24;10
0.001930;34.24;10
0.001930;34.24;10
0.001930;34.24;10
0.001930;34.24;10
0.001930;34.25;10
0.001930;34.24;10
0.001930;34.24;10
0.001930;34.24;10
0.001930;34.24;10
0.001930;34.24;10
0.001930;34.24;10
0.001930;34.24;10
0.001930;34.24;10
0.001930;34.24;10
0.001930;34.24;10
0.001930;34.23;10
0.001930;34.24;10
0.001930;34.24;10
0.001930;34.25;10
0.001930;34.26;10
0.001930;34.24;10
0.001929;34.24;10
0.001929;34.24;10
0.001929;34.24;10
0.001929;34.24;10
0.001929;34.25;10
0.001929;34.24;10
0.001929;34.24;10
0.001929;34.24;10
0.001929;34.25;10
0.001929;34.24;10
0.001929;34.19;10
0.001929;34.18;10
0.001929;34.18;10
0.001929;34.18;10
0.001910;34.43;10
0.001910;34.23;10
0.001910;34.23;10
0.001910;34.23;10
0.001910;34.25;10
0.001910;34.23;10
0.001910;34.23;10
0.001910;34.23;10
0.001910;34.24;10
0.001910;34.24;10
0.001910;34.23;10
0.001910;34.24;10
0.001910;34.24;10
0.001910;34.24;10
0.001909;34.24;10
0.001909;34.24;10
0.001909;34.24;10
0.001909;34.24;10
0.001909;34.24;10
0.001909;34.24;10
0.001909;34.23;10
0.001909;34.23;10
0.001909;34.23;10
0.001909;34.24;10
0.001909;34.24;10
0.001909;34.24;10
0.001909;34.24;10
0.001909;34.24;10
0.001909;34.24;10
0.001909;34.24;10
0.001909;34.25;10
0.001909;34.41;10
0.001909;34.19;10
0.001909;34.18;10
0.001909;34.18;10
0.001909;34.18;10
0.001909;34.19;10
0.001909;34.19;10
0.001909;34.18;10
0.001909;34.18;10
0.001909;34.19;10
0.001909;34.18;10
0.001909;34.19;10
0.001909;34.19;10
0.001909;34.19;10
0.001909;34.20;10
0.001909;34.20;10
0.001909;34.19;10
0.001909;34.22;10
0.001909;34.20;10
0.001923;34.44;11
0.001923;34.24;11
0.001923;34.24;11
0.001923;34.25;11
0.001922;34.25;11
0.001922;34.24;11
0.001922;34.24;11
0.001922;34.24;11
0.001922;34.24;11
0.001922;34.24;11
0.001922;34.24;11
0.001922;34.24;11
0.001922;34.24;11
0.001922;34.24;11
0.001922;34.24;11
0.001922;34.25;11
0.001922;34.24;11
0.001922;34.24;11
0.001922;34.25;11
0.001922;34.24;11
0.001922;34.21;11
0.001922;34.18;11
0.001922;34.19;11
0.001922;34.19;11
0.001922;34.19;11
0.001922;34.19;11
0.001922;34.20;11
0.001922;34.19;11
0.001922;34.18;11
0.001922;34.20;11
0.001922;34.20;11
0.001922;34.20;11
0.001922;34.21;11
0.001922;34.23;11
0.001922;34.19;11
0.001922;34.20;11
0.001922;34.20;11
0.001922;34.20;11
0.001922;34.21;11
0.001922;34.20;11
0.001921;34.20;11
0.001921;34.19;11
0.001921;34.19;11
0.001921;34.20;11
0.001921;34.20;11
0.001921;34.20;11
0.001921;34.21;11
0.001921;34.19;11
0.001921;34.19;11
0.001921;34.20;11
0.001903;34.43;11
0.001903;34.24;11
0.001903;34.23;11
0.001903;34.24;11
0.001903;34.24;11
0.001903;34.19;11
0.001903;34.18;11
0.001903;34.19;11
0.001903;34.21;11
0.001903;34.18;11
0.001903;34.19;11
0.001903;34.20;11
0.001903;34.20;11
0.001903;34.20;11
0.001903;34.19;11
0.001903;34.19;11
0.001903;34.19;11
0.001903;34.22;11
0.001903;34.20;11
0.001903;34.19;11
0.001903;34.21;11
0.001903;34.18;11
0.001903;34.19;11
0.001903;34.20;11
0.001903;34.19;11
0.001903;34.19;11
0.001903;34.21;11
0.001903;34.19;11
0.001903;34.19;11
0.001903;34.19;11
0.001902;34.19;11
0.001902;34.21;11
0.001902;34.20;11
0.001902;34.20;11
0.001902;34.37;11
0.001902;34.19;11
0.001902;34.19;11
0.001902;34.19;11
0.001902;34.19;11
0.001902;34.19;11
0.001902;34.19;11
0.001902;34.20;11
0.001902;34.19;11
0.001902;34.20;11
0.001902;34.20;11
0.001902;34.19;11
0.001902;34.20;11
0.001902;34.20;11
0.001902;34.19;11
0.001902;34.21;11
0.001923;34.44;12
0.001923;34.19;12
0.001923;34.19;12
0.001923;34.18;12
0.001923;34.21;12
0.001923;34.20;12
0.001923;34.19;12
0.001923;34.18;12
0.001923;34.19;12
0.001923;34.20;12
0.001923;34.19;12
0.001923;34.19;12
0.001923;34.19;12
0.001922;34.21;12
0.001922;34.21;12
0.001922;34.19;12
0.001922;34.22;12
0.001922;34.19;12
0.001922;34.20;12
0.001922;34.19;12
0.001922;34.19;12
0.001922;34.19;12
0.001922;34.20;12
0.001922;34.19;12
0.001922;34.20;12
0.001922;34.20;12
0.001922;34.20;12
0.001922;34.21;12
0.001922;34.19;12
0.001922;34.21;12
0.001922;34.20;12
0.001922;34.20;12
0.001922;34.19;12
0.001922;34.20;12
0.001922;34.20;12
0.001922;34.20;12
0.001922;34.22;12
0.001922;34.20;12
0.001922;34.20;12
0.001922;34.20;12
0.001922;34.20;12
0.001922;34.20;12
0.001922;34.19;12
0.001922;34.20;12
0.001922;34.19;12
0.001922;34.19;12
0.001922;34.21;12
0.001922;34.20;12
0.001922;34.20;12
0.001922;34.20;12
0.001898;34.45;12
0.001898;34.19;12
0.001898;34.19;12
0.001898;34.20;12
0.001898;34.20;12
0.001898;34.19;12
0.001898;34.20;12
0.001898;34.20;12
0.001898;34.20;12
0.001898;34.19;12
0.001898;34.19;12
0.001898;34.21;12
0.001898;34.19;12
0.001897;34.20;12
0.001898;34.19;12
0.001898;34.20;12
0.001897;34.19;12
0.001897;34.19;12
0.001897;34.19;12
0.001897;34.20;12
0.001897;34.19;12
0.001897;34.19;12
0.001897;34.20;12
0.001897;34.20;12
0.001897;34.20;12
0.001897;34.21;12
0.001897;34.22;12
0.001897;34.20;12
0.001897;34.19;12
0.001897;34.19;12
0.001897;34.20;12
0.001897;34.20;12
0.001897;34.22;12
0.001897;34.21;12
0.001897;34.21;12
0.001897;34.21;12
0.001897;34.20;12
0.001897;34.36;12
0.001897;34.20;12
0.001897;34.20;12
0.001897;34.20;12
0.001897;34.20;12
0.001897;34.20;12
0.001897;34.20;12
0.001897;34.22;12
0.001897;34.26;12
0.001897;34.20;12
0.001897;34.26;12
0.001897;34.24;12
0.001897;34.24;12
0.001914;34.46;13
0.001914;34.78;13
0.001914;35.12;13
0.001914;34.41;13
0.001914;34.41;13
0.001914;34.43;13
0.001914;34.45;13
0.001914;34.44;13
0.001914;34.41;13
0.001914;34.44;13
0.001914;34.44;13
0.001914;34.45;13
0.001914;34.45;13
0.001914;34.43;13
0.001914;34.41;13
0.001914;34.42;13
0.001914;34.41;13
0.001914;34.45;13
0.001914;34.41;13
0.001914;34.42;13
0.001914;34.43;13
0.001914;34.42;13
0.001914;34.44;13
0.001914;34.42;13
0.001914;34.43;13
0.001914;34.42;13
0.001914;34.44;13
0.001914;34.42;13
0.001914;34.45;13
0.001914;34.44;13
0.001914;34.43;13
0.001914;34.42;13
0.001914;34.43;13
0.001914;34.42;13
0.001914;34.41;13
0.001914;34.47;13
0.001914;34.46;13
0.001914;34.45;13
0.001914;34.44;13
0.001914;34.46;13
0.001914;34.44;13
0.001913;34.44;13
0.001913;34.45;13
0.001913;34.51;13
0.001913;34.45;13
0.001913;34.45;13
0.001913;34.26;13
0.001913;34.25;13
0.001913;34.25;13
0.001913;34.26;13
0.001892;34.47;13
0.001892;34.21;13
0.001892;34.21;13
0.001892;34.21;13
0.001892;34.22;13
0.001892;34.21;13
0.001892;34.21;13
0.001892;34.22;13
0.001892;34.21;13
0.001892;34.22;13
0.001892;34.22;13
0.001892;34.22;13
0.001892;34.21;13
0.001892;34.21;13
0.001892;34.22;13
0.001892;34.22;13
0.001892;34.21;13
0.001892;34.21;13
0.001891;34.22;13
0.001891;34.22;13
0.001891;34.23;13
0.001891;34.22;13
0.001891;34.22;13
0.001891;34.25;13
0.001891;34.25;13
0.001891;34.26;13
0.001891;34.27;13
0.001891;34.24;13
0.001891;34.25;13
0.001891;34.25;13
0.001891;34.26;13
0.001891;34.25;13
0.001891;34.27;13
0.001891;34.27;13
0.001891;34.26;13
0.001891;34.26;13
0.001891;34.26;13
0.001891;34.26;13
0.001891;34.26;13
0.001891;34.24;13
0.001891;34.24;13
0.001891;34.24;13
0.001891;34.24;13
0.001891;34.94;13
0.001891;34.51;13
0.001891;34.44;13
0.001891;34.45;13
0.001891;34.44;13
0.001891;34.46;13
0.001891;34.44;13
0.001912;34.66;14
0.001912;34.41;14
0.001912;34.43;14
0.001912;34.47;14
0.001912;34.41;14
0.001912;34.42;14
0.001912;34.43;14
0.001912;34.42;14
0.001912;34.45;14
0.001912;34.44;14
0.001912;34.42;14
0.001912;34.41;14
0.001912;34.46;14
0.001912;34.47;14
0.001912;34.44;14
0.001912;34.45;14
0.001912;34.45;14
0.001912;34.45;14
0.001912;34.47;14
0.001912;34.44;14
0.001912;34.47;14
0.001912;34.45;14
0.001912;34.44;14
0.001912;34.45;14
0.001912;34.45;14
0.001912;34.45;14
0.001912;34.44;14
0.001912;34.46;14
0.001912;34.45;14
0.001912;34.45;14
0.001912;34.45;14
0.001912;34.45;14
0.001912;34.45;14
0.001912;34.45;14
0.001912;34.45;14
0.001912;34.45;14
0.001912;34.37;14
0.001912;34.26;14
0.001912;34.25;14
0.001912;34.25;14
0.001912;34.25;14
0.001912;34.25;14
0.001912;34.25;14
0.001911;34.25;14
0.001911;34.26;14
0.001911;34.25;14
0.001911;34.25;14
0.001911;34.26;14
0.001911;34.25;14
0.001911;34.25;14
0.001893;34.45;14
0.001893;34.25;14
0.001893;34.24;14
0.001893;34.25;14
0.001893;34.25;14
0.001893;34.25;14
0.001892;34.25;14
0.001892;34.25;14
0.001892;34.25;14
0.001892;34.25;14
0.001892;34.25;14
0.001892;34.25;14
0.001892;34.27;14
0.001892;34.26;14
0.001892;34.25;14
0.001892;34.25;14
0.001892;34.25;14
0.001892;34.25;14
0.001892;34.25;14
0.001892;34.25;14
0.001892;34.25;14
0.001892;34.26;14
0.001892;34.25;14
0.001892;34.26;14
0.001892;34.26;14
0.001892;34.25;14
0.001892;34.25;14
0.001892;34.27;14
0.001891;34.25;14
0.001891;34.25;14
0.001891;34.25;14
0.001891;34.25;14
0.001891;34.25;14
0.001891;34.26;14
0.001891;34.26;14
0.001891;34.25;14
0.001891;34.26;14
0.001891;34.26;14
0.001891;34.25;14
0.001891;34.25;14
0.001891;34.26;14
0.001891;34.25;14
0.001891;34.26;14
0.001891;34.25;14
0.001891;34.25;14
0.001891;34.25;14
0.001891;34.39;14
0.001890;34.26;14
0.001890;34.25;14
0.001890;34.26;14
0.001913;34.46;15
0.001913;34.25;15
0.001913;34.25;15
0.001913;34.25;15
0.001913;34.26;15
0.001912;34.25;15
0.001912;34.26;15
0.001912;34.26;15
0.001912;34.25;15
0.001912;34.25;15
0.001912;34.25;15
0.001912;34.25;15
0.001912;34.25;15
0.001912;34.26;15
0.001912;34.25;15
0.001912;34.25;15
0.001912;34.26;15
0.001912;34.26;15
0.001912;34.25;15
0.001912;34.25;15
0.001912;34.26;15
0.001912;34.25;15
0.001912;34.27;15
0.001912;34.25;15
0.001912;34.26;15
0.001912;34.27;15
0.001912;34.27;15
0.001912;34.26;15
0.001912;34.27;15
0.001912;34.26;15
0.001912;34.26;15
0.001912;34.26;15
0.001912;34.26;15
0.001912;34.25;15
0.001912;34.26;15
0.001912;34.26;15
0.001912;34.21;15
0.001912;34.20;15
0.001912;34.21;15
0.001912;34.20;15
0.001912;34.20;15
0.001912;34.20;15
0.001912;34.20;15
0.001912;34.20;15
0.001912;34.20;15
0.001912;34.24;15
0.001912;34.21;15
0.001912;34.22;15
0.001912;34.22;15
0.001912;34.23;15
0.001885;34.45;15
0.001885;34.26;15
0.001885;34.26;15
0.001885;34.25;15
0.001885;34.25;15
0.001885;34.26;15
0.001885;34.26;15
0.001885;34.25;15
0.001885;34.25;15
0.001885;34.25;15
0.001885;34.25;15
0.001884;34.26;15
0.001884;34.26;15
0.001884;34.25;15
0.001884;34.25;15
0.001884;34.25;15
0.001884;34.25;15
0.001884;34.25;15
0.001884;34.26;15
0.001884;34.25;15
0.001884;34.26;15
0.001884;34.27;15
0.001884;34.22;15
0.001884;34.20;15
0.001884;34.21;15
0.001884;34.21;15
0.001884;34.21;15
0.001884;34.20;15
0.001883;34.22;15
0.001883;34.20;15
0.001883;34.20;15
0.001883;34.23;15
0.001883;34.20;15
0.001883;34.21;15
0.001883;34.21;15
0.001883;34.20;15
0.001883;34.20;15
0.001883;34.21;15
0.001883;34.21;15
0.001883;34.21;15
0.001883;34.22;15
0.001883;34.22;15
0.001883;34.20;15
0.001883;34.20;15
0.001882;34.20;15
0.001882;34.21;15
0.001882;34.21;15
0.001882;34.21;15
0.001882;34.21;15
0.001882;34.36;15
0.001906;34.45;16
0.001906;34.26;16
0.001906;34.26;16
0.001906;34.26;16
0.001906;34.26;16
0.001906;34.25;16
0.001906;34.26;16
0.001906;34.26;16
0.001906;34.26;16
0.001906;34.22;16
0.001906;34.21;16
0.001906;34.21;16
0.001906;34.20;16
0.001906;34.21;16
0.001906;34.21;16
0.001906;34.22;16
0.001906;34.22;16
0.001906;34.22;16
0.001906;34.21;16
0.001906;34.22;16
0.001906;34.22;16
0.001905;34.22;16
0.001905;34.21;16
0.001905;34.20;16
0.001905;34.21;16
0.001905;34.21;16
0.001905;34.21;16
0.001905;34.20;16
0.001905;34.21;16
0.001905;34.20;16
0.001905;34.20;16
0.001905;34.21;16
0.001905;34.20;16
0.001905;34.21;16
0.001905;34.21;16
0.001905;34.21;16
0.001905;34.21;16
0.001905;34.21;16
0.001905;34.21;16
0.001905;34.21;16
0.001905;34.21;16
0.001905;34.21;16
0.001905;34.21;16
0.001905;34.23;16
0.001905;34.21;16
0.001905;34.21;16
0.001905;34.21;16
0.001905;34.22;16
0.001905;34.22;16
0.001905;34.21;16
0.001883;34.46;16
0.001883;34.20;16
0.001883;34.20;16
0.001883;34.22;16
0.001883;34.20;16
0.001883;34.20;16
0.001882;34.20;16
0.001882;34.20;16
0.001882;34.20;16
0.001882;34.20;16
0.001882;34.20;16
0.001882;34.20;16
0.001882;34.21;16
0.001882;34.20;16
0.001882;34.20;16
0.001882;34.21;16
0.001882;34.22;16
0.001882;34.21;16
0.001882;34.21;16
0.001882;34.20;16
0.001881;34.20;16
0.001881;34.21;16
0.001881;34.20;16
0.001881;34.21;16
0.001881;34.21;16
0.001881;34.20;16
0.001881;34.20;16
0.001881;34.22;16
0.001881;34.21;16
0.001881;34.21;16
0.001881;34.22;16
0.001881;34.20;16
0.001881;34.21;16
0.001881;34.21;16
0.001881;34.21;16
0.001881;34.21;16
0.001881;34.22;16
0.001880;34.21;16
0.001880;34.23;16
0.001880;34.23;16
0.001880;34.23;16
0.001880;34.22;16
0.001880;34.22;16
0.001880;34.22;16
0.001880;34.22;16
0.001880;34.23;16
0.001880;34.22;16
0.001880;34.22;16
0.001880;34.21;16
0.001880;34.22;16
0.001906;34.46;17
0.001906;34.37;17
0.001905;34.23;17
0.001906;34.21;17
0.001905;34.22;17
0.001905;34.21;17
0.001905;34.22;17
0.001905;34.23;17
0.001905;34.21;17
0.001905;34.24;17
0.001905;34.23;17
0.001905;34.22;17
0.001905;34.23;17
0.001905;34.23;17
0.001905;34.22;17
0.001905;34.23;17
0.001905;34.24;17
0.001905;34.22;17
0.001905;34.21;17
0.001905;34.21;17
0.001905;34.21;17
0.001905;34.22;17
0.001905;34.22;17
0.001905;34.23;17
0.001905;34.21;17
0.001905;34.20;17
0.001905;34.27;17
0.001905;34.25;17
0.001905;34.24;17
0.001905;34.24;17
0.001905;34.24;17
0.001905;34.24;17
0.001905;34.24;17
0.001905;34.25;17
0.001905;34.25;17
0.001905;34.25;17
0.001905;34.25;17
0.001905;34.25;17
0.001905;34.25;17
0.001905;34.25;17
0.001905;34.25;17
0.001905;34.25;17
0.001905;34.25;17
0.001905;34.25;17
0.001905;34.25;17
0.001905;34.26;17
0.001905;34.25;17
0.001905;34.25;17
0.001905;34.26;17
0.001905;34.25;17
0.001879;34.46;17
0.001879;34.21;17
0.001879;34.22;17
0.001879;34.23;17
0.001879;34.22;17
0.001879;34.24;17
0.001879;34.24;17
0.001879;34.22;17
0.001879;34.23;17
0.001879;34.21;17
0.001879;34.23;17
0.001879;34.23;17
0.001879;34.21;17
0.001878;34.27;17
0.001878;34.25;17
0.001878;34.25;17
0.001878;34.25;17
0.001878;34.25;17
0.001878;34.25;17
0.001878;34.25;17
0.001878;34.25;17
0.001878;34.25;17
0.001878;34.24;17
0.001878;34.25;17
0.001878;34.25;17
0.001878;34.25;17
0.001878;34.26;17
0.001878;34.24;17
0.001878;34.25;17
0.001878;34.25;17
0.001877;34.24;17
0.001877;34.24;17
0.001877;34.25;17
0.001877;34.26;17
0.001877;34.25;17
0.001877;34.25;17
0.001877;34.25;17
0.001877;34.25;17
0.001877;34.26;17
0.001877;34.25;17
0.001877;34.26;17
0.001877;34.25;17
0.001877;34.25;17
0.001877;34.25;17
0.001877;34.26;17
0.001877;34.25;17
0.001877;34.25;17
0.001877;34.25;17
0.001877;34.25;17
0.001877;34.25;17
0.001910;34.41;18
0.001910;34.23;18
0.001910;34.21;18
0.001910;34.27;18
0.001909;34.40;18
0.001909;34.24;18
0.001909;34.24;18
0.001909;34.25;18
0.001909;34.24;18
0.001909;34.25;18
0.001909;34.26;18
0.001909;34.25;18
0.001909;34.25;18
0.001909;34.25;18
0.001909;34.25;18
0.001909;34.25;18
0.001909;34.26;18
0.001909;34.25;18
0.001909;34.25;18
0.001909;34.26;18
0.001909;34.25;18
0.001909;34.24;18
0.001909;34.27;18
0.001909;34.25;18
0.001909;34.26;18
0.001909;34.25;18
0.001909;34.25;18
0.001909;34.27;18
0.001909;34.25;18
0.001909;34.25;18
0.001909;34.26;18
0.001909;34.25;18
0.001909;34.25;18
0.001909;34.26;18
0.001909;34.25;18
0.001909;34.26;18
0.001909;34.26;18
0.001909;34.25;18
0.001909;34.25;18
0.001909;34.25;18
0.001909;34.25;18
0.001909;34.25;18
0.001909;34.26;18
0.001909;34.25;18
0.001909;34.25;18
0.001909;34.26;18
0.001909;34.25;18
0.001909;34.26;18
0.001909;34.26;18
0.001909;34.26;18
0.001874;34.45;18
0.001874;34.24;18
0.001874;34.25;18
0.001874;34.24;18
0.001874;34.25;18
0.001874;34.25;18
0.001874;34.26;18
0.001874;34.24;18
0.001874;34.26;18
0.001874;34.25;18
0.001873;34.25;18
0.001873;34.25;18
0.001873;34.25;18
0.001873;34.25;18
0.001873;34.24;18
0.001873;34.25;18
0.001873;34.25;18
0.001873;34.25;18
0.001873;34.25;18
0.001873;34.25;18
0.001873;34.25;18
0.001873;34.25;18
0.001873;34.25;18
0.001873;34.25;18
0.001873;34.25;18
0.001873;34.25;18
0.001873;34.25;18
0.001873;34.25;18
0.001873;34.25;18
0.001873;34.25;18
0.001873;34.25;18
0.001873;34.25;18
0.001873;34.25;18
0.001873;34.25;18
0.001873;34.25;18
0.001873;34.25;18
0.001873;34.25;18
0.001873;34.25;18
0.001873;34.25;18
0.001872;34.25;18
0.001872;34.26;18
0.001872;34.25;18
0.001872;34.25;18
0.001872;34.25;18
0.001872;34.25;18
0.001872;34.25;18
0.001872;34.25;18
0.001872;34.25;18
0.001872;34.25;18
0.001872;34.25;18
0.001902;34.45;19
0.001902;34.25;19
0.001902;34.25;19
0.001902;34.25;19
0.001902;34.25;19
0.001902;34.25;19
0.001902;34.25;19
0.001902;34.39;19
0.001902;34.25;19
0.001902;34.25;19
0.001902;34.28;19
0.001902;34.26;19
0.001902;34.25;19
0.001902;34.26;19
0.001902;34.25;19
0.001902;34.25;19
0.001902;34.26;19
0.001902;34.25;19
0.001902;34.25;19
0.001902;34.26;19
0.001902;34.25;19
0.001902;34.26;19
0.001902;34.28;19
0.001902;34.26;19
0.001902;34.26;19
0.001902;34.26;19
0.001902;34.26;19
0.001902;34.27;19
0.001902;34.26;19
0.001902;34.26;19
0.001902;34.25;19
0.001902;34.25;19
0.001902;34.25;19
0.001902;34.25;19
0.001902;34.26;19
0.001902;34.26;19
0.001902;34.26;19
0.001901;34.26;19
0.001901;34.21;19
0.001901;34.19;19
0.001901;34.20;19
0.001901;34.20;19
0.001901;34.20;19
0.001901;34.19;19
0.001901;34.20;19
0.001901;34.20;19
0.001901;34.20;19
0.001901;34.20;19
0.001901;34.20;19
0.001901;34.20;19
0.001874;34.45;19
0.001874;34.26;19
0.001874;34.25;19
0.001874;34.26;19
0.001874;34.26;19
0.001874;34.26;19
0.001874;34.25;19
0.001874;34.27;19
0.001874;34.26;19
0.001874;34.25;19
0.001874;34.26;19
0.001874;34.26;19
0.001874;34.25;19
0.001874;34.26;19
0.001874;34.26;19
0.001873;34.26;19
0.001873;34.27;19
0.001873;34.25;19
0.001873;34.26;19
0.001873;34.26;19
0.001873;34.26;19
0.001873;34.25;19
0.001873;34.26;19
0.001873;34.26;19
0.001873;34.21;19
0.001873;34.21;19
0.001873;34.20;19
0.001873;34.21;19
0.001873;34.22;19
0.001873;34.20;19
0.001873;34.20;19
0.001873;34.21;19
0.001873;34.20;19
0.001873;34.21;19
0.001873;34.21;19
0.001873;34.20;19
0.001873;34.20;19
0.001873;34.21;19
0.001873;34.21;19
0.001873;34.21;19
0.001873;34.21;19
0.001873;34.23;19
0.001873;34.20;19
0.001873;34.23;19
0.001873;34.22;19
0.001873;34.21;19
0.001873;34.22;19
0.001873;34.21;19
0.001873;34.20;19
0.001873;34.22;19
