loss;elapsed_time;iteration
0.068470;31.91;0
0.021771;30.96;0
0.009544;30.80;0
0.007402;30.94;0
0.006428;30.85;0
0.005848;30.79;0
0.005407;30.92;0
0.005025;30.75;0
0.004683;31.04;0
0.004377;30.92;0
0.004106;31.21;0
0.003869;30.50;0
0.003663;30.50;0
0.003486;30.33;0
0.003337;30.37;0
0.003211;30.58;0
0.003105;30.68;0
0.003014;30.33;0
0.002935;29.94;0
0.002866;29.91;0
0.002804;29.69;0
0.002748;29.40;0
0.002698;29.16;0
0.002652;29.02;0
0.002610;29.00;0
0.002572;29.04;0
0.002536;28.85;0
0.002503;29.09;0
0.002472;28.97;0
0.002444;29.01;0
0.002417;29.06;0
0.002391;29.10;0
0.002367;29.01;0
0.002345;29.03;0
0.002324;29.28;0
0.002303;29.26;0
0.002284;29.32;0
0.002267;29.26;0
0.002250;29.26;0
0.002234;29.33;0
0.002219;29.23;0
0.002204;29.26;0
0.002191;29.29;0
0.002179;29.39;0
0.002167;29.38;0
0.002156;29.77;0
0.002145;29.36;0
0.002135;29.91;0
0.002126;29.36;0
0.002117;29.95;0
0.002109;29.35;0
0.002101;29.95;0
0.002093;29.22;0
0.002086;29.87;0
0.002080;29.38;0
0.002074;29.42;0
0.002068;29.46;0
0.002062;29.23;0
0.002057;28.85;0
0.002052;28.95;0
0.002047;29.06;0
0.002042;29.04;0
0.002038;28.96;0
0.002034;28.97;0
0.002030;28.95;0
0.002026;29.31;0
0.002023;29.01;0
0.002020;29.28;0
0.002017;28.98;0
0.002014;29.41;0
0.002012;29.19;0
0.002010;29.17;0
0.002008;29.28;0
0.002006;29.28;0
0.002004;29.24;0
0.002003;29.80;0
0.002001;29.35;0
0.002000;29.19;0
0.001998;29.38;0
0.001997;29.22;0
0.001996;29.30;0
0.001995;29.27;0
0.001994;29.24;0
0.001992;29.30;0
0.001991;29.27;0
0.001990;29.18;0
0.001990;29.26;0
0.001989;29.21;0
0.001988;29.21;0
0.001987;29.19;0
0.001986;29.39;0
0.001986;29.18;0
0.001985;29.34;0
0.001984;29.37;0
0.001984;29.39;0
0.001983;29.43;0
0.001983;29.47;0
0.001982;29.42;0
0.001981;29.26;0
0.001981;29.23;0
0.015120;29.90;1
0.007887;30.13;1
0.005372;30.15;1
0.004336;29.93;1
0.003796;29.77;1
0.003443;29.75;1
0.003189;29.67;1
0.003000;29.67;1
0.002855;29.70;1
0.002741;29.66;1
0.002650;29.65;1
0.002575;29.70;1
0.002512;29.63;1
0.002459;29.53;1
0.002412;29.60;1
0.002372;29.53;1
0.002336;29.57;1
0.002304;29.61;1
0.002275;29.73;1
0.002249;29.57;1
0.002225;29.66;1
0.002204;29.96;1
0.002184;30.30;1
0.002166;30.06;1
0.002150;29.44;1
0.002136;29.54;1
0.002122;30.23;1
0.002110;30.24;1
0.002099;29.36;1
0.002089;29.45;1
0.002080;29.26;1
0.002071;29.34;1
0.002063;29.27;1
0.002056;29.41;1
0.002049;29.36;1
0.002043;29.36;1
0.002038;29.33;1
0.002032;30.10;1
0.002028;30.20;1
0.002023;30.25;1
0.002019;30.11;1
0.002015;30.20;1
0.002012;30.22;1
0.002008;30.23;1
0.002005;30.10;1
0.002002;29.85;1
0.002000;30.17;1
0.001997;29.66;1
0.001995;29.78;1
0.001993;29.68;1
0.002074;29.56;1
0.002069;29.53;1
0.002066;29.67;1
0.002064;29.64;1
0.002062;29.54;1
0.002060;29.59;1
0.002058;29.54;1
0.002057;29.52;1
0.002055;29.58;1
0.002054;29.71;1
0.002053;29.45;1
0.002052;29.47;1
0.002051;29.42;1
0.002050;29.32;1
0.002050;29.32;1
0.002049;29.59;1
0.002048;30.07;1
0.002048;29.68;1
0.002047;30.22;1
0.002047;29.39;1
0.002046;30.04;1
0.002046;29.57;1
0.002046;29.91;1
0.002045;29.36;1
0.002045;29.73;1
0.002044;29.42;1
0.002044;29.53;1
0.002044;29.76;1
0.002043;29.50;1
0.002043;29.64;1
0.002043;29.73;1
0.002043;29.64;1
0.002042;29.31;1
0.002042;29.57;1
0.002042;29.99;1
0.002041;30.06;1
0.002041;29.56;1
0.002041;29.23;1
0.002041;29.27;1
0.002041;29.26;1
0.002040;29.25;1
0.002040;29.21;1
0.002040;29.29;1
0.002040;29.32;1
0.002040;29.40;1
0.002039;29.36;1
0.002039;29.36;1
0.002039;29.38;1
0.002039;29.30;1
0.002039;29.31;1
0.001931;29.17;2
0.001923;29.53;2
0.001918;29.33;2
0.001914;29.33;2
0.001910;29.27;2
0.001907;29.57;2
0.001904;29.24;2
0.001901;29.63;2
0.001899;29.22;2
0.001897;29.41;2
0.001895;29.35;2
0.001893;29.42;2
0.001891;29.40;2
0.001889;29.63;2
0.001888;29.72;2
0.001886;29.83;2
0.001885;29.88;2
0.001884;29.91;2
0.001883;29.77;2
0.001882;29.91;2
0.001881;29.84;2
0.001880;29.81;2
0.001879;29.72;2
0.001878;29.85;2
0.001877;29.78;2
0.001876;29.83;2
0.001876;29.97;2
0.001875;30.02;2
0.001874;30.02;2
0.001873;29.93;2
0.001873;29.91;2
0.001872;29.77;2
0.001872;29.64;2
0.001871;29.64;2
0.001870;29.72;2
0.001870;29.74;2
0.001869;29.67;2
0.001869;29.72;2
0.001868;29.73;2
0.001868;29.69;2
0.001867;29.77;2
0.001867;29.67;2
0.001866;29.60;2
0.001866;29.81;2
0.001865;29.68;2
0.001865;29.43;2
0.001864;29.15;2
0.001864;29.14;2
0.001863;29.12;2
0.001863;29.22;2
0.001968;29.09;2
0.001965;29.24;2
0.001964;29.24;2
0.001963;29.33;2
0.001963;29.13;2
0.001962;29.20;2
0.001962;29.17;2
0.001961;29.11;2
0.001961;29.24;2
0.001961;29.15;2
0.001961;29.18;2
0.001961;29.39;2
0.001960;29.27;2
0.001960;29.13;2
0.001960;29.20;2
0.001960;29.18;2
0.001960;29.28;2
0.001960;29.24;2
0.001960;29.29;2
0.001959;29.17;2
0.001959;29.27;2
0.001959;30.11;2
0.001959;30.39;2
0.001959;29.92;2
0.001959;30.33;2
0.001959;30.01;2
0.001959;29.57;2
0.001958;29.52;2
0.001958;29.44;2
0.001958;29.54;2
0.001958;29.47;2
0.001958;29.51;2
0.001958;29.52;2
0.001958;29.45;2
0.001958;29.49;2
0.001958;29.38;2
0.001958;29.52;2
0.001958;29.70;2
0.001958;30.60;2
0.001957;30.00;2
0.001957;30.65;2
0.001957;30.06;2
0.001957;30.57;2
0.001957;30.01;2
0.001957;30.70;2
0.001957;29.91;2
0.001957;30.57;2
0.001957;29.95;2
0.001957;29.74;2
0.001957;29.70;2
0.001852;29.32;3
0.001850;29.45;3
0.001849;29.34;3
0.001848;29.45;3
0.001848;29.50;3
0.001847;29.50;3
0.001847;29.52;3
0.001846;29.40;3
0.001846;29.42;3
0.001845;29.47;3
0.001845;29.30;3
0.001844;29.38;3
0.001844;29.39;3
0.001844;29.37;3
0.001843;29.44;3
0.001843;29.67;3
0.001843;29.69;3
0.001842;29.34;3
0.001842;29.33;3
0.001842;29.50;3
0.001841;29.35;3
0.001841;29.41;3
0.001841;29.65;3
0.001840;29.38;3
0.001840;29.47;3
0.001840;29.40;3
0.001840;29.75;3
0.001839;29.50;3
0.001839;29.49;3
0.001839;29.50;3
0.001839;29.40;3
0.001838;29.64;3
0.001838;29.38;3
0.001838;29.70;3
0.001838;29.34;3
0.001837;29.72;3
0.001837;29.23;3
0.001837;29.23;3
0.001837;28.78;3
0.001836;28.72;3
0.001836;28.81;3
0.001836;28.75;3
0.001836;28.81;3
0.001835;28.86;3
0.001835;28.75;3
0.001835;28.76;3
0.001835;28.73;3
0.001835;28.84;3
0.001834;28.82;3
0.001834;28.76;3
0.001878;29.42;3
0.001878;29.63;3
0.001877;29.75;3
0.001877;29.68;3
0.001877;29.29;3
0.001877;29.21;3
0.001877;29.44;3
0.001877;29.44;3
0.001877;29.35;3
0.001877;29.53;3
0.001877;29.44;3
0.001877;29.54;3
0.001877;29.28;3
0.001877;29.34;3
0.001877;29.29;3
0.001877;29.29;3
0.001877;29.15;3
0.001877;29.21;3
0.001876;29.17;3
0.001876;29.22;3
0.001876;29.19;3
0.001876;29.25;3
0.001876;29.22;3
0.001876;29.26;3
0.001876;29.21;3
0.001876;29.25;3
0.001876;29.18;3
0.001876;29.28;3
0.001876;29.38;3
0.001876;29.30;3
0.001876;29.62;3
0.001875;29.56;3
0.001875;30.07;3
0.001875;29.86;3
0.001875;29.56;3
0.001875;29.68;3
0.001875;29.65;3
0.001875;29.55;3
0.001875;29.71;3
0.001875;30.24;3
0.001875;30.32;3
0.001875;30.07;3
0.001875;30.20;3
0.001875;29.95;3
0.001875;30.21;3
0.001874;30.05;3
0.001874;30.08;3
0.001874;30.13;3
0.001874;29.75;3
0.001874;30.08;3
0.001846;29.87;4
0.001845;29.68;4
0.001845;29.84;4
0.001845;29.91;4
0.001845;29.79;4
0.001845;29.81;4
0.001844;29.73;4
0.001844;29.58;4
0.001844;29.64;4
0.001844;30.17;4
0.001844;30.20;4
0.001844;30.25;4
0.001844;30.02;4
0.001844;30.07;4
0.001844;30.07;4
0.001843;30.42;4
0.001843;30.31;4
0.001843;30.11;4
0.001843;30.01;4
0.001843;29.71;4
0.001843;29.94;4
0.001843;30.00;4
0.001843;30.06;4
0.001842;30.13;4
0.001842;30.34;4
0.001842;30.09;4
0.001842;30.12;4
0.001842;29.98;4
0.001842;30.08;4
0.001842;30.21;4
0.001842;30.02;4
0.001842;30.05;4
0.001841;30.12;4
0.001841;30.02;4
0.001841;30.08;4
0.001841;30.08;4
0.001841;30.30;4
0.001841;30.03;4
0.001841;29.95;4
0.001841;29.65;4
0.001841;29.62;4
0.001840;29.64;4
0.001840;29.61;4
0.001840;29.59;4
0.001840;29.64;4
0.001840;29.70;4
0.001840;29.73;4
0.001840;29.79;4
0.001840;29.73;4
0.001840;29.84;4
0.001891;29.83;4
0.001889;29.69;4
0.001888;29.63;4
0.001887;29.72;4
0.001887;29.71;4
0.001886;29.81;4
0.001886;29.79;4
0.001886;29.85;4
0.001885;29.80;4
0.001885;29.69;4
0.001885;29.94;4
0.001885;30.13;4
0.001885;29.93;4
0.001885;30.05;4
0.001885;30.01;4
0.001885;30.00;4
0.001885;29.96;4
0.001884;29.97;4
0.001884;30.01;4
0.001884;30.09;4
0.001884;29.98;4
0.001884;29.93;4
0.001884;29.62;4
0.001884;29.50;4
0.001884;29.53;4
0.001884;29.49;4
0.001884;29.65;4
0.001884;29.57;4
0.001884;29.62;4
0.001884;29.57;4
0.001884;29.44;4
0.001884;29.60;4
0.001884;29.42;4
0.001883;29.54;4
0.001883;29.59;4
0.001883;29.44;4
0.001883;29.50;4
0.001883;29.52;4
0.001883;29.73;4
0.001883;29.54;4
0.001883;29.51;4
0.001883;29.52;4
0.001883;29.46;4
0.001883;29.39;4
0.001883;29.53;4
0.001883;29.49;4
0.001883;29.68;4
0.001883;29.45;4
0.001883;29.44;4
0.001883;29.42;4
0.001758;29.14;5
0.001757;29.30;5
0.001756;29.32;5
0.001755;29.36;5
0.001755;29.23;5
0.001754;29.26;5
0.001754;29.36;5
0.001754;29.32;5
0.001753;29.36;5
0.001753;29.58;5
0.001753;29.40;5
0.001752;29.40;5
0.001752;29.47;5
0.001752;29.45;5
0.001751;29.93;5
0.001751;30.23;5
0.001751;30.23;5
0.001751;29.57;5
0.001751;29.52;5
0.001750;30.00;5
0.001750;30.22;5
0.001750;30.00;5
0.001750;29.98;5
0.001750;30.20;5
0.001749;30.15;5
0.001749;30.07;5
0.001749;30.18;5
0.001749;31.21;5
0.001749;31.40;5
0.001749;29.34;5
0.001748;29.88;5
0.001748;29.49;5
0.001748;29.88;5
0.001748;29.40;5
0.001748;30.59;5
0.001748;30.14;5
0.001748;30.53;5
0.001747;29.44;5
0.001747;30.59;5
0.001747;30.22;5
0.001747;30.13;5
0.001747;30.17;5
0.001747;30.22;5
0.001747;30.11;5
0.001747;30.12;5
0.001746;30.17;5
0.001746;29.93;5
0.001746;29.36;5
0.001746;29.30;5
0.001746;29.40;5
0.001884;29.20;5
0.001882;29.25;5
0.001881;29.23;5
0.001880;29.51;5
0.001880;29.26;5
0.001879;29.32;5
0.001879;29.27;5
0.001879;29.35;5
0.001879;30.08;5
0.001878;29.64;5
0.001878;30.19;5
0.001878;29.77;5
0.001878;29.28;5
0.001878;29.38;5
0.001878;30.08;5
0.001878;30.13;5
0.001878;30.09;5
0.001878;30.27;5
0.001878;29.47;5
0.001878;29.33;5
0.001877;29.29;5
0.001877;29.81;5
0.001877;30.11;5
0.001877;30.12;5
0.001877;29.21;5
0.001877;29.36;5
0.001877;29.29;5
0.001877;29.47;5
0.001877;29.38;5
0.001877;29.24;5
0.001877;29.30;5
0.001877;29.31;5
0.001877;29.27;5
0.001877;29.26;5
0.001877;29.35;5
0.001877;29.39;5
0.001877;29.34;5
0.001877;29.34;5
0.001877;29.38;5
0.001877;29.29;5
0.001876;29.41;5
0.001876;29.29;5
0.001876;29.32;5
0.001876;29.34;5
0.001876;29.28;5
0.001876;29.40;5
0.001876;29.30;5
0.001876;29.30;5
0.001876;29.35;5
0.001876;29.33;5
0.001725;29.27;6
0.001724;29.32;6
0.001724;29.26;6
0.001723;29.31;6
0.001723;29.26;6
0.001722;29.33;6
0.001722;29.31;6
0.001722;29.26;6
0.001721;29.41;6
0.001721;29.47;6
0.001721;29.36;6
0.001721;29.38;6
0.001721;29.30;6
0.001721;29.35;6
0.001720;29.36;6
0.001720;29.32;6
0.001720;29.31;6
0.001720;29.31;6
0.001720;29.21;6
0.001720;29.38;6
0.001720;29.42;6
0.001720;29.21;6
0.001720;29.29;6
0.001719;29.41;6
0.001719;29.44;6
0.001719;29.43;6
0.001719;29.37;6
0.001719;29.35;6
0.001719;29.37;6
0.001719;29.47;6
0.001719;29.33;6
0.001719;29.37;6
0.001719;29.35;6
0.001719;29.32;6
0.001719;29.33;6
0.001718;29.36;6
0.001718;29.33;6
0.001718;29.45;6
0.001718;29.41;6
0.001718;29.29;6
0.001718;29.28;6
0.001718;29.32;6
0.001718;29.29;6
0.001718;29.43;6
0.001718;29.43;6
0.001718;29.41;6
0.001718;29.35;6
0.001718;29.33;6
0.001718;29.34;6
0.001718;29.32;6
0.001904;29.19;6
0.001902;29.34;6
0.001900;30.04;6
0.001899;29.41;6
0.001899;29.93;6
0.001898;29.41;6
0.001898;29.97;6
0.001897;29.47;6
0.001897;30.11;6
0.001897;29.51;6
0.001896;29.96;6
0.001896;29.56;6
0.001896;29.57;6
0.001896;29.65;6
0.001895;29.38;6
0.001895;29.42;6
0.001895;29.45;6
0.001895;29.44;6
0.001895;29.50;6
0.001894;29.55;6
0.001894;29.64;6
0.001894;29.77;6
0.001894;29.48;6
0.001894;29.37;6
0.001894;29.46;6
0.001894;29.48;6
0.001894;29.31;6
0.001894;29.35;6
0.001893;29.42;6
0.001893;29.47;6
0.001893;29.42;6
0.001893;29.29;6
0.001893;29.39;6
0.001893;29.27;6
0.001893;29.36;6
0.001893;30.20;6
0.001893;30.13;6
0.001893;30.18;6
0.001892;29.94;6
0.001892;29.86;6
0.001892;30.15;6
0.001892;29.87;6
0.001892;29.37;6
0.001892;29.34;6
0.001892;29.31;6
0.001892;29.35;6
0.001892;29.61;6
0.001892;29.26;6
0.001892;29.71;6
0.001892;30.21;6
0.001745;29.45;7
0.001745;29.31;7
0.001745;29.39;7
0.001745;29.42;7
0.001745;29.38;7
0.001745;29.58;7
0.001745;29.67;7
0.001744;29.61;7
0.001744;30.30;7
0.001744;30.25;7
0.001744;30.25;7
0.001744;29.42;7
0.001744;29.50;7
0.001744;30.11;7
0.001744;29.47;7
0.001744;29.29;7
0.001744;29.35;7
0.001744;29.43;7
0.001744;29.37;7
0.001743;29.43;7
0.001743;29.40;7
0.001743;29.34;7
0.001743;29.32;7
0.001743;29.71;7
0.001743;29.31;7
0.001743;29.44;7
0.001743;29.38;7
0.001743;29.35;7
0.001743;29.35;7
0.001743;29.49;7
0.001743;29.39;7
0.001743;29.44;7
0.001743;29.33;7
0.001743;29.29;7
0.001743;29.31;7
0.001743;29.31;7
0.001743;29.28;7
0.001743;29.35;7
0.001743;29.95;7
0.001743;30.26;7
0.001742;29.28;7
0.001742;29.31;7
0.001742;29.29;7
0.001742;29.34;7
0.001742;29.38;7
0.001742;29.38;7
0.001742;30.10;7
0.001742;30.21;7
0.001742;30.25;7
0.001742;29.48;7
0.002006;29.92;7
0.002003;30.37;7
0.002002;30.23;7
0.002002;29.53;7
0.002001;29.48;7
0.002001;29.48;7
0.002001;29.52;7
0.002001;29.44;7
0.002001;29.74;7
0.002002;29.85;7
0.002002;29.75;7
0.002002;29.83;7
0.002001;29.73;7
0.002001;29.76;7
0.002001;29.74;7
0.002000;29.58;7
0.002000;29.48;7
0.001999;29.63;7
0.001998;29.30;7
0.001997;29.46;7
0.001996;29.59;7
0.001996;29.59;7
0.001995;29.40;7
0.001995;30.78;7
0.001995;29.61;7
0.001994;30.24;7
0.001994;29.75;7
0.001994;30.47;7
0.001994;29.84;7
0.001993;30.52;7
0.001993;30.09;7
0.001993;31.71;7
0.001993;32.31;7
0.001993;31.75;7
0.001993;30.28;7
0.001993;30.71;7
0.001992;30.12;7
0.001992;30.66;7
0.001992;29.94;7
0.001992;30.67;7
0.001992;29.99;7
0.001992;30.06;7
0.001992;29.91;7
0.001992;30.08;7
0.001992;29.81;7
0.001992;29.66;7
0.001991;29.62;7
0.001991;29.62;7
0.001991;29.62;7
0.001991;29.71;7
0.001734;29.60;8
0.001732;29.71;8
0.001731;29.61;8
0.001730;29.67;8
0.001730;29.58;8
0.001730;29.75;8
0.001730;29.77;8
0.001729;29.71;8
0.001729;29.69;8
0.001729;29.71;8
0.001729;29.75;8
0.001729;30.09;8
0.001729;29.65;8
0.001728;30.00;8
0.001728;30.03;8
0.001728;29.81;8
0.001728;29.63;8
0.001728;29.69;8
0.001728;29.59;8
0.001728;29.77;8
0.001728;29.71;8
0.001728;29.42;8
0.001728;29.57;8
0.001728;29.78;8
0.001727;29.69;8
0.001727;29.65;8
0.001727;29.84;8
0.001727;29.67;8
0.001727;29.78;8
0.001727;29.59;8
0.001727;29.85;8
0.001727;29.91;8
0.001727;30.01;8
0.001727;30.03;8
0.001727;30.02;8
0.001727;29.78;8
0.001727;29.76;8
0.001727;29.70;8
0.001726;29.87;8
0.001726;29.94;8
0.001726;29.91;8
0.001726;29.88;8
0.001726;30.15;8
0.001726;31.15;8
0.001726;31.73;8
0.001726;30.09;8
0.001726;29.80;8
0.001726;30.05;8
0.001726;29.91;8
0.001726;30.45;8
0.002047;29.86;8
0.002041;29.94;8
0.002039;30.09;8
0.002038;29.87;8
0.002037;30.06;8
0.002036;29.51;8
0.002035;29.26;8
0.002035;29.50;8
0.002034;30.03;8
0.002033;29.57;8
0.002033;29.37;8
0.002033;30.23;8
0.002032;30.20;8
0.002032;30.24;8
0.002031;29.77;8
0.002031;29.46;8
0.002031;29.92;8
0.002031;29.80;8
0.002030;30.35;8
0.002030;30.44;8
0.002030;30.12;8
0.002029;30.24;8
0.002029;30.79;8
0.002029;30.47;8
0.002029;30.05;8
0.002029;30.00;8
0.002028;29.83;8
0.002028;29.86;8
0.002028;29.76;8
0.002028;30.30;8
0.002028;29.95;8
0.002027;30.01;8
0.002027;29.99;8
0.002027;29.82;8
0.002027;29.80;8
0.002027;30.15;8
0.002027;29.84;8
0.002026;30.03;8
0.002026;30.22;8
0.002026;30.03;8
0.002026;29.87;8
0.002026;30.47;8
0.002026;30.07;8
0.002025;31.44;8
0.002025;30.26;8
0.002025;30.47;8
0.002025;29.92;8
0.002025;30.93;8
0.002025;30.14;8
0.002025;30.69;8
0.001785;30.08;9
0.001783;30.71;9
0.001782;30.30;9
0.001781;30.21;9
0.001780;30.10;9
0.001780;30.19;9
0.001780;30.14;9
0.001779;30.50;9
0.001779;30.31;9
0.001779;30.37;9
0.001779;30.87;9
0.001779;30.34;9
0.001778;30.54;9
0.001778;30.35;9
0.001778;30.61;9
0.001778;30.07;9
0.001778;29.93;9
0.001778;30.41;9
0.001778;29.80;9
0.001778;29.67;9
0.001777;29.87;9
0.001777;29.71;9
0.001777;29.90;9
0.001777;30.18;9
0.001777;30.10;9
0.001777;30.07;9
0.001777;30.44;9
0.001777;29.98;9
0.001777;29.83;9
0.001777;29.89;9
0.001777;29.72;9
0.001777;29.70;9
0.001776;29.99;9
0.001776;29.78;9
0.001776;29.85;9
0.001776;29.85;9
0.001776;29.83;9
0.001776;30.06;9
0.001776;29.77;9
0.001776;30.02;9
0.001776;29.74;9
0.001776;30.07;9
0.001776;30.33;9
0.001776;30.08;9
0.001776;30.08;9
0.001776;29.86;9
0.001775;29.83;9
0.001775;29.54;9
0.001775;29.55;9
0.001775;29.63;9
0.002075;30.11;9
0.002072;29.98;9
0.002070;29.98;9
0.002069;29.64;9
0.002068;29.73;9
0.002068;29.51;9
0.002067;29.50;9
0.002067;29.39;9
0.002066;29.48;9
0.002066;29.48;9
0.002065;29.64;9
0.002065;29.50;9
0.002064;29.57;9
0.002064;29.61;9
0.002064;29.54;9
0.002063;29.50;9
0.002063;29.58;9
0.002063;29.68;9
0.002063;29.75;9
0.002062;29.68;9
0.002062;29.56;9
0.002062;29.62;9
0.002062;29.63;9
0.002061;29.84;9
0.002061;29.55;9
0.002061;29.54;9
0.002061;29.55;9
0.002060;29.59;9
0.002060;29.45;9
0.002060;29.61;9
0.002060;29.61;9
0.002060;29.56;9
0.002060;29.50;9
0.002059;29.52;9
0.002059;29.64;9
0.002059;29.62;9
0.002059;29.67;9
0.002059;29.58;9
0.002059;29.55;9
0.002058;29.51;9
0.002058;29.81;9
0.002058;29.57;9
0.002058;29.64;9
0.002058;29.58;9
0.002058;29.73;9
0.002058;29.57;9
0.002057;29.49;9
0.002057;29.55;9
0.002057;29.54;9
0.002057;29.68;9
0.001825;29.54;10
0.001823;29.63;10
0.001822;29.54;10
0.001822;29.89;10
0.001821;29.61;10
0.001821;29.57;10
0.001821;29.58;10
0.001821;29.61;10
0.001821;29.87;10
0.001820;29.58;10
0.001820;29.82;10
0.001820;30.18;10
0.001820;29.83;10
0.001820;30.77;10
0.001820;29.70;10
0.001819;30.42;10
0.001819;30.52;10
0.001819;30.60;10
0.001819;29.92;10
0.001819;30.40;10
0.001819;29.67;10
0.001819;30.04;10
0.001819;29.65;10
0.001818;30.27;10
0.001818;29.51;10
0.001818;29.42;10
0.001818;30.07;10
0.001818;29.50;10
0.001818;29.75;10
0.001818;29.78;10
0.001818;29.90;10
0.001818;30.87;10
0.001818;30.69;10
0.001817;30.36;10
0.001817;30.48;10
0.001817;30.23;10
0.001817;30.29;10
0.001817;30.36;10
0.001817;30.47;10
0.001817;30.38;10
0.001817;30.13;10
0.001817;29.92;10
0.001817;30.32;10
0.001817;30.17;10
0.001817;30.20;10
0.001817;30.39;10
0.001817;29.83;10
0.001816;29.79;10
0.001816;29.72;10
0.001816;29.78;10
0.002131;29.65;10
0.002121;29.74;10
0.002117;30.32;10
0.002114;30.45;10
0.002112;30.39;10
0.002111;30.64;10
0.002109;30.23;10
0.002109;30.38;10
0.002108;29.55;10
0.002107;30.03;10
0.002107;29.68;10
0.002106;30.39;10
0.002106;29.70;10
0.002106;29.88;10
0.002105;30.39;10
0.002105;29.67;10
0.002105;29.83;10
0.002105;29.75;10
0.002104;29.91;10
0.002104;30.38;10
0.002104;29.85;10
0.002104;29.61;10
0.002104;29.62;10
0.002103;29.63;10
0.002103;30.20;10
0.002103;30.08;10
0.002103;30.48;10
0.002103;29.92;10
0.002103;29.67;10
0.002103;29.61;10
0.002102;29.13;10
0.002102;29.12;10
0.002102;29.20;10
0.002102;29.24;10
0.002102;29.63;10
0.002102;29.28;10
0.002102;29.02;10
0.002102;29.12;10
0.002102;29.03;10
0.002102;28.95;10
0.002101;28.92;10
0.002101;28.96;10
0.002101;29.68;10
0.002101;29.87;10
0.002101;29.71;10
0.002101;29.91;10
0.002101;30.68;10
0.002101;30.36;10
0.002101;30.33;10
0.002101;30.37;10
0.001898;29.72;11
0.001895;29.56;11
0.001893;29.73;11
0.001893;29.64;11
0.001892;29.80;11
0.001891;29.68;11
0.001891;29.78;11
0.001891;29.75;11
0.001890;29.60;11
0.001890;29.80;11
0.001890;29.68;11
0.001889;29.62;11
0.001889;29.71;11
0.001889;29.55;11
0.001889;29.72;11
0.001888;29.65;11
0.001888;29.73;11
0.001888;29.90;11
0.001888;29.78;11
0.001888;29.76;11
0.001888;29.69;11
0.001888;29.56;11
0.001888;29.53;11
0.001887;29.48;11
0.001887;29.68;11
0.001887;29.79;11
0.001887;29.64;11
0.001887;29.58;11
0.001887;30.00;11
0.001887;29.85;11
0.001887;30.17;11
0.001887;29.89;11
0.001887;30.00;11
0.001887;30.42;11
0.001887;30.45;11
0.001887;30.66;11
0.001886;30.06;11
0.001886;30.20;11
0.001886;29.87;11
0.001886;30.16;11
0.001886;30.30;11
0.001886;30.35;11
0.001886;30.65;11
0.001886;30.53;11
0.001886;30.81;11
0.001886;30.90;11
0.001886;30.23;11
0.001886;30.05;11
0.001886;29.74;11
0.001886;29.89;11
0.002121;29.94;11
0.002114;29.80;11
0.002110;29.90;11
0.002108;29.74;11
0.002107;29.82;11
0.002106;29.84;11
0.002106;30.50;11
0.002105;30.14;11
0.002105;29.80;11
0.002104;29.71;11
0.002104;29.70;11
0.002104;29.91;11
0.002103;29.95;11
0.002103;29.72;11
0.002103;29.50;11
0.002103;29.47;11
0.002103;29.48;11
0.002102;29.50;11
0.002102;29.51;11
0.002102;29.75;11
0.002102;29.50;11
0.002102;29.42;11
0.002102;30.40;11
0.002101;32.09;11
0.002101;31.69;11
0.002101;30.89;11
0.002101;31.15;11
0.002101;31.05;11
0.002101;31.09;11
0.002101;30.90;11
0.002101;30.86;11
0.002100;30.24;11
0.002100;29.39;11
0.002100;29.44;11
0.002100;29.39;11
0.002100;29.35;11
0.002100;29.39;11
0.002100;29.34;11
0.002100;29.42;11
0.002100;29.42;11
0.002100;29.52;11
0.002100;29.44;11
0.002099;29.84;11
0.002099;30.72;11
0.002099;30.82;11
0.002099;30.38;11
0.002099;29.43;11
0.002099;29.44;11
0.002099;29.35;11
0.002099;29.39;11
0.001911;29.39;12
0.001906;29.46;12
0.001903;29.59;12
0.001902;29.47;12
0.001901;29.56;12
0.001900;29.78;12
0.001900;29.40;12
0.001900;29.54;12
0.001899;29.47;12
0.001899;29.52;12
0.001899;29.59;12
0.001899;29.53;12
0.001899;29.37;12
0.001899;29.30;12
0.001898;29.30;12
0.001898;29.24;12
0.001898;29.29;12
0.001898;29.31;12
0.001898;29.36;12
0.001898;29.27;12
0.001898;29.33;12
0.001898;29.29;12
0.001898;29.32;12
0.001897;29.26;12
0.001897;29.36;12
0.001897;29.35;12
0.001897;29.28;12
0.001897;29.36;12
0.001897;29.40;12
0.001897;29.25;12
0.001897;29.43;12
0.001897;29.43;12
0.001897;29.39;12
0.001897;29.37;12
0.001897;29.48;12
0.001896;29.38;12
0.001896;29.22;12
0.001896;29.35;12
0.001896;29.33;12
0.001896;29.40;12
0.001896;29.35;12
0.001896;29.36;12
0.001896;29.41;12
0.001896;29.31;12
0.001896;29.46;12
0.001896;29.53;12
0.001896;29.49;12
0.001896;29.33;12
0.001896;29.38;12
0.001896;29.31;12
0.002096;29.32;12
0.002093;29.46;12
0.002091;29.30;12
0.002090;29.30;12
0.002089;30.07;12
0.002088;29.39;12
0.002088;30.11;12
0.002087;29.44;12
0.002087;30.11;12
0.002086;29.42;12
0.002086;30.02;12
0.002086;29.33;12
0.002085;30.09;12
0.002085;29.31;12
0.002085;29.33;12
0.002085;29.39;12
0.002084;29.44;12
0.002084;29.45;12
0.002084;29.41;12
0.002084;29.30;12
0.002084;29.46;12
0.002083;29.41;12
0.002083;29.66;12
0.002083;29.64;12
0.002083;29.61;12
0.002083;29.47;12
0.002083;29.41;12
0.002082;29.36;12
0.002082;29.36;12
0.002082;29.59;12
0.002082;29.62;12
0.002082;29.50;12
0.002082;29.73;12
0.002082;29.67;12
0.002082;29.47;12
0.002081;29.26;12
0.002081;29.19;12
0.002081;29.33;12
0.002081;29.32;12
0.002081;29.31;12
0.002081;29.35;12
0.002081;29.94;12
0.002080;30.35;12
0.002080;30.32;12
0.002080;30.40;12
0.002080;29.48;12
0.002080;30.32;12
0.002080;30.13;12
0.002080;29.99;12
0.002080;29.36;12
0.001881;29.34;13
0.001876;29.34;13
0.001873;29.45;13
0.001872;29.33;13
0.001870;29.95;13
0.001870;29.24;13
0.001869;30.14;13
0.001868;29.58;13
0.001868;29.96;13
0.001868;29.55;13
0.001867;29.86;13
0.001867;29.29;13
0.001867;29.91;13
0.001866;29.25;13
0.001866;29.29;13
0.001866;29.38;13
0.001866;29.28;13
0.001866;29.33;13
0.001865;29.33;13
0.001865;29.24;13
0.001865;29.29;13
0.001865;29.37;13
0.001865;29.43;13
0.001865;29.85;13
0.001865;29.76;13
0.001864;29.43;13
0.001864;30.05;13
0.001864;30.10;13
0.001864;29.30;13
0.001864;29.48;13
0.001864;29.69;13
0.001864;30.18;13
0.001864;30.17;13
0.001863;30.23;13
0.001863;30.29;13
0.001863;30.04;13
0.001863;30.07;13
0.001863;30.04;13
0.001863;30.11;13
0.001863;30.25;13
0.001863;30.14;13
0.001863;30.08;13
0.001863;30.09;13
0.001862;29.85;13
0.001862;30.11;13
0.001862;29.92;13
0.001862;29.24;13
0.001862;29.31;13
0.001862;29.29;13
0.001862;29.33;13
0.002100;29.33;13
0.002097;29.47;13
0.002096;29.28;13
0.002095;29.43;13
0.002094;29.41;13
0.002094;29.44;13
0.002093;29.49;13
0.002093;29.50;13
0.002092;29.34;13
0.002092;29.46;13
0.002092;29.44;13
0.002091;29.32;13
0.002091;29.44;13
0.002091;29.54;13
0.002091;29.37;13
0.002091;29.36;13
0.002090;29.32;13
0.002090;29.34;13
0.002090;29.30;13
0.002090;29.31;13
0.002090;29.33;13
0.002089;29.38;13
0.002089;29.27;13
0.002089;29.39;13
0.002089;29.37;13
0.002089;29.49;13
0.002089;29.74;13
0.002088;29.69;13
0.002088;29.87;13
0.002088;29.53;13
0.002088;29.90;13
0.002088;29.51;13
0.002088;29.88;13
0.002087;29.42;13
0.002087;30.14;13
0.002087;29.35;13
0.002087;29.83;13
0.002087;29.40;13
0.002087;29.33;13
0.002087;29.35;13
0.002086;29.44;13
0.002086;29.47;13
0.002086;29.45;13
0.002086;29.53;13
0.002086;29.45;13
0.002086;29.48;13
0.002086;29.39;13
0.002086;29.35;13
0.002085;29.43;13
0.002085;29.36;13
0.001920;29.46;14
0.001916;29.61;14
0.001914;29.59;14
0.001912;29.55;14
0.001911;29.49;14
0.001910;29.93;14
0.001908;29.54;14
0.001908;29.46;14
0.001907;29.47;14
0.001906;29.45;14
0.001905;29.43;14
0.001905;29.46;14
0.001904;29.88;14
0.001903;29.99;14
0.001903;29.88;14
0.001902;29.78;14
0.001902;29.88;14
0.001902;29.93;14
0.001901;29.97;14
0.001901;30.00;14
0.001900;30.03;14
0.001900;29.75;14
0.001900;30.11;14
0.001900;29.78;14
0.001899;29.87;14
0.001899;29.98;14
0.001899;29.95;14
0.001898;29.96;14
0.001898;29.88;14
0.001898;29.88;14
0.001898;29.97;14
0.001898;29.83;14
0.001897;29.89;14
0.001897;29.84;14
0.001897;29.84;14
0.001897;29.55;14
0.001897;29.63;14
0.001896;29.54;14
0.001896;29.56;14
0.001896;29.62;14
0.001896;29.67;14
0.001896;29.67;14
0.001896;29.53;14
0.001895;29.60;14
0.001895;29.68;14
0.001895;29.64;14
0.001895;29.57;14
0.001895;29.63;14
0.001895;29.88;14
0.001895;30.02;14
0.002193;29.34;14
0.002188;29.54;14
0.002186;29.73;14
0.002185;30.26;14
0.002184;29.58;14
0.002183;29.48;14
0.002182;29.55;14
0.002182;29.35;14
0.002181;29.71;14
0.002181;29.43;14
0.002181;29.68;14
0.002180;29.70;14
0.002180;29.69;14
0.002180;29.81;14
0.002179;29.83;14
0.002179;30.03;14
0.002179;30.14;14
0.002179;30.02;14
0.002178;30.15;14
0.002178;30.18;14
0.002178;29.98;14
0.002178;29.47;14
0.002177;29.50;14
0.002177;29.42;14
0.002177;29.45;14
0.002177;29.42;14
0.002177;29.67;14
0.002176;29.68;14
0.002176;29.82;14
0.002176;29.50;14
0.002176;29.64;14
0.002176;29.62;14
0.002176;29.62;14
0.002175;29.92;14
0.002175;29.84;14
0.002175;29.82;14
0.002175;29.69;14
0.002175;30.32;14
0.002175;30.20;14
0.002174;30.25;14
0.002174;29.72;14
0.002174;29.49;14
0.002174;29.94;14
0.002174;29.84;14
0.002174;29.62;14
0.002174;30.04;14
0.002173;30.13;14
0.002173;29.63;14
0.002173;30.04;14
0.002173;29.60;14
0.002111;29.93;15
0.002104;29.60;15
0.002101;30.07;15
0.002098;29.70;15
0.002096;29.92;15
0.002095;29.69;15
0.002093;29.63;15
0.002092;29.85;15
0.002091;29.50;15
0.002090;29.62;15
0.002089;29.72;15
0.002088;29.51;15
0.002087;29.54;15
0.002087;29.49;15
0.002086;29.99;15
0.002085;30.06;15
0.002084;30.05;15
0.002084;30.23;15
0.002083;30.19;15
0.002083;30.11;15
0.002082;29.49;15
0.002082;29.48;15
0.002081;29.62;15
0.002080;29.44;15
0.002080;29.50;15
0.002079;29.48;15
0.002079;29.67;15
0.002079;29.44;15
0.002078;29.46;15
0.002078;29.48;15
0.002077;29.47;15
0.002077;29.46;15
0.002077;29.31;15
0.002076;29.38;15
0.002076;29.34;15
0.002075;29.27;15
0.002075;29.29;15
0.002075;29.45;15
0.002074;29.24;15
0.002074;29.47;15
0.002074;29.47;15
0.002073;29.54;15
0.002073;29.37;15
0.002073;29.33;15
0.002072;29.39;15
0.002072;29.30;15
0.002072;29.25;15
0.002072;29.40;15
0.002071;29.34;15
0.002071;29.36;15
0.002202;29.25;15
0.002192;29.43;15
0.002188;29.43;15
0.002185;29.59;15
0.002183;30.72;15
0.002182;29.79;15
0.002180;29.64;15
0.002179;29.43;15
0.002177;29.54;15
0.002176;29.44;15
0.002175;29.53;15
0.002174;29.46;15
0.002173;29.52;15
0.002173;29.51;15
0.002172;29.49;15
0.002172;29.46;15
0.002171;29.58;15
0.002171;29.81;15
0.002171;30.36;15
0.002170;29.69;15
0.002170;30.33;15
0.002170;29.47;15
0.002169;30.18;15
0.002169;29.57;15
0.002169;30.66;15
0.002169;29.47;15
0.002168;30.19;15
0.002168;29.36;15
0.002168;29.40;15
0.002168;29.49;15
0.002168;29.55;15
0.002167;29.63;15
0.002167;29.67;15
0.002167;29.61;15
0.002167;29.47;15
0.002167;29.62;15
0.002166;29.56;15
0.002166;29.64;15
0.002166;29.64;15
0.002166;29.90;15
0.002166;30.00;15
0.002166;30.09;15
0.002165;30.03;15
0.002165;29.86;15
0.002165;29.91;15
0.002165;29.71;15
0.002165;29.60;15
0.002165;29.68;15
0.002165;29.71;15
0.002165;29.72;15
0.002170;29.64;16
0.002165;29.82;16
0.002163;29.77;16
0.002161;29.60;16
0.002159;29.82;16
0.002157;29.73;16
0.002155;29.55;16
0.002154;29.52;16
0.002152;29.53;16
0.002151;29.64;16
0.002150;29.58;16
0.002149;29.48;16
0.002148;29.48;16
0.002147;29.46;16
0.002145;29.53;16
0.002145;29.42;16
0.002144;29.45;16
0.002143;29.90;16
0.002142;29.76;16
0.002141;29.95;16
0.002140;29.69;16
0.002139;29.90;16
0.002139;29.77;16
0.002138;29.75;16
0.002137;29.81;16
0.002137;29.88;16
0.002136;29.89;16
0.002135;29.43;16
0.002135;29.48;16
0.002134;29.40;16
0.002134;29.29;16
0.002133;29.32;16
0.002133;29.29;16
0.002132;29.43;16
0.002132;29.54;16
0.002131;29.58;16
0.002131;29.55;16
0.002130;29.50;16
0.002130;29.51;16
0.002130;29.48;16
0.002129;29.55;16
0.002129;29.53;16
0.002128;29.48;16
0.002128;29.42;16
0.002128;29.43;16
0.002127;29.42;16
0.002127;29.48;16
0.002127;29.37;16
0.002126;29.45;16
0.002126;29.47;16
0.002257;29.58;16
0.002249;29.60;16
0.002244;29.60;16
0.002241;29.70;16
0.002239;29.60;16
0.002237;29.63;16
0.002235;29.87;16
0.002234;30.12;16
0.002233;29.92;16
0.002231;29.82;16
0.002230;29.75;16
0.002229;29.78;16
0.002228;29.89;16
0.002228;29.87;16
0.002227;30.05;16
0.002226;30.01;16
0.002226;29.95;16
0.002225;29.57;16
0.002224;29.41;16
0.002224;29.32;16
0.002223;29.25;16
0.002223;29.32;16
0.002222;29.46;16
0.002222;29.30;16
0.002221;29.45;16
0.002221;29.78;16
0.002220;29.52;16
0.002220;29.62;16
0.002220;29.83;16
0.002219;29.50;16
0.002219;29.71;16
0.002218;29.49;16
0.002218;29.94;16
0.002218;29.43;16
0.002217;29.90;16
0.002217;29.31;16
0.002217;30.04;16
0.002216;29.37;16
0.002216;29.36;16
0.002216;29.52;16
0.002215;29.28;16
0.002215;29.29;16
0.002215;29.44;16
0.002215;29.41;16
0.002214;29.36;16
0.002214;29.28;16
0.002214;29.42;16
0.002214;29.26;16
0.002213;29.29;16
0.002213;29.32;16
0.002195;29.90;17
0.002188;29.80;17
0.002184;29.91;17
0.002182;29.90;17
0.002180;29.99;17
0.002179;29.53;17
0.002177;29.56;17
0.002176;29.56;17
0.002175;29.57;17
0.002174;29.73;17
0.002173;29.88;17
0.002172;29.74;17
0.002172;29.83;17
0.002171;29.65;17
0.002170;29.58;17
0.002169;29.48;17
0.002169;29.58;17
0.002168;29.53;17
0.002167;29.47;17
0.002167;29.53;17
0.002166;29.62;17
0.002165;29.50;17
0.002165;29.56;17
0.002164;29.44;17
0.002164;29.45;17
0.002163;29.49;17
0.002163;29.58;17
0.002162;29.50;17
0.002162;29.52;17
0.002161;29.49;17
0.002161;29.42;17
0.002160;29.54;17
0.002160;29.52;17
0.002159;29.48;17
0.002159;29.84;17
0.002158;29.75;17
0.002158;29.85;17
0.002157;29.85;17
0.002157;29.64;17
0.002156;30.07;17
0.002156;29.50;17
0.002156;30.19;17
0.002155;29.62;17
0.002155;30.26;17
0.002154;29.67;17
0.002154;30.05;17
0.002154;29.59;17
0.002153;30.50;17
0.002153;29.75;17
0.002153;29.69;17
0.002280;29.58;17
0.002270;29.66;17
0.002264;29.49;17
0.002260;29.69;17
0.002257;29.77;17
0.002255;29.98;17
0.002253;29.87;17
0.002251;29.79;17
0.002249;29.60;17
0.002248;29.68;17
0.002246;29.62;17
0.002245;29.91;17
0.002244;30.00;17
0.002243;29.90;17
0.002242;30.04;17
0.002241;29.82;17
0.002240;29.75;17
0.002239;29.90;17
0.002238;29.75;17
0.002238;29.85;17
0.002237;29.86;17
0.002236;29.90;17
0.002235;29.52;17
0.002235;29.30;17
0.002234;29.28;17
0.002233;29.28;17
0.002233;29.45;17
0.002232;29.31;17
0.002231;29.43;17
0.002231;29.45;17
0.002230;29.38;17
0.002230;29.43;17
0.002229;29.37;17
0.002229;29.44;17
0.002228;29.25;17
0.002228;29.39;17
0.002228;29.44;17
0.002227;29.47;17
0.002227;29.40;17
0.002226;29.40;17
0.002226;29.30;17
0.002226;29.41;17
0.002225;29.46;17
0.002225;29.38;17
0.002224;29.37;17
0.002224;29.25;17
0.002224;29.34;17
0.002223;29.56;17
0.002223;29.49;17
0.002223;29.47;17
0.002060;29.28;18
0.002054;29.42;18
0.002050;29.34;18
0.002047;29.59;18
0.002045;29.50;18
0.002044;29.53;18
0.002042;29.53;18
0.002040;29.44;18
0.002039;29.54;18
0.002038;29.37;18
0.002037;29.61;18
0.002035;29.64;18
0.002034;29.67;18
0.002033;29.67;18
0.002032;29.64;18
0.002031;29.99;18
0.002031;29.82;18
0.002030;29.89;18
0.002029;29.65;18
0.002028;29.40;18
0.002027;29.79;18
0.002027;29.82;18
0.002026;29.86;18
0.002025;29.76;18
0.002024;29.86;18
0.002024;29.82;18
0.002023;29.85;18
0.002023;29.93;18
0.002022;29.52;18
0.002022;29.35;18
0.002021;29.53;18
0.002020;29.59;18
0.002020;29.91;18
0.002019;29.77;18
0.002019;29.71;18
0.002018;29.56;18
0.002018;29.55;18
0.002018;29.42;18
0.002017;30.61;18
0.002017;29.64;18
0.002016;29.63;18
0.002016;29.57;18
0.002016;29.97;18
0.002015;29.91;18
0.002015;29.84;18
0.002014;29.69;18
0.002014;29.60;18
0.002014;29.76;18
0.002013;29.63;18
0.002013;29.42;18
0.002323;29.46;18
0.002311;29.59;18
0.002305;29.40;18
0.002301;29.80;18
0.002298;29.51;18
0.002295;29.48;18
0.002293;29.41;18
0.002291;29.51;18
0.002289;29.35;18
0.002287;29.47;18
0.002286;30.27;18
0.002285;29.63;18
0.002283;30.51;18
0.002282;29.47;18
0.002281;30.74;18
0.002280;30.32;18
0.002279;31.04;18
0.002279;30.32;18
0.002278;30.94;18
0.002277;30.25;18
0.002276;30.30;18
0.002276;30.25;18
0.002275;30.29;18
0.002274;30.23;18
0.002274;30.20;18
0.002273;30.10;18
0.002273;30.26;18
0.002272;30.14;18
0.002271;29.50;18
0.002271;29.47;18
0.002271;29.55;18
0.002270;29.64;18
0.002270;29.74;18
0.002269;29.53;18
0.002269;29.68;18
0.002268;30.44;18
0.002268;29.63;18
0.002267;29.50;18
0.002267;29.43;18
0.002267;29.44;18
0.002266;29.37;18
0.002266;29.31;18
0.002266;29.32;18
0.002265;29.19;18
0.002265;29.43;18
0.002265;30.01;18
0.002264;29.59;18
0.002264;29.35;18
0.002264;29.29;18
0.002263;29.44;18
0.002038;29.37;19
0.002029;29.50;19
0.002024;29.47;19
0.002020;29.43;19
0.002018;29.47;19
0.002015;29.51;19
0.002014;29.51;19
0.002012;29.51;19
0.002011;29.47;19
0.002009;29.89;19
0.002008;29.88;19
0.002007;30.01;19
0.002006;29.84;19
0.002005;29.99;19
0.002004;29.91;19
0.002004;29.94;19
0.002003;29.90;19
0.002002;29.82;19
0.002001;29.82;19
0.002001;29.88;19
0.002000;29.74;19
0.001999;29.81;19
0.001999;29.80;19
0.001998;29.71;19
0.001998;29.77;19
0.001997;29.65;19
0.001996;29.66;19
0.001996;29.49;19
0.001995;29.49;19
0.001995;29.56;19
0.001994;29.62;19
0.001994;29.69;19
0.001993;29.52;19
0.001993;29.59;19
0.001992;29.40;19
0.001992;29.52;19
0.001991;29.51;19
0.001991;29.48;19
0.001990;29.53;19
0.001990;29.36;19
0.001989;29.54;19
0.001989;29.48;19
0.001988;29.56;19
0.001988;29.46;19
0.001988;29.49;19
0.001987;29.50;19
0.001987;29.56;19
0.001986;29.45;19
0.001986;29.41;19
0.001985;29.63;19
0.002354;29.87;19
0.002330;29.93;19
0.002318;30.27;19
0.002310;30.31;19
0.002305;30.16;19
0.002301;29.56;19
0.002297;29.52;19
0.002295;30.28;19
0.002292;30.02;19
0.002290;29.37;19
0.002288;29.32;19
0.002287;29.74;19
0.002285;29.36;19
0.002284;29.38;19
0.002283;29.42;19
0.002282;29.42;19
0.002280;30.04;19
0.002279;30.28;19
0.002278;29.67;19
0.002278;29.35;19
0.002277;29.35;19
0.002276;29.21;19
0.002275;29.32;19
0.002274;29.23;19
0.002274;29.26;19
0.002273;29.28;19
0.002272;29.20;19
0.002271;29.30;19
0.002271;29.23;19
0.002270;29.33;19
0.002270;29.28;19
0.002269;29.87;19
0.002269;29.44;19
0.002268;29.96;19
0.002268;29.43;19
0.002267;30.16;19
0.002267;29.57;19
0.002266;30.25;19
0.002266;29.45;19
0.002265;30.12;19
0.002265;29.43;19
0.002264;29.31;19
0.002264;29.29;19
0.002263;29.42;19
0.002263;29.34;19
0.002263;29.36;19
0.002262;29.36;19
0.002262;29.35;19
0.002262;29.46;19
0.002261;29.47;19