loss;elapsed_time;iteration
0.002018;29.41;0
0.002009;28.21;0
0.002004;28.21;0
0.002003;28.09;0
0.002001;28.60;0
0.002000;28.36;0
0.002000;29.70;0
0.001999;29.65;0
0.001999;28.58;0
0.001998;28.60;0
0.001998;28.35;0
0.001997;28.27;0
0.001997;28.06;0
0.001996;28.24;0
0.001996;28.08;0
0.001995;28.13;0
0.001994;28.12;0
0.001992;28.01;0
0.001990;27.39;0
0.001988;27.39;0
0.001985;28.02;0
0.001981;28.00;0
0.001977;27.83;0
0.001973;27.77;0
0.001970;28.31;0
0.001967;26.89;0
0.001965;26.91;0
0.001963;28.09;0
0.001961;29.08;0
0.001959;28.70;0
0.001957;28.57;0
0.001956;28.58;0
0.001954;28.44;0
0.001953;27.76;0
0.001951;27.57;0
0.001950;27.33;0
0.001948;27.08;0
0.001947;28.09;0
0.001946;27.50;0
0.001945;27.01;0
0.001944;27.58;0
0.001943;30.39;0
0.001943;27.39;0
0.001942;27.23;0
0.001941;27.10;0
0.001941;27.65;0
0.001940;28.01;0
0.001939;27.43;0
0.001939;27.24;0
0.001938;29.27;0
0.001938;28.21;0
0.001937;27.54;0
0.001937;27.65;0
0.001936;27.48;0
0.001936;27.67;0
0.001936;27.45;0
0.001935;27.73;0
0.001935;27.31;0
0.001934;27.37;0
0.001934;27.80;0
0.001933;27.51;0
0.001933;27.41;0
0.001933;27.26;0
0.001932;27.07;0
0.001932;27.06;0
0.001931;27.77;0
0.001930;28.04;0
0.001929;27.32;0
0.001927;27.37;0
0.001924;28.81;0
0.001921;28.46;0
0.001917;27.91;0
0.001915;28.78;0
0.001913;27.28;0
0.001911;26.94;0
0.001909;27.11;0
0.001908;26.98;0
0.001906;27.13;0
0.001905;27.02;0
0.001904;27.60;0
0.001903;27.47;0
0.001902;27.67;0
0.001901;30.79;0
0.001901;28.23;0
0.001900;27.77;0
0.001899;28.35;0
0.001898;27.80;0
0.001898;28.57;0
0.001897;27.86;0
0.001897;27.73;0
0.001896;27.90;0
0.001895;28.13;0
0.001895;28.03;0
0.001894;28.19;0
0.001894;28.15;0
0.001893;27.96;0
0.001893;27.61;0
0.001893;27.44;0
0.001892;27.87;0
0.001892;28.63;0
0.002065;28.01;1
0.002060;28.10;1
0.002057;27.69;1
0.002055;27.75;1
0.002053;28.06;1
0.002052;27.75;1
0.002052;27.88;1
0.002051;27.99;1
0.002051;27.74;1
0.002050;27.89;1
0.002050;27.99;1
0.002050;28.47;1
0.002049;29.31;1
0.002049;27.73;1
0.002049;28.14;1
0.002048;28.11;1
0.002048;27.87;1
0.002048;27.81;1
0.002048;27.89;1
0.002047;27.91;1
0.002047;27.86;1
0.002047;27.85;1
0.002047;28.00;1
0.002047;28.38;1
0.002047;27.82;1
0.002047;28.00;1
0.002046;27.75;1
0.002046;27.94;1
0.002046;28.02;1
0.002046;27.88;1
0.002046;27.83;1
0.002046;27.99;1
0.002045;27.87;1
0.002045;27.88;1
0.002045;27.96;1
0.002045;28.21;1
0.002045;28.01;1
0.002044;27.96;1
0.002044;28.03;1
0.002044;27.71;1
0.002043;27.23;1
0.002043;27.37;1
0.002042;29.05;1
0.002042;28.11;1
0.002041;27.69;1
0.002041;28.14;1
0.002040;27.61;1
0.002040;27.43;1
0.002039;27.36;1
0.002039;29.02;1
0.001897;28.33;1
0.001897;28.04;1
0.001896;28.06;1
0.001896;28.13;1
0.001895;28.13;1
0.001895;28.14;1
0.001895;28.14;1
0.001894;28.18;1
0.001894;28.09;1
0.001894;28.06;1
0.001894;28.27;1
0.001893;28.21;1
0.001893;28.39;1
0.001893;27.77;1
0.001892;27.60;1
0.001892;27.57;1
0.001892;27.58;1
0.001892;27.53;1
0.001892;27.62;1
0.001891;28.14;1
0.001891;27.61;1
0.001891;27.71;1
0.001891;28.76;1
0.001890;28.83;1
0.001890;28.60;1
0.001890;27.66;1
0.001890;27.58;1
0.001890;27.55;1
0.001889;27.65;1
0.001889;27.64;1
0.001889;27.87;1
0.001889;28.18;1
0.001889;27.83;1
0.001889;27.95;1
0.001888;27.87;1
0.001888;27.68;1
0.001888;27.87;1
0.001888;28.04;1
0.001888;27.80;1
0.001888;27.70;1
0.001887;27.54;1
0.001887;27.44;1
0.001887;27.65;1
0.001887;27.45;1
0.001887;27.63;1
0.001887;27.44;1
0.001886;27.53;1
0.001886;27.46;1
0.001886;27.71;1
0.001886;27.57;1
0.002093;27.46;2
0.002091;27.37;2
0.002090;27.55;2
0.002089;28.32;2
0.002088;27.67;2
0.002087;27.63;2
0.002086;27.45;2
0.002085;27.40;2
0.002084;27.60;2
0.002084;27.46;2
0.002083;27.48;2
0.002082;27.59;2
0.002082;28.87;2
0.002081;29.52;2
0.002081;28.17;2
0.002080;29.66;2
0.002080;28.43;2
0.002079;28.63;2
0.002079;28.27;2
0.002079;28.49;2
0.002078;28.06;2
0.002078;27.58;2
0.002078;28.04;2
0.002077;27.51;2
0.002077;27.48;2
0.002077;29.04;2
0.002076;29.35;2
0.002076;29.22;2
0.002076;29.49;2
0.002075;29.13;2
0.002075;29.16;2
0.002075;29.07;2
0.002074;29.14;2
0.002074;29.20;2
0.002074;28.96;2
0.002073;28.30;2
0.002073;28.34;2
0.002073;28.76;2
0.002072;28.30;2
0.002072;28.38;2
0.002071;28.27;2
0.002071;28.92;2
0.002071;28.90;2
0.002070;28.64;2
0.002070;30.56;2
0.002070;29.37;2
0.002069;29.33;2
0.002069;28.85;2
0.002069;28.74;2
0.002068;27.88;2
0.001890;27.51;2
0.001890;27.38;2
0.001890;27.42;2
0.001889;27.36;2
0.001889;27.35;2
0.001889;27.44;2
0.001889;27.34;2
0.001889;27.69;2
0.001889;27.42;2
0.001889;27.51;2
0.001889;27.42;2
0.001888;27.33;2
0.001888;27.55;2
0.001888;27.34;2
0.001888;27.50;2
0.001888;27.32;2
0.001888;27.49;2
0.001888;27.45;2
0.001888;27.37;2
0.001888;27.45;2
0.001888;27.77;2
0.001887;27.47;2
0.001887;27.41;2
0.001887;27.50;2
0.001887;27.50;2
0.001887;27.39;2
0.001887;28.60;2
0.001887;28.47;2
0.001887;28.18;2
0.001887;28.01;2
0.001887;28.83;2
0.001887;29.03;2
0.001887;28.27;2
0.001886;28.37;2
0.001886;28.27;2
0.001886;28.35;2
0.001886;28.37;2
0.001886;28.39;2
0.001886;28.39;2
0.001886;28.25;2
0.001886;28.32;2
0.001886;28.52;2
0.001886;28.35;2
0.001886;28.22;2
0.001886;28.40;2
0.001886;28.36;2
0.001886;28.47;2
0.001886;28.38;2
0.001885;28.27;2
0.001885;28.06;2
0.002089;28.39;3
0.002087;28.25;3
0.002086;28.08;3
0.002085;28.32;3
0.002085;29.34;3
0.002084;28.16;3
0.002084;28.63;3
0.002084;28.60;3
0.002083;29.01;3
0.002083;28.16;3
0.002083;28.60;3
0.002083;28.00;3
0.002082;28.39;3
0.002082;28.38;3
0.002082;28.07;3
0.002082;28.07;3
0.002081;28.08;3
0.002081;28.09;3
0.002081;28.07;3
0.002081;28.15;3
0.002080;27.69;3
0.002080;27.03;3
0.002080;26.84;3
0.002080;27.04;3
0.002080;26.71;3
0.002079;26.82;3
0.002079;26.82;3
0.002079;26.92;3
0.002079;26.94;3
0.002079;26.76;3
0.002078;26.77;3
0.002078;26.89;3
0.002078;26.88;3
0.002078;26.78;3
0.002078;26.83;3
0.002077;26.67;3
0.002077;26.76;3
0.002077;26.74;3
0.002077;26.97;3
0.002077;26.76;3
0.002077;26.89;3
0.002077;26.72;3
0.002076;26.80;3
0.002076;27.04;3
0.002076;27.00;3
0.002076;26.72;3
0.002076;26.69;3
0.002076;26.73;3
0.002076;26.76;3
0.002075;26.82;3
0.001891;26.96;3
0.001891;26.74;3
0.001891;26.79;3
0.001890;26.71;3
0.001890;26.72;3
0.001890;26.75;3
0.001890;26.84;3
0.001890;26.88;3
0.001890;26.82;3
0.001890;26.88;3
0.001890;26.76;3
0.001890;26.85;3
0.001890;26.97;3
0.001890;26.82;3
0.001890;26.82;3
0.001890;26.73;3
0.001889;26.83;3
0.001889;26.79;3
0.001889;26.88;3
0.001889;26.70;3
0.001889;26.94;3
0.001889;26.89;3
0.001889;26.75;3
0.001889;26.75;3
0.001889;26.92;3
0.001889;26.78;3
0.001889;26.84;3
0.001889;26.70;3
0.001889;26.66;3
0.001889;26.76;3
0.001889;26.94;3
0.001889;27.15;3
0.001889;26.99;3
0.001889;27.00;3
0.001889;27.07;3
0.001889;27.20;3
0.001889;27.10;3
0.001888;26.97;3
0.001888;27.04;3
0.001888;27.16;3
0.001888;27.00;3
0.001888;27.09;3
0.001888;27.16;3
0.001888;27.18;3
0.001888;27.22;3
0.001888;27.20;3
0.001888;27.20;3
0.001888;27.08;3
0.001888;26.97;3
0.001888;27.12;3
0.002078;26.93;4
0.002076;26.80;4
0.002076;26.77;4
0.002075;26.70;4
0.002075;26.77;4
0.002075;26.76;4
0.002075;26.65;4
0.002075;26.68;4
0.002075;26.81;4
0.002075;26.73;4
0.002075;26.83;4
0.002075;26.77;4
0.002074;26.61;4
0.002074;26.75;4
0.002074;26.91;4
0.002075;26.75;4
0.002074;26.72;4
0.002074;27.28;4
0.002074;26.85;4
0.002074;27.35;4
0.002074;26.81;4
0.002074;27.15;4
0.002074;27.03;4
0.002073;26.84;4
0.002073;27.31;4
0.002073;26.84;4
0.002073;27.37;4
0.002073;26.88;4
0.002073;26.93;4
0.002074;26.89;4
0.002073;26.90;4
0.002073;26.87;4
0.002073;26.83;4
0.002073;26.92;4
0.002073;26.85;4
0.002073;26.86;4
0.002073;26.91;4
0.002072;26.92;4
0.002072;26.86;4
0.002072;26.89;4
0.002072;26.88;4
0.002072;26.91;4
0.002072;26.92;4
0.002072;26.86;4
0.002073;26.88;4
0.002072;27.34;4
0.002072;26.91;4
0.002072;27.38;4
0.002072;26.87;4
0.002072;27.24;4
0.001893;26.82;4
0.001893;27.28;4
0.001893;26.95;4
0.001893;27.27;4
0.001893;27.08;4
0.001893;26.92;4
0.001893;26.79;4
0.001893;26.89;4
0.001892;26.92;4
0.001892;26.92;4
0.001892;26.90;4
0.001892;26.88;4
0.001892;26.68;4
0.001892;26.72;4
0.001892;26.66;4
0.001892;26.66;4
0.001892;26.62;4
0.001892;26.69;4
0.001892;26.62;4
0.001892;26.75;4
0.001892;26.65;4
0.001892;26.66;4
0.001892;26.72;4
0.001892;26.68;4
0.001892;26.68;4
0.001892;26.67;4
0.001892;26.90;4
0.001892;26.76;4
0.001892;26.91;4
0.001892;26.73;4
0.001892;26.67;4
0.001892;26.65;4
0.001892;26.62;4
0.001892;26.66;4
0.001892;26.68;4
0.001892;26.69;4
0.001892;26.72;4
0.001892;26.60;4
0.001891;26.65;4
0.001891;26.76;4
0.001891;26.74;4
0.001891;26.74;4
0.001891;26.64;4
0.001891;26.66;4
0.001891;26.69;4
0.001891;26.68;4
0.001891;26.76;4
0.001891;26.72;4
0.001891;26.99;4
0.001891;27.69;4
0.002086;27.10;5
0.002081;26.89;5
0.002081;27.03;5
0.002081;27.04;5
0.002081;27.05;5
0.002081;27.00;5
0.002081;26.97;5
0.002081;27.10;5
0.002081;27.02;5
0.002081;27.02;5
0.002081;27.11;5
0.002081;27.02;5
0.002081;26.97;5
0.002080;26.97;5
0.002080;26.65;5
0.002080;26.76;5
0.002080;26.79;5
0.002080;26.75;5
0.002080;26.81;5
0.002080;26.78;5
0.002080;26.79;5
0.002080;26.88;5
0.002080;26.88;5
0.002080;26.77;5
0.002079;27.00;5
0.002080;26.80;5
0.002082;26.91;5
0.002079;26.85;5
0.002079;26.93;5
0.002079;26.79;5
0.002079;26.84;5
0.002079;26.78;5
0.002079;26.83;5
0.002079;26.89;5
0.002079;26.92;5
0.002079;26.90;5
0.002081;26.90;5
0.002080;26.84;5
0.002079;26.82;5
0.002079;26.96;5
0.002079;26.87;5
0.002079;26.83;5
0.002079;26.84;5
0.002079;26.88;5
0.002079;26.93;5
0.002079;26.90;5
0.002079;26.85;5
0.002079;26.78;5
0.002079;26.78;5
0.002079;26.95;5
0.001895;26.85;5
0.001893;26.78;5
0.001892;26.77;5
0.001893;26.76;5
0.001892;26.92;5
0.001892;26.75;5
0.001892;26.61;5
0.001893;26.62;5
0.001892;26.62;5
0.001892;26.66;5
0.001892;26.53;5
0.001892;26.60;5
0.001892;26.71;5
0.001892;26.81;5
0.001892;26.58;5
0.001892;26.68;5
0.001892;26.70;5
0.001892;26.74;5
0.001892;26.71;5
0.001892;26.62;5
0.001892;26.58;5
0.001892;26.66;5
0.001892;26.65;5
0.001892;26.68;5
0.001892;26.73;5
0.001892;26.66;5
0.001892;26.60;5
0.001892;26.59;5
0.001892;26.78;5
0.001891;26.74;5
0.001891;26.66;5
0.001891;26.66;5
0.001891;26.74;5
0.001891;26.88;5
0.001891;26.72;5
0.001891;26.90;5
0.001891;26.89;5
0.001891;26.74;5
0.001891;26.79;5
0.001891;26.75;5
0.001891;26.64;5
0.001891;26.73;5
0.001891;26.66;5
0.001891;26.71;5
0.001891;26.64;5
0.001891;26.69;5
0.001891;26.75;5
0.001891;26.82;5
0.001891;26.60;5
0.001891;26.78;5
0.002085;26.91;6
0.002084;26.76;6
0.002084;26.83;6
0.002086;26.84;6
0.002086;26.92;6
0.002084;26.84;6
0.002084;26.88;6
0.002084;26.89;6
0.002084;26.83;6
0.002083;26.85;6
0.002083;26.78;6
0.002083;26.90;6
0.002083;26.87;6
0.002083;26.81;6
0.002085;26.79;6
0.002084;26.83;6
0.002083;26.83;6
0.002083;26.82;6
0.002083;26.99;6
0.002083;26.77;6
0.002083;26.78;6
0.002083;26.91;6
0.002082;26.78;6
0.002082;26.79;6
0.002082;26.85;6
0.002082;26.63;6
0.002082;26.74;6
0.002082;26.81;6
0.002083;26.73;6
0.002085;26.75;6
0.002083;26.73;6
0.002082;26.66;6
0.002082;27.09;6
0.002082;26.77;6
0.002082;26.79;6
0.002082;26.71;6
0.002082;26.71;6
0.002082;26.82;6
0.002082;26.81;6
0.002082;26.69;6
0.002082;26.82;6
0.002082;26.74;6
0.002082;26.76;6
0.002082;26.80;6
0.002081;26.82;6
0.002081;26.88;6
0.002081;26.84;6
0.002082;26.86;6
0.002084;26.78;6
0.002082;26.79;6
0.001899;26.65;6
0.001899;26.50;6
0.001900;26.59;6
0.001898;26.57;6
0.001898;26.61;6
0.001898;26.49;6
0.001898;26.56;6
0.001898;26.54;6
0.001898;26.59;6
0.001898;26.53;6
0.001899;26.56;6
0.001898;26.71;6
0.001898;26.69;6
0.001898;26.74;6
0.001898;26.54;6
0.001898;26.68;6
0.001898;26.72;6
0.001898;26.70;6
0.001898;26.66;6
0.001898;26.58;6
0.001899;26.56;6
0.001898;26.65;6
0.001898;26.66;6
0.001898;26.66;6
0.001898;26.59;6
0.001898;26.64;6
0.001898;26.61;6
0.001898;26.71;6
0.001898;26.66;6
0.001898;26.56;6
0.001898;26.64;6
0.001898;26.61;6
0.001898;26.65;6
0.001898;26.67;6
0.001898;26.93;6
0.001898;26.66;6
0.001898;26.99;6
0.001898;27.05;6
0.001898;26.78;6
0.001898;27.17;6
0.001898;26.63;6
0.001897;27.08;6
0.001897;26.72;6
0.001897;27.16;6
0.001898;26.82;6
0.001897;27.12;6
0.001897;26.90;6
0.001897;26.76;6
0.001897;26.65;6
0.001898;26.76;6
0.002094;26.59;7
0.002090;26.58;7
0.002087;26.52;7
0.002085;26.61;7
0.002085;26.55;7
0.002084;26.61;7
0.002084;26.60;7
0.002084;26.59;7
0.002084;26.54;7
0.002084;26.54;7
0.002085;26.63;7
0.002085;26.55;7
0.002085;26.56;7
0.002085;26.65;7
0.002084;26.54;7
0.002083;26.56;7
0.002083;26.56;7
0.002082;26.60;7
0.002082;26.56;7
0.002083;26.59;7
0.002084;26.59;7
0.002083;26.56;7
0.002082;26.62;7
0.002082;26.63;7
0.002082;26.61;7
0.002082;26.60;7
0.002083;26.58;7
0.002083;26.59;7
0.002083;26.63;7
0.002083;26.64;7
0.002083;26.62;7
0.002083;26.65;7
0.002083;26.66;7
0.002083;26.70;7
0.002083;26.63;7
0.002083;26.57;7
0.002083;26.68;7
0.002082;26.62;7
0.002082;26.54;7
0.002081;26.63;7
0.002081;26.50;7
0.002083;26.58;7
0.002083;26.54;7
0.002082;26.56;7
0.002081;26.60;7
0.002081;26.58;7
0.002081;26.67;7
0.002081;26.66;7
0.002082;26.67;7
0.002082;26.69;7
0.001892;26.71;7
0.001892;26.65;7
0.001892;26.63;7
0.001892;26.59;7
0.001892;26.52;7
0.001892;26.62;7
0.001892;26.72;7
0.001892;26.60;7
0.001892;26.63;7
0.001892;26.70;7
0.001892;26.59;7
0.001892;26.72;7
0.001892;26.74;7
0.001892;26.75;7
0.001892;26.59;7
0.001892;26.88;7
0.001892;26.76;7
0.001892;26.67;7
0.001892;26.65;7
0.001892;26.59;7
0.001892;26.63;7
0.001893;26.76;7
0.001891;26.65;7
0.001892;26.65;7
0.001892;26.75;7
0.001891;26.62;7
0.001891;26.76;7
0.001892;26.78;7
0.001891;26.70;7
0.001891;26.65;7
0.001891;26.77;7
0.001891;26.55;7
0.001891;26.62;7
0.001891;26.84;7
0.001891;26.83;7
0.001891;26.64;7
0.001892;26.59;7
0.001891;26.72;7
0.001891;26.67;7
0.001891;26.69;7
0.001891;26.81;7
0.001892;26.80;7
0.001891;26.65;7
0.001891;26.68;7
0.001891;26.68;7
0.001891;26.73;7
0.001891;26.80;7
0.001891;26.79;7
0.001891;26.83;7
0.001891;26.82;7
0.002102;26.72;8
0.002096;26.52;8
0.002100;26.52;8
0.002099;26.66;8
0.002095;26.71;8
0.002095;26.74;8
0.002094;26.64;8
0.002093;26.67;8
0.002092;26.73;8
0.002092;26.58;8
0.002091;26.51;8
0.002091;26.56;8
0.002090;26.52;8
0.002091;26.80;8
0.002094;26.80;8
0.002092;26.65;8
0.002091;26.69;8
0.002090;26.64;8
0.002090;26.63;8
0.002090;26.65;8
0.002090;26.61;8
0.002090;26.82;8
0.002090;26.75;8
0.002090;26.65;8
0.002091;26.79;8
0.002092;27.77;8
0.002094;26.83;8
0.002096;26.81;8
0.002094;26.73;8
0.002093;26.78;8
0.002095;26.59;8
0.002092;26.66;8
0.002091;26.83;8
0.002091;26.78;8
0.002091;26.69;8
0.002090;26.65;8
0.002090;26.70;8
0.002089;26.71;8
0.002090;26.75;8
0.002093;26.72;8
0.002091;26.83;8
0.002089;26.82;8
0.002089;26.82;8
0.002089;26.79;8
0.002089;26.76;8
0.002090;26.79;8
0.002091;26.70;8
0.002090;26.70;8
0.002090;26.73;8
0.002089;26.77;8
0.001898;26.83;8
0.001897;26.71;8
0.001897;26.58;8
0.001897;26.74;8
0.001897;26.75;8
0.001897;26.67;8
0.001897;26.54;8
0.001897;26.83;8
0.001897;26.72;8
0.001897;26.76;8
0.001897;26.76;8
0.001897;26.60;8
0.001897;26.58;8
0.001897;26.67;8
0.001897;26.69;8
0.001897;26.68;8
0.001897;26.69;8
0.001897;26.79;8
0.001897;26.61;8
0.001897;26.72;8
0.001897;26.69;8
0.001897;26.75;8
0.001897;26.67;8
0.001897;26.75;8
0.001896;26.71;8
0.001897;26.74;8
0.001896;26.69;8
0.001896;26.78;8
0.001896;26.77;8
0.001896;26.68;8
0.001896;26.84;8
0.001896;26.73;8
0.001896;26.77;8
0.001896;26.64;8
0.001896;26.82;8
0.001896;26.88;8
0.001896;26.77;8
0.001896;26.72;8
0.001896;26.85;8
0.001896;26.87;8
0.001896;26.84;8
0.001896;26.84;8
0.001896;26.89;8
0.001896;26.83;8
0.001896;26.88;8
0.001896;26.86;8
0.001896;26.77;8
0.001896;26.85;8
0.001896;26.74;8
0.001896;27.08;8
0.002125;26.68;9
0.002109;26.69;9
0.002108;26.74;9
0.002121;26.56;9
0.002111;26.59;9
0.002109;26.51;9
0.002108;26.65;9
0.002107;26.55;9
0.002107;26.58;9
0.002106;26.60;9
0.002107;26.51;9
0.002108;26.53;9
0.002111;26.65;9
0.002109;26.60;9
0.002107;26.67;9
0.002106;26.64;9
0.002107;26.58;9
0.002120;26.69;9
0.002108;26.67;9
0.002106;26.62;9
0.002107;26.55;9
0.002109;26.73;9
0.002110;26.63;9
0.002108;26.65;9
0.002107;26.63;9
0.002107;26.60;9
0.002106;26.58;9
0.002107;26.73;9
0.002107;26.61;9
0.002108;26.69;9
0.002110;26.78;9
0.002110;26.68;9
0.002108;26.67;9
0.002107;26.70;9
0.002107;26.70;9
0.002106;26.79;9
0.002105;26.80;9
0.002105;26.59;9
0.002121;26.69;9
0.002107;26.66;9
0.002106;26.75;9
0.002108;26.73;9
0.002113;26.74;9
0.002117;26.73;9
0.002115;26.78;9
0.002115;26.71;9
0.002116;26.69;9
0.002115;26.79;9
0.002114;26.66;9
0.002113;26.70;9
0.001896;26.76;9
0.001895;26.76;9
0.001895;26.62;9
0.001895;26.62;9
0.001895;26.68;9
0.001895;26.62;9
0.001895;26.71;9
0.001895;27.14;9
0.001895;26.54;9
0.001895;27.11;9
0.001895;26.65;9
0.001895;26.94;9
0.001895;26.86;9
0.001895;26.70;9
0.001895;27.28;9
0.001895;26.57;9
0.001895;27.42;9
0.001895;26.84;9
0.001895;26.75;9
0.001894;26.72;9
0.001895;26.75;9
0.001894;26.65;9
0.001894;26.67;9
0.001894;26.80;9
0.001895;26.81;9
0.001895;26.87;9
0.001895;26.66;9
0.001894;26.78;9
0.001895;26.80;9
0.001895;26.68;9
0.001894;26.57;9
0.001895;26.77;9
0.001894;26.69;9
0.001895;26.83;9
0.001894;26.99;9
0.001894;26.68;9
0.001894;26.76;9
0.001894;26.67;9
0.001894;26.81;9
0.001894;26.70;9
0.001894;26.62;9
0.001894;26.79;9
0.001894;26.68;9
0.001893;26.68;9
0.001894;26.59;9
0.001894;26.59;9
0.001894;26.66;9
0.001894;26.76;9
0.001893;26.78;9
0.001893;26.64;9
0.002189;26.93;10
0.002145;26.91;10
0.002147;26.82;10
0.002148;26.84;10
0.002144;26.85;10
0.002144;26.86;10
0.002142;26.90;10
0.002139;26.78;10
0.002137;26.88;10
0.002135;26.78;10
0.002132;26.97;10
0.002129;26.84;10
0.002127;26.86;10
0.002126;26.80;10
0.002123;26.86;10
0.002119;26.88;10
0.002116;26.89;10
0.002131;26.78;10
0.002176;26.88;10
0.002132;26.89;10
0.002129;26.85;10
0.002132;26.88;10
0.002134;26.81;10
0.002132;26.90;10
0.002130;27.00;10
0.002128;26.85;10
0.002127;26.80;10
0.002127;26.88;10
0.002127;26.87;10
0.002130;26.86;10
0.002130;26.88;10
0.002129;26.80;10
0.002126;27.10;10
0.002123;27.02;10
0.002121;26.87;10
0.002124;27.00;10
0.002138;26.93;10
0.002123;26.92;10
0.002118;27.02;10
0.002116;26.95;10
0.002116;27.00;10
0.002119;26.87;10
0.002124;26.90;10
0.002122;26.87;10
0.002120;26.94;10
0.002120;26.92;10
0.002120;26.88;10
0.002120;26.88;10
0.002119;26.94;10
0.002118;26.96;10
0.001914;26.66;10
0.001914;26.45;10
0.001914;26.60;10
0.001914;26.63;10
0.001913;26.73;10
0.001913;26.79;10
0.001913;26.76;10
0.001913;26.62;10
0.001913;26.60;10
0.001917;26.67;10
0.001913;26.61;10
0.001913;26.58;10
0.001913;26.62;10
0.001913;26.75;10
0.001913;26.64;10
0.001913;26.58;10
0.001913;26.57;10
0.001926;26.68;10
0.001912;26.75;10
0.001912;26.72;10
0.001912;26.66;10
0.001913;26.62;10
0.001912;26.56;10
0.001913;26.69;10
0.001912;26.82;10
0.001912;26.66;10
0.001912;26.67;10
0.001912;26.62;10
0.001914;26.66;10
0.001912;26.91;10
0.001912;26.80;10
0.001912;26.78;10
0.001912;26.61;10
0.001912;26.73;10
0.001913;26.79;10
0.001912;26.72;10
0.001912;26.66;10
0.001912;26.72;10
0.001912;26.83;10
0.001912;26.73;10
0.001913;26.64;10
0.001912;26.67;10
0.001912;26.75;10
0.001912;26.65;10
0.001912;27.06;10
0.001912;26.89;10
0.001913;26.96;10
0.001911;26.93;10
0.001911;26.99;10
0.001911;27.03;10
0.002199;26.79;11
0.002170;26.67;11
0.002173;26.85;11
0.002163;26.73;11
0.002162;26.81;11
0.002163;26.68;11
0.002165;26.72;11
0.002168;26.78;11
0.002177;26.57;11
0.002167;26.72;11
0.002174;26.70;11
0.002169;26.62;11
0.002174;26.62;11
0.002170;26.63;11
0.002164;26.68;11
0.002169;26.53;11
0.002167;27.33;11
0.002163;26.67;11
0.002171;27.18;11
0.002169;26.66;11
0.002162;26.98;11
0.002162;27.16;11
0.002171;26.68;11
0.002175;27.12;11
0.002159;26.65;11
0.002160;27.11;11
0.002164;26.70;11
0.002167;26.80;11
0.002175;26.75;11
0.002160;26.73;11
0.002161;26.66;11
0.002161;26.73;11
0.002160;26.65;11
0.002162;26.63;11
0.002164;26.80;11
0.002177;26.75;11
0.002171;26.68;11
0.002160;26.75;11
0.002161;26.73;11
0.002161;26.68;11
0.002163;26.64;11
0.002166;26.69;11
0.002168;26.65;11
0.002162;26.76;11
0.002161;26.88;11
0.002161;26.78;11
0.002161;26.86;11
0.002164;26.81;11
0.002164;26.75;11
0.002162;26.69;11
0.001936;26.79;11
0.001935;26.78;11
0.001934;26.79;11
0.001934;26.82;11
0.001935;26.80;11
0.001934;26.71;11
0.001933;26.67;11
0.001934;26.74;11
0.001933;26.67;11
0.001934;26.69;11
0.001933;26.75;11
0.001933;26.78;11
0.001933;26.74;11
0.001933;26.76;11
0.001933;26.70;11
0.001932;26.83;11
0.001932;26.92;11
0.001932;26.78;11
0.001932;26.76;11
0.001932;26.67;11
0.001932;26.79;11
0.001932;26.74;11
0.001932;26.91;11
0.001932;26.67;11
0.001932;26.79;11
0.001932;26.83;11
0.001932;26.81;11
0.001931;26.85;11
0.001931;26.77;11
0.001932;26.70;11
0.001931;26.70;11
0.001931;26.72;11
0.001931;26.99;11
0.001931;26.85;11
0.001931;26.79;11
0.001931;26.84;11
0.001931;26.54;11
0.001931;26.74;11
0.001931;26.85;11
0.001931;26.67;11
0.001931;26.73;11
0.001931;26.67;11
0.001931;26.67;11
0.001930;26.64;11
0.001931;26.67;11
0.001930;26.61;11
0.001930;26.94;11
0.001930;26.70;11
0.001931;26.76;11
0.001930;26.67;11
0.002294;26.96;12
0.002284;26.72;12
0.002335;26.80;12
0.002359;26.79;12
0.002345;26.86;12
0.002346;26.77;12
0.002333;26.71;12
0.002333;26.74;12
0.002328;26.79;12
0.002325;26.87;12
0.002326;26.88;12
0.002310;26.78;12
0.002309;26.90;12
0.002291;26.92;12
0.002283;26.87;12
0.002276;26.77;12
0.002256;26.80;12
0.002249;26.81;12
0.002245;26.74;12
0.002238;26.89;12
0.002232;26.75;12
0.002225;26.81;12
0.002222;26.79;12
0.002217;26.76;12
0.002215;26.65;12
0.002214;26.61;12
0.002215;26.72;12
0.002210;26.97;12
0.002216;26.67;12
0.002206;26.68;12
0.002211;26.71;12
0.002208;26.69;12
0.002206;26.86;12
0.002204;26.77;12
0.002221;26.75;12
0.002204;26.72;12
0.002221;26.77;12
0.002210;26.82;12
0.002204;26.73;12
0.002209;26.75;12
0.002207;26.84;12
0.002206;26.79;12
0.002218;26.83;12
0.002205;26.83;12
0.002211;26.81;12
0.002206;26.84;12
0.002204;26.77;12
0.002209;26.75;12
0.002220;26.72;12
0.002204;26.90;12
0.001976;26.65;12
0.001974;26.55;12
0.001973;26.66;12
0.001972;26.63;12
0.001971;26.70;12
0.001971;26.46;12
0.001970;26.49;12
0.001970;26.60;12
0.001969;26.60;12
0.001969;26.49;12
0.001969;26.44;12
0.001968;26.56;12
0.001968;26.63;12
0.001968;26.60;12
0.001968;26.52;12
0.001967;26.53;12
0.001967;26.61;12
0.001967;26.59;12
0.001967;26.61;12
0.001967;26.59;12
0.001966;26.57;12
0.001966;26.61;12
0.001966;26.61;12
0.001966;26.66;12
0.001966;26.73;12
0.001966;26.67;12
0.001965;26.59;12
0.001965;26.53;12
0.001965;26.62;12
0.001965;26.62;12
0.001965;26.53;12
0.001965;26.70;12
0.001965;26.54;12
0.001965;26.53;12
0.001964;26.59;12
0.001964;26.54;12
0.001964;26.65;12
0.001964;26.60;12
0.001964;26.61;12
0.001964;26.75;12
0.001964;26.52;12
0.001964;26.62;12
0.001964;26.63;12
0.001964;26.60;12
0.001963;26.59;12
0.001963;26.59;12
0.001963;26.59;12
0.001963;26.63;12
0.001963;26.60;12
0.001963;26.62;12
0.002601;27.10;13
0.002568;26.81;13
0.002540;27.00;13
0.002527;26.83;13
0.002480;26.85;13
0.002467;26.94;13
0.002433;26.96;13
0.002401;26.87;13
0.002394;27.00;13
0.002388;26.90;13
0.002374;26.93;13
0.002377;26.94;13
0.002371;26.98;13
0.002375;26.95;13
0.002370;26.96;13
0.002357;26.96;13
0.002362;27.02;13
0.002354;26.99;13
0.002352;27.00;13
0.002345;27.07;13
0.002343;27.15;13
0.002342;26.95;13
0.002339;26.96;13
0.002335;26.95;13
0.002332;27.01;13
0.002334;27.07;13
0.002332;27.08;13
0.002329;26.97;13
0.002326;27.04;13
0.002320;27.08;13
0.002320;27.00;13
0.002321;26.95;13
0.002313;27.01;13
0.002306;27.18;13
0.002308;27.09;13
0.002305;27.03;13
0.002307;28.13;13
0.002302;27.12;13
0.002301;27.11;13
0.002309;27.13;13
0.002304;27.19;13
0.002305;27.10;13
0.002297;27.27;13
0.002320;27.12;13
0.002295;27.13;13
0.002297;27.24;13
0.002296;27.08;13
0.002294;27.12;13
0.002306;27.28;13
0.002298;27.15;13
0.002057;26.70;13
0.002054;26.56;13
0.002053;26.68;13
0.002051;26.64;13
0.002048;26.75;13
0.002047;26.76;13
0.002047;26.68;13
0.002045;26.67;13
0.002044;26.69;13
0.002044;26.76;13
0.002043;26.74;13
0.002043;26.64;13
0.002042;26.67;13
0.002042;26.60;13
0.002041;26.66;13
0.002040;26.64;13
0.002040;26.60;13
0.002040;26.65;13
0.002039;26.71;13
0.002040;26.79;13
0.002039;26.70;13
0.002039;26.66;13
0.002039;26.70;13
0.002038;26.71;13
0.002038;26.74;13
0.002037;26.68;13
0.002038;26.64;13
0.002036;26.66;13
0.002036;26.61;13
0.002036;26.71;13
0.002036;26.74;13
0.002035;26.69;13
0.002036;26.83;13
0.002035;26.74;13
0.002035;26.75;13
0.002035;26.70;13
0.002034;26.70;13
0.002034;26.71;13
0.002034;26.74;13
0.002034;26.94;13
0.002035;26.83;13
0.002033;26.79;13
0.002033;26.64;13
0.002033;26.64;13
0.002033;26.57;13
0.002033;26.64;13
0.002032;26.57;13
0.002032;26.66;13
0.002032;26.59;13
0.002033;26.64;13
0.003476;26.82;14
0.002628;26.68;14
0.002637;26.72;14
0.002605;26.61;14
0.002599;26.58;14
0.002583;26.63;14
0.002586;26.76;14
0.002612;26.64;14
0.002587;26.55;14
0.002569;26.63;14
0.002603;26.65;14
0.002579;26.78;14
0.002573;26.66;14
0.002562;26.58;14
0.002542;26.71;14
0.002526;26.70;14
0.002525;26.64;14
0.002510;26.61;14
0.002502;26.59;14
0.002496;26.65;14
0.002486;26.74;14
0.002473;26.71;14
0.002473;26.67;14
0.002460;26.67;14
0.002468;26.71;14
0.002474;26.70;14
0.002448;26.68;14
0.002455;26.64;14
0.002455;26.54;14
0.002453;26.60;14
0.002445;26.64;14
0.002444;26.62;14
0.002451;26.69;14
0.002440;26.65;14
0.002441;26.75;14
0.002448;26.69;14
0.002434;26.69;14
0.002436;26.61;14
0.002437;26.66;14
0.002435;26.77;14
0.002429;26.70;14
0.002431;26.73;14
0.002444;26.70;14
0.002435;26.64;14
0.002420;26.76;14
0.002431;26.73;14
0.002433;26.71;14
0.002423;26.75;14
0.002427;26.79;14
0.002427;26.81;14
0.002147;26.71;14
0.002143;26.48;14
0.002143;26.50;14
0.002138;26.50;14
0.002136;26.60;14
0.002135;26.50;14
0.002135;26.59;14
0.002135;26.58;14
0.002132;26.77;14
0.002132;26.75;14
0.002131;26.67;14
0.002130;26.78;14
0.002129;26.60;14
0.002129;26.67;14
0.002128;26.66;14
0.002127;26.80;14
0.002127;26.78;14
0.002127;26.75;14
0.002126;26.64;14
0.002125;26.89;14
0.002125;26.76;14
0.002126;26.67;14
0.002124;26.78;14
0.002124;26.78;14
0.002123;26.70;14
0.002122;26.63;14
0.002122;26.71;14
0.002122;26.87;14
0.002123;26.73;14
0.002122;26.93;14
0.002121;26.70;14
0.002121;26.80;14
0.002121;26.92;14
0.002120;26.80;14
0.002119;26.75;14
0.002120;26.85;14
0.002119;26.84;14
0.002119;26.82;14
0.002119;26.78;14
0.002118;26.77;14
0.002118;26.75;14
0.002118;26.86;14
0.002118;26.85;14
0.002117;26.78;14
0.002117;26.70;14
0.002116;26.75;14
0.002116;26.82;14
0.002116;26.75;14
0.002116;26.77;14
0.002116;26.75;14
0.002775;26.63;15
0.002659;26.52;15
0.002624;26.56;15
0.002611;26.53;15
0.002600;26.56;15
0.002592;26.50;15
0.002589;26.44;15
0.002583;26.56;15
0.002582;26.45;15
0.002578;26.57;15
0.002576;26.54;15
0.002572;26.59;15
0.002568;26.45;15
0.002565;26.53;15
0.002560;26.57;15
0.002559;26.66;15
0.002556;26.67;15
0.002550;26.61;15
0.002544;26.65;15
0.002543;26.61;15
0.002542;26.54;15
0.002556;26.48;15
0.002527;26.51;15
0.002524;26.60;15
0.002549;26.62;15
0.002520;26.60;15
0.002517;26.58;15
0.002518;26.60;15
0.002526;26.62;15
0.002547;26.66;15
0.002514;26.64;15
0.002514;26.63;15
0.002514;26.63;15
0.002514;26.64;15
0.002539;26.68;15
0.002508;26.67;15
0.002507;26.57;15
0.002507;26.54;15
0.002508;26.61;15
0.002513;26.66;15
0.002539;26.53;15
0.002504;26.64;15
0.002508;26.62;15
0.002504;26.61;15
0.002506;26.61;15
0.002505;26.62;15
0.002505;26.60;15
0.002504;26.58;15
0.002503;26.65;15
0.002540;26.68;15
0.002253;26.70;15
0.002247;26.56;15
0.002244;26.65;15
0.002242;26.55;15
0.002241;26.67;15
0.002239;26.60;15
0.002238;26.55;15
0.002237;26.57;15
0.002236;26.61;15
0.002235;26.54;15
0.002234;26.67;15
0.002233;26.54;15
0.002232;26.66;15
0.002232;26.63;15
0.002231;26.60;15
0.002230;26.57;15
0.002230;26.51;15
0.002229;26.57;15
0.002228;26.52;15
0.002228;26.53;15
0.002227;26.57;15
0.002227;26.51;15
0.002226;26.60;15
0.002226;26.55;15
0.002226;26.60;15
0.002225;26.57;15
0.002225;26.66;15
0.002224;26.62;15
0.002224;26.53;15
0.002223;26.54;15
0.002223;26.62;15
0.002223;26.61;15
0.002222;26.58;15
0.002222;26.65;15
0.002221;26.64;15
0.002221;26.59;15
0.002221;26.68;15
0.002220;26.59;15
0.002220;26.68;15
0.002220;26.71;15
0.002220;26.54;15
0.002219;26.57;15
0.002219;26.56;15
0.002219;26.63;15
0.002218;26.54;15
0.002218;26.61;15
0.002218;26.65;15
0.002217;26.57;15
0.002217;26.57;15
0.002217;26.61;15
0.002868;27.00;16
0.002878;26.96;16
0.002879;26.90;16
0.002881;27.16;16
0.002895;26.95;16
0.002898;26.84;16
0.002887;26.80;16
0.002873;26.93;16
0.002857;26.79;16
0.002839;26.84;16
0.002832;26.94;16
0.002817;26.94;16
0.002803;26.88;16
0.002786;26.91;16
0.002781;26.90;16
0.002775;26.95;16
0.002768;26.87;16
0.002757;26.85;16
0.002751;26.82;16
0.002754;26.91;16
0.002754;26.99;16
0.002746;27.01;16
0.002755;26.81;16
0.002742;26.92;16
0.002754;27.06;16
0.002750;27.00;16
0.002751;26.95;16
0.002753;27.09;16
0.002741;26.96;16
0.002748;27.03;16
0.002740;27.00;16
0.002754;26.96;16
0.002735;26.92;16
0.002730;26.97;16
0.002733;27.07;16
0.002722;26.91;16
0.002731;27.01;16
0.002729;26.82;16
0.002733;26.90;16
0.002725;26.91;16
0.002720;26.90;16
0.002708;26.94;16
0.002728;26.90;16
0.002745;26.92;16
0.002740;26.99;16
0.002725;27.06;16
0.002720;27.05;16
0.002713;27.04;16
0.002705;27.13;16
0.002717;27.38;16
0.002427;26.91;16
0.002418;27.37;16
0.002413;26.87;16
0.002410;27.36;16
0.002407;26.92;16
0.002404;27.16;16
0.002402;27.10;16
0.002401;26.93;16
0.002399;27.37;16
0.002397;26.93;16
0.002396;26.92;16
0.002395;26.87;16
0.002393;26.93;16
0.002392;26.86;16
0.002391;26.93;16
0.002390;26.89;16
0.002389;26.88;16
0.002389;26.98;16
0.002387;26.89;16
0.002387;26.93;16
0.002385;26.88;16
0.002385;26.96;16
0.002384;27.02;16
0.002383;26.90;16
0.002382;27.03;16
0.002382;26.95;16
0.002381;27.08;16
0.002380;27.07;16
0.002380;26.97;16
0.002379;27.05;16
0.002378;26.91;16
0.002378;27.06;16
0.002378;26.95;16
0.002377;27.05;16
0.002376;26.95;16
0.002375;26.99;16
0.002376;26.94;16
0.002374;26.94;16
0.002374;26.92;16
0.002374;26.97;16
0.002373;27.04;16
0.002372;26.98;16
0.002372;27.06;16
0.002371;26.97;16
0.002371;26.92;16
0.002370;27.14;16
0.002370;27.05;16
0.002369;27.01;16
0.002369;27.02;16
0.002369;27.03;16
0.007003;27.02;17
0.005417;26.90;17
0.005473;27.06;17
0.005299;26.99;17
0.005416;27.00;17
0.005466;26.96;17
0.005433;27.01;17
0.005541;27.08;17
0.005609;27.01;17
0.005557;27.02;17
0.005591;27.06;17
0.005692;26.98;17
0.005593;26.98;17
0.005636;27.03;17
0.005735;27.06;17
0.005736;26.99;17
0.005790;27.03;17
0.005814;27.06;17
0.005964;27.02;17
0.005871;26.79;17
0.005858;26.78;17
0.005868;26.72;17
0.005873;26.87;17
0.005940;26.75;17
0.006016;26.84;17
0.005983;26.70;17
0.006007;26.72;17
0.005977;26.80;17
0.005947;26.80;17
0.005969;26.77;17
0.005961;26.79;17
0.005953;26.80;17
0.005892;26.79;17
0.005950;26.85;17
0.006022;26.83;17
0.006037;26.83;17
0.006013;27.16;17
0.006001;26.74;17
0.005952;26.78;17
0.005963;26.86;17
0.005900;26.85;17
0.005930;26.83;17
0.005923;26.86;17
0.005977;26.82;17
0.005988;26.89;17
0.005955;26.99;17
0.005899;26.84;17
0.005937;26.81;17
0.005942;26.73;17
0.005952;26.78;17
0.002692;27.05;17
0.002677;27.09;17
0.002669;26.94;17
0.002663;26.86;17
0.002657;26.87;17
0.002653;26.86;17
0.002649;26.86;17
0.002646;26.84;17
0.002643;27.03;17
0.002640;26.86;17
0.002637;26.81;17
0.002635;26.94;17
0.002633;27.05;17
0.002631;26.82;17
0.002629;26.75;17
0.002627;26.79;17
0.002625;26.82;17
0.002623;26.88;17
0.002622;26.68;17
0.002621;26.84;17
0.002619;26.77;17
0.002618;26.81;17
0.002616;26.78;17
0.002615;26.76;17
0.002614;26.79;17
0.002612;26.73;17
0.002611;26.75;17
0.002610;26.73;17
0.002609;26.76;17
0.002608;26.59;17
0.002607;26.68;17
0.002606;26.76;17
0.002605;26.72;17
0.002604;26.84;17
0.002603;26.77;17
0.002602;26.81;17
0.002601;26.93;17
0.002600;26.75;17
0.002599;26.76;17
0.002599;26.77;17
0.002597;26.70;17
0.002596;26.79;17
0.002596;26.79;17
0.002594;26.73;17
0.002594;26.75;17
0.002593;26.78;17
0.002592;26.77;17
0.002591;26.77;17
0.002590;26.75;17
0.002590;26.82;17
0.014193;26.86;18
0.011870;26.85;18
0.011322;26.82;18
0.011032;26.89;18
0.010695;26.83;18
0.010785;26.81;18
0.010636;26.78;18
0.010811;26.74;18
0.010876;26.72;18
0.010902;26.87;18
0.011203;26.81;18
0.011356;26.86;18
0.011326;26.94;18
0.011324;26.75;18
0.011313;26.80;18
0.011093;26.74;18
0.011225;26.79;18
0.011077;26.97;18
0.011240;26.87;18
0.011369;26.94;18
0.011343;26.85;18
0.011569;26.75;18
0.011156;26.82;18
0.011187;26.79;18
0.011472;26.86;18
0.011786;26.86;18
0.011716;26.88;18
0.011802;26.76;18
0.011896;26.93;18
0.011909;26.83;18
0.012025;26.86;18
0.012050;26.80;18
0.012219;26.89;18
0.012277;26.80;18
0.012160;26.90;18
0.011922;26.85;18
0.012372;26.87;18
0.012296;26.85;18
0.012402;26.83;18
0.012485;26.93;18
0.012638;26.88;18
0.012698;26.85;18
0.012733;26.88;18
0.012767;26.81;18
0.012512;26.87;18
0.012745;26.88;18
0.012867;26.91;18
0.012871;26.89;18
0.012871;26.81;18
0.012942;26.83;18
0.002952;26.50;18
0.002928;26.58;18
0.002914;26.56;18
0.002905;26.48;18
0.002897;26.52;18
0.002891;26.56;18
0.002887;26.65;18
0.002882;26.57;18
0.002877;26.53;18
0.002874;26.58;18
0.002870;26.52;18
0.002867;26.56;18
0.002863;26.58;18
0.002861;26.56;18
0.002858;26.54;18
0.002856;26.53;18
0.002853;26.57;18
0.002851;26.54;18
0.002849;26.52;18
0.002847;26.81;18
0.002845;26.58;18
0.002843;26.51;18
0.002841;26.61;18
0.002840;26.57;18
0.002838;26.62;18
0.002837;26.51;18
0.002835;26.54;18
0.002833;26.66;18
0.002832;26.58;18
0.002831;26.60;18
0.002829;26.57;18
0.002828;26.62;18
0.002826;26.60;18
0.002825;26.56;18
0.002823;26.67;18
0.002823;26.69;18
0.002821;26.68;18
0.002820;26.53;18
0.002819;26.57;18
0.002817;26.67;18
0.002817;26.63;18
0.002816;26.62;18
0.002814;26.61;18
0.002813;26.62;18
0.002813;26.59;18
0.002812;26.66;18
0.002810;26.66;18
0.002809;26.61;18
0.002808;26.57;18
0.002807;26.74;18
0.054366;26.96;19
0.044648;26.81;19
0.041037;26.87;19
0.040484;26.74;19
0.036915;26.60;19
0.036050;26.80;19
0.031714;26.75;19
0.030501;26.70;19
0.028408;26.79;19
0.024807;26.61;19
0.021851;26.63;19
0.019939;26.79;19
0.017074;26.75;19
0.015441;26.97;19
0.013180;26.68;19
0.012411;26.76;19
0.010999;26.80;19
0.010730;26.67;19
0.010958;26.75;19
0.011278;26.73;19
0.011348;26.72;19
0.011068;26.71;19
0.011620;26.69;19
0.012402;26.71;19
0.012919;26.88;19
0.013048;26.83;19
0.012988;26.67;19
0.013138;26.72;19
0.012042;26.60;19
0.012753;26.79;19
0.011775;26.81;19
0.012277;26.74;19
0.011656;26.75;19
0.012533;26.70;19
0.011839;26.90;19
0.012034;26.75;19
0.011754;26.89;19
0.012482;26.86;19
0.012062;26.73;19
0.011727;26.75;19
0.011889;26.71;19
0.011770;26.81;19
0.010512;26.69;19
0.010787;26.89;19
0.011099;26.95;19
0.011902;26.87;19
0.010788;26.83;19
0.010841;26.73;19
0.011436;26.72;19
0.010481;26.88;19
0.003370;26.66;19
0.003316;26.57;19
0.003286;26.66;19
0.003267;26.63;19
0.003250;26.68;19
0.003239;26.70;19
0.003228;26.69;19
0.003220;26.74;19
0.003212;26.80;19
0.003206;26.75;19
0.003199;26.81;19
0.003193;26.63;19
0.003189;26.61;19
0.003184;26.59;19
0.003180;26.62;19
0.003174;26.65;19
0.003171;26.58;19
0.003167;26.70;19
0.003163;26.63;19
0.003159;26.62;19
0.003159;26.67;19
0.003152;26.60;19
0.003150;26.61;19
0.003147;26.62;19
0.003146;26.71;19
0.003142;26.63;19
0.003141;26.70;19
0.003141;26.63;19
0.003137;26.73;19
0.003134;26.67;19
0.003133;26.72;19
0.003131;26.75;19
0.003131;26.61;19
0.003129;26.67;19
0.003121;26.64;19
0.003119;26.73;19
0.003119;26.88;19
0.003117;26.79;19
0.003116;26.80;19
0.003113;26.78;19
0.003111;26.72;19
0.003109;26.79;19
0.003111;26.72;19
0.003107;26.77;19
0.003107;26.63;19
0.003104;26.73;19
0.003101;26.67;19
0.003099;26.72;19
0.003098;26.57;19
0.003098;26.72;19
